   0.0000000000  -0.0000000000  -1.0000000000   0.0000000000   0.0000000000
   0.0250000000   0.0000000000  -0.9998244340   0.0000000000   0.0140452792
   0.0500000000  -0.0000000000  -0.9992985953  -0.0000000000   0.0280218211
   0.0750000000  -0.0000000000  -0.9984250539  -0.0000000000   0.0418614844
   0.1000000000  -0.0000000000  -0.9972080690  -0.0000000000   0.0554973115
   0.1250000000  -0.0000000000  -0.9956535513  -0.0000000000   0.0688641010
   0.1500000000  -0.0000000000  -0.9937690131  -0.0000000000   0.0818989572
   0.1750000000  -0.0000000000  -0.9915635035  -0.0000000000   0.0945418091
   0.2000000000  -0.0000000000  -0.9890475322  -0.0000000000   0.1067358934
   0.2250000000  -0.0000000000  -0.9862329811  -0.0000000000   0.1184281949
   0.2500000000  -0.0000000000  -0.9831330057  -0.0000000000   0.1295698405
   0.2750000000  -0.0000000000  -0.9797619272  -0.0000000000   0.1401164403
   0.3000000000  -0.0000000000  -0.9761351170  -0.0000000000   0.1500283762
   0.3250000000  -0.0000000000  -0.9722688744  -0.0000000000   0.1592710315
   0.3500000000  -0.0000000000  -0.9681802994  -0.0000000000   0.1678149638
   0.3750000000  -0.0000000000  -0.9638871622  -0.0000000000   0.1756360187
   0.4000000000  -0.0000000000  -0.9594077696  -0.0000000000   0.1827153849
   0.4250000000  -0.0000000000  -0.9547608324  -0.0000000000   0.1890395930
   0.4500000000  -0.0000000000  -0.9499653317  -0.0000000000   0.1946004598
   0.4750000000  -0.0000000000  -0.9450403887  -0.0000000000   0.1993949796
   0.5000000000  -0.0000000000  -0.9400051369  -0.0000000000   0.2034251686
   0.5250000000  -0.0000000000  -0.9348785990  -0.0000000000   0.2066978637
   0.5500000000  -0.0000000000  -0.9296795697  -0.0000000000   0.2092244823
   0.5750000000  -0.0000000000  -0.9244265043  -0.0000000000   0.2110207462
   0.6000000000  -0.0000000000  -0.9191374153  -0.0000000000   0.2121063767
   0.6250000000  -0.0000000000  -0.9138297760  -0.0000000000   0.2125047630
   0.6500000000  -0.0000000000  -0.9085204338  -0.0000000000   0.2122426127
   0.6750000000  -0.0000000000  -0.9032255313  -0.0000000000   0.2113495869
   0.7000000000  -0.0000000000  -0.8979604374  -0.0000000000   0.2098579257
   0.7250000000  -0.0000000000  -0.8927396875  -0.0000000000   0.2078020697
   0.7500000000  -0.0000000000  -0.8875769331  -0.0000000000   0.2052182808
   0.7750000000  -0.0000000000  -0.8824849012  -0.0000000000   0.2021442679
   0.8000000000  -0.0000000000  -0.8774753626  -0.0000000000   0.1986188204
   0.8250000000  -0.0000000000  -0.8725591092  -0.0000000000   0.1946814532
   0.8500000000  -0.0000000000  -0.8677459402  -0.0000000000   0.1903720670
   0.8750000000  -0.0000000000  -0.8630446566  -0.0000000000   0.1857306256
   0.9000000000  -0.0000000000  -0.8584630631  -0.0000000000   0.1807968539
   0.9250000000  -0.0000000000  -0.8540079779  -0.0000000000   0.1756099565
   0.9500000000  -0.0000000000  -0.8496852490  -0.0000000000   0.1702083600
   0.9750000000  -0.0000000000  -0.8454997760  -0.0000000000   0.1646294800
   1.0000000000  -0.0000000000  -0.8414555386  -0.0000000000   0.1589095116
   1.0250000000  -0.0000000000  -0.8375556291  -0.0000000000   0.1530832466
   1.0500000000  -0.0000000000  -0.8338022896  -0.0000000000   0.1471839146
   1.0750000000  -0.0000000000  -0.8301969525  -0.0000000000   0.1412430500
   1.1000000000  -0.0000000000  -0.8267402846  -0.0000000000   0.1352903823
   1.1250000000  -0.0000000000  -0.8234322330  -0.0000000000   0.1293537507
   1.1500000000  -0.0000000000  -0.8202720731  -0.0000000000   0.1234590406
   1.1750000000  -0.0000000000  -0.8172584583  -0.0000000000   0.1176301414
   1.2000000000  -0.0000000000  -0.8143894700  -0.0000000000   0.1118889248
   1.2250000000  -0.0000000000  -0.8116626679  -0.0000000000   0.1062552407
   1.2500000000  -0.0000000000  -0.8090751408  -0.0000000000   0.1007469308
   1.2750000000  -0.0000000000  -0.8066235559  -0.0000000000   0.0953798575
   1.3000000000  -0.0000000000  -0.8043042084  -0.0000000000   0.0901679459
   1.3250000000  -0.0000000000  -0.8021130685  -0.0000000000   0.0851232393
   1.3500000000  -0.0000000000  -0.8000458285  -0.0000000000   0.0802559641
   1.3750000000  -0.0000000000  -0.7980979464  -0.0000000000   0.0755746047
   1.4000000000  -0.0000000000  -0.7962646890  -0.0000000000   0.0710859850
   1.4250000000  -0.0000000000  -0.7945411722  -0.0000000000   0.0667953571
   1.4500000000  -0.0000000000  -0.7929223991  -0.0000000000   0.0627064938
   1.4750000000  -0.0000000000  -0.7914032956  -0.0000000000   0.0588217855
   1.5000000000  -0.0000000000  -0.7899787441  -0.0000000000   0.0551423382
   1.5250000000  -0.0000000000  -0.7886436139  -0.0000000000   0.0516680737
   1.5500000000  -0.0000000000  -0.7873927901  -0.0000000000   0.0483978296
   1.5750000000  -0.0000000000  -0.7862211990  -0.0000000000   0.0453294585
   1.6000000000  -0.0000000000  -0.7851238317  -0.0000000000   0.0424599256
   1.6250000000  -0.0000000000  -0.7840957651  -0.0000000000   0.0397854042
   1.6500000000  -0.0000000000  -0.7831321805  -0.0000000000   0.0373013684
   1.6750000000  -0.0000000000  -0.7822283798  -0.0000000000   0.0350026823
   1.7000000000  -0.0000000000  -0.7813798002  -0.0000000000   0.0328836853
   1.7250000000  -0.0000000000  -0.7805820257  -0.0000000000   0.0309382736
   1.7500000000  -0.0000000000  -0.7798307976  -0.0000000000   0.0291599770
   1.7750000000  -0.0000000000  -0.7791220225  -0.0000000000   0.0275420309
   1.8000000000  -0.0000000000  -0.7784517791  -0.0000000000   0.0260774445
   1.8250000000  -0.0000000000  -0.7778163227  -0.0000000000   0.0247590629
   1.8500000000  -0.0000000000  -0.7772120891  -0.0000000000   0.0235796252
   1.8750000000  -0.0000000000  -0.7766356961  -0.0000000000   0.0225318178
   1.9000000000  -0.0000000000  -0.7760839443  -0.0000000000   0.0216083227
   1.9250000000  -0.0000000000  -0.7755538170  -0.0000000000   0.0208018612
   1.9500000000  -0.0000000000  -0.7750424783  -0.0000000000   0.0201052333
   1.9750000000  -0.0000000000  -0.7745472710  -0.0000000000   0.0195113529
   2.0000000000  -0.0000000000  -0.7740657131  -0.0000000000   0.0190132782
   2.0250000000  -0.0000000000  -0.7735954942  -0.0000000000   0.0186042393
   2.0500000000  -0.0000000000  -0.7731344704  -0.0000000000   0.0182776608
   2.0750000000  -0.0000000000  -0.7726806599  -0.0000000000   0.0180271817
   2.1000000000  -0.0000000000  -0.7722322367  -0.0000000000   0.0178466721
   2.1250000000  -0.0000000000  -0.7717875252  -0.0000000000   0.0177302461
   2.1500000000  -0.0000000000  -0.7713449937  -0.0000000000   0.0176722727
   2.1750000000  -0.0000000000  -0.7709032480  -0.0000000000   0.0176673834
   2.2000000000  -0.0000000000  -0.7704610248  -0.0000000000   0.0177104775
   2.2250000000  -0.0000000000  -0.7700171847  -0.0000000000   0.0177967260
   2.2500000000  -0.0000000000  -0.7695707060  -0.0000000000   0.0179215720
   2.2750000000  -0.0000000000  -0.7691206772  -0.0000000000   0.0180807309
   2.3000000000  -0.0000000000  -0.7686662907  -0.0000000000   0.0182701877
   2.3250000000  -0.0000000000  -0.7682068360  -0.0000000000   0.0184861935
   2.3500000000  -0.0000000000  -0.7677416928  -0.0000000000   0.0187252608
   2.3750000000  -0.0000000000  -0.7672703251  -0.0000000000   0.0189841570
   2.4000000000  -0.0000000000  -0.7667922744  -0.0000000000   0.0192598979
   2.4250000000  -0.0000000000  -0.7663071539  -0.0000000000   0.0195497395
   2.4500000000  -0.0000000000  -0.7658146426  -0.0000000000   0.0198511695
   2.4750000000  -0.0000000000  -0.7653144792  -0.0000000000   0.0201618981
   2.5000000000  -0.0000000000  -0.7648064574  -0.0000000000   0.0204798486
   2.5250000000  -0.0000000000  -0.7642904199  -0.0000000000   0.0208031472
   2.5500000000  -0.0000000000  -0.7637662542  -0.0000000000   0.0211301127
   2.5750000000  -0.0000000000  -0.7632338872  -0.0000000000   0.0214592461
   2.6000000000  -0.0000000000  -0.7626932814  -0.0000000000   0.0217892199
   2.6250000000  -0.0000000000  -0.7621444303  -0.0000000000   0.0221188678
   2.6500000000  -0.0000000000  -0.7615873548  -0.0000000000   0.0224471737
   2.6750000000  -0.0000000000  -0.7610220993  -0.0000000000   0.0227732614
   2.7000000000  -0.0000000000  -0.7604487287  -0.0000000000   0.0230963843
   2.7250000000  -0.0000000000  -0.7598673250  -0.0000000000   0.0234159152
   2.7500000000  -0.0000000000  -0.7592779844  -0.0000000000   0.0237313361
   2.7750000000  -0.0000000000  -0.7586808148  -0.0000000000   0.0240422290
   2.8000000000  -0.0000000000  -0.7580759336  -0.0000000000   0.0243482664
   2.8250000000  -0.0000000000  -0.7574634653  -0.0000000000   0.0246492021
   2.8500000000  -0.0000000000  -0.7568435394  -0.0000000000   0.0249448627
   2.8750000000  -0.0000000000  -0.7562162894  -0.0000000000   0.0252351396
   2.9000000000  -0.0000000000  -0.7555818504  -0.0000000000   0.0255199805
   2.9250000000  -0.0000000000  -0.7549403584  -0.0000000000   0.0257993828
   2.9500000000  -0.0000000000  -0.7542919488  -0.0000000000   0.0260733858
   2.9750000000  -0.0000000000  -0.7536367556  -0.0000000000   0.0263420647
   3.0000000000  -0.0000000000  -0.7529749108  -0.0000000000   0.0266055241
   3.0250000000  -0.0000000000  -0.7523065431  -0.0000000000   0.0268638924
   3.0500000000  -0.0000000000  -0.7516317780  -0.0000000000   0.0271173166
   3.0750000000  -0.0000000000  -0.7509507370  -0.0000000000   0.0273659573
   3.1000000000  -0.0000000000  -0.7502635378  -0.0000000000   0.0276099843
   3.1250000000  -0.0000000000  -0.7495702933  -0.0000000000   0.0278495728
   3.1500000000  -0.0000000000  -0.7488711124  -0.0000000000   0.0280848994
   3.1750000000  -0.0000000000  -0.7481660994  -0.0000000000   0.0283161394
   3.2000000000  -0.0000000000  -0.7474553544  -0.0000000000   0.0285434634
   3.2250000000  -0.0000000000  -0.7467389731  -0.0000000000   0.0287670351
   3.2500000000  -0.0000000000  -0.7460170476  -0.0000000000   0.0289870095
   3.2750000000  -0.0000000000  -0.7452896658  -0.0000000000   0.0292035303
   3.3000000000  -0.0000000000  -0.7445569126  -0.0000000000   0.0294167292
   3.3250000000  -0.0000000000  -0.7438188694  -0.0000000000   0.0296267243
   3.3500000000  -0.0000000000  -0.7430756151  -0.0000000000   0.0298336194
   3.3750000000  -0.0000000000  -0.7423272261  -0.0000000000   0.0300375032
   3.4000000000  -0.0000000000  -0.7415737767  -0.0000000000   0.0302384489
   3.4250000000  -0.0000000000  -0.7408153397  -0.0000000000   0.0304365141
   3.4500000000  -0.0000000000  -0.7400519865  -0.0000000000   0.0306317406
   3.4750000000  -0.0000000000  -0.7392837878  -0.0000000000   0.0308241551
   3.5000000000  -0.0000000000  -0.7385108137  -0.0000000000   0.0310137688
   3.5250000000  -0.0000000000  -0.7377331344  -0.0000000000   0.0312005786
   3.5500000000  -0.0000000000  -0.7369508201  -0.0000000000   0.0313845674
   3.5750000000  -0.0000000000  -0.7361639417  -0.0000000000   0.0315657047
   3.6000000000  -0.0000000000  -0.7353725710  -0.0000000000   0.0317439479
   3.6250000000  -0.0000000000  -0.7345767811  -0.0000000000   0.0319192427
   3.6500000000  -0.0000000000  -0.7337766465  -0.0000000000   0.0320915243
   3.6750000000  -0.0000000000  -0.7329722435  -0.0000000000   0.0322607188
   3.7000000000  -0.0000000000  -0.7321636502  -0.0000000000   0.0324267434
   3.7250000000  -0.0000000000  -0.7313509471  -0.0000000000   0.0325895085
   3.7500000000  -0.0000000000  -0.7305342167  -0.0000000000   0.0327489179
   3.7750000000  -0.0000000000  -0.7297135444  -0.0000000000   0.0329048708
   3.8000000000  -0.0000000000  -0.7288890177  -0.0000000000   0.0330572621
   3.8250000000  -0.0000000000  -0.7280607271  -0.0000000000   0.0332059839
   3.8500000000  -0.0000000000  -0.7272287658  -0.0000000000   0.0333509266
   3.8750000000  -0.0000000000  -0.7263932294  -0.0000000000   0.0334919799
   3.9000000000  -0.0000000000  -0.7255542168  -0.0000000000   0.0336290337
   3.9250000000  -0.0000000000  -0.7247118291  -0.0000000000   0.0337619790
   3.9500000000  -0.0000000000  -0.7238661705  -0.0000000000   0.0338907094
   3.9750000000  -0.0000000000  -0.7230173476  -0.0000000000   0.0340151209
   4.0000000000  -0.0000000000  -0.7221654697  -0.0000000000   0.0341351139
   4.0250000000  -0.0000000000  -0.7213106484  -0.0000000000   0.0342505930
   4.0500000000  -0.0000000000  -0.7204529976  -0.0000000000   0.0343614684
   4.0750000000  -0.0000000000  -0.7195926335  -0.0000000000   0.0344676560
   4.1000000000  -0.0000000000  -0.7187296744  -0.0000000000   0.0345690783
   4.1250000000  -0.0000000000  -0.7178642401  -0.0000000000   0.0346656650
   4.1500000000  -0.0000000000  -0.7169964523  -0.0000000000   0.0347573531
   4.1750000000  -0.0000000000  -0.7161264343  -0.0000000000   0.0348440875
   4.2000000000  -0.0000000000  -0.7152543105  -0.0000000000   0.0349258215
   4.2250000000  -0.0000000000  -0.7143802062  -0.0000000000   0.0350025166
   4.2500000000  -0.0000000000  -0.7135042480  -0.0000000000   0.0350741434
   4.2750000000  -0.0000000000  -0.7126265627  -0.0000000000   0.0351406811
   4.3000000000  -0.0000000000  -0.7117472777  -0.0000000000   0.0352021179
   4.3250000000  -0.0000000000  -0.7108665206  -0.0000000000   0.0352584511
   4.3500000000  -0.0000000000  -0.7099844189  -0.0000000000   0.0353096871
   4.3750000000  -0.0000000000  -0.7091010998  -0.0000000000   0.0353558412
   4.4000000000  -0.0000000000  -0.7082166900  -0.0000000000   0.0353969375
   4.4250000000  -0.0000000000  -0.7073313157  -0.0000000000   0.0354330091
   4.4500000000  -0.0000000000  -0.7064451019  -0.0000000000   0.0354640974
   4.4750000000  -0.0000000000  -0.7055581725  -0.0000000000   0.0354902526
   4.5000000000  -0.0000000000  -0.7046706502  -0.0000000000   0.0355115325
   4.5250000000  -0.0000000000  -0.7037826560  -0.0000000000   0.0355280031
   4.5500000000  -0.0000000000  -0.7028943092  -0.0000000000   0.0355397379
   4.5750000000  -0.0000000000  -0.7020057273  -0.0000000000   0.0355468176
   4.6000000000  -0.0000000000  -0.7011170254  -0.0000000000   0.0355493296
   4.6250000000  -0.0000000000  -0.7002283167  -0.0000000000   0.0355473680
   4.6500000000  -0.0000000000  -0.6993397117  -0.0000000000   0.0355410330
   4.6750000000  -0.0000000000  -0.6984513184  -0.0000000000   0.0355304304
   4.7000000000  -0.0000000000  -0.6975632421  -0.0000000000   0.0355156712
   4.7250000000  -0.0000000000  -0.6966755853  -0.0000000000   0.0354968713
   4.7500000000  -0.0000000000  -0.6957884476  -0.0000000000   0.0354741513
   4.7750000000  -0.0000000000  -0.6949019252  -0.0000000000   0.0354476353
   4.8000000000  -0.0000000000  -0.6940161116  -0.0000000000   0.0354174515
   4.8250000000  -0.0000000000  -0.6931310969  -0.0000000000   0.0353837306
   4.8500000000  -0.0000000000  -0.6922469677  -0.0000000000   0.0353466066
   4.8750000000  -0.0000000000  -0.6913638074  -0.0000000000   0.0353062153
   4.9000000000  -0.0000000000  -0.6904816960  -0.0000000000   0.0352626947
   4.9250000000  -0.0000000000  -0.6896007100  -0.0000000000   0.0352161838
   4.9500000000  -0.0000000000  -0.6887209224  -0.0000000000   0.0351668230
   4.9750000000  -0.0000000000  -0.6878424027  -0.0000000000   0.0351147532
   5.0000000000  -0.0000000000  -0.6869652169  -0.0000000000   0.0350601154
