   0.0000000000000000      -0.50000000000000000     
   1.5625000000000000E-002 -0.49346099613148942     
   3.1250000000000000E-002 -0.48704150666198553     
   4.6875000000000000E-002 -0.48073902929893364     
   6.2500000000000000E-002 -0.47455111797660798     
   7.8125000000000000E-002 -0.46847538258382126     
   9.3750000000000000E-002 -0.46250948668299363     
  0.10937500000000000      -0.45665114701960219     
  0.12500000000000000      -0.45089813158544467     
  0.14062500000000000      -0.44524825897469800     
  0.15625000000000000      -0.43969939667429569     
  0.17187500000000000      -0.43424946035102163     
  0.18750000000000000      -0.42889641230295350     
  0.20312500000000000      -0.42363826072013833     
  0.21875000000000000      -0.41847305826050984     
  0.23437500000000000      -0.41339890130673540     
  0.25000000000000000      -0.40841392864417947     
  0.26562500000000000      -0.40351632072668009     
  0.28125000000000000      -0.39870429844152366     
  0.29687500000000000      -0.39397612239165580     
  0.31250000000000000      -0.38933009173689093     
  0.32812500000000000      -0.38476454349698241     
  0.34375000000000000      -0.38027785146092996     
  0.35937500000000000      -0.37586842551348387     
  0.37500000000000000      -0.37153471060609222     
  0.39062500000000000      -0.36727518610830101     
  0.40625000000000000      -0.36308836483501294     
  0.42187500000000000      -0.35897279242346070     
  0.43750000000000000      -0.35492704641234640     
  0.45312500000000000      -0.35094973564452703     
  0.46875000000000000      -0.34703949939422651     
  0.48437500000000000      -0.34319500679522186     
  0.50000000000000000      -0.33941495601280813     
  0.51562500000000000      -0.33569807369706783     
  0.53125000000000000      -0.33204311419659982     
  0.54687500000000000      -0.32844885903630328     
  0.56250000000000000      -0.32491411617022159     
  0.57812500000000000      -0.32143771948314326     
  0.59375000000000000      -0.31801852808016573     
  0.60937500000000000      -0.31465542581134676     
  0.62500000000000000      -0.31134732059580239     
  0.64062500000000000      -0.30809314396861920     
  0.65625000000000000      -0.30489185043745692     
  0.67187500000000000      -0.30174241705091909     
  0.68750000000000000      -0.29864384278580669     
  0.70312500000000000      -0.29559514813610521     
  0.71875000000000000      -0.29259537452918893     
  0.73437500000000000      -0.28964358393459388     
  0.75000000000000000      -0.28673885830757762     
  0.76562500000000000      -0.28388029921686853     
  0.78125000000000000      -0.28106702731408495     
  0.79687500000000000      -0.27829818197966905     
  0.81250000000000000      -0.27557292081678586     
  0.82812500000000000      -0.27289041931464064     
  0.84375000000000000      -0.27024987036558734     
  0.85937500000000000      -0.26765048394503932     
  0.87500000000000000      -0.26509148665058158     
  0.89062500000000000      -0.26257212139777719     
  0.90625000000000000      -0.26009164698007847     
  0.92187500000000000      -0.25764933777984256     
  0.93750000000000000      -0.25524448334799477     
  0.95312500000000000      -0.25287638812953350     
  0.96875000000000000      -0.25054437106194971     
  0.98437500000000000      -0.24824776531455273     
   1.0000000000000000      -0.24598591790470570     
   1.0156250000000000      -0.24375818945033600     
   1.0312500000000000      -0.24156395380307849     
   1.0468750000000000      -0.23940259781336160     
   1.0625000000000000      -0.23727352097962573     
   1.0781250000000000      -0.23517613522539449     
   1.0937500000000000      -0.23310986456376881     
   1.1093750000000000      -0.23107414488590550     
   1.1250000000000000      -0.22906842364005264     
   1.1406250000000000      -0.22709215963091189     
   1.1562500000000000      -0.22514482271246461     
   1.1718750000000000      -0.22322589359772849     
   1.1875000000000000      -0.22133486356469056     
   1.2031250000000000      -0.21947123427597592     
   1.2187500000000000      -0.21763451749724894     
   1.2343750000000000      -0.21582423492629843     
   1.2500000000000000      -0.21403991792334320     
   1.2656250000000000      -0.21228110734907180     
   1.2812500000000000      -0.21054735330625274     
   1.2968750000000000      -0.20883821498632837     
   1.3125000000000000      -0.20715326042178273     
   1.3281250000000000      -0.20549206634088168     
   1.3437500000000000      -0.20385421793028868     
   1.3593750000000000      -0.20223930869753470     
   1.3750000000000000      -0.20064694024341723     
   1.3906250000000000      -0.19907672213184835     
   1.4062500000000000      -0.19752827167152009     
   1.4218750000000000      -0.19600121379281621     
   1.4375000000000000      -0.19449518083831130     
   1.4531250000000000      -0.19300981244637416     
   1.4687500000000000      -0.19154475535010995     
   1.4843750000000000      -0.19009966326732286     
   1.5000000000000000      -0.18867419670750607     
   1.5156250000000000      -0.18726802286786981     
   1.5312500000000000      -0.18588081544799184     
   1.5468750000000000      -0.18451225455160980     
   1.5625000000000000      -0.18316202650858848     
   1.5781250000000000      -0.18182982378219759     
   1.5937500000000000      -0.18051534479806275     
   1.6093750000000000      -0.17921829385664534     
   1.6250000000000000      -0.17793838096885928     
   1.6406250000000000      -0.17667532177352729     
   1.6562500000000000      -0.17542883737931358     
   1.6718750000000000      -0.17419865428695047     
   1.6875000000000000      -0.17298450423718492     
   1.7031250000000000      -0.17178612413753669     
   1.7187500000000000      -0.17060325591601178     
   1.7343750000000000      -0.16943564645212295     
   1.7500000000000000      -0.16828304743615163     
   1.7656250000000000      -0.16714521530423276     
   1.7812500000000000      -0.16602191110285958     
   1.7968750000000000      -0.16491290042786222     
   1.8125000000000000      -0.16381795329394944     
   1.8281250000000000      -0.16273684407735889     
   1.8437500000000000      -0.16166935139020122     
   1.8593750000000000      -0.16061525802661958     
   1.8750000000000000      -0.15957435084172022     
   1.8906250000000000      -0.15854642070109648     
   1.9062500000000000      -0.15753126236407855     
   1.9218750000000000      -0.15652867443648955     
   1.9375000000000000      -0.15553845925805376     
   1.9531250000000000      -0.15456042285818317     
   1.9687500000000000      -0.15359437484737626     
   1.9843750000000000      -0.15264012837589025     
   2.0000000000000000      -0.15169750002895377     
   2.0156250000000000      -0.15076630978817285     
   2.0312500000000000      -0.14984638093040203     
   2.0468750000000000      -0.14893753999174564     
   2.0625000000000000      -0.14803961666992649     
   2.0781250000000000      -0.14715244379076076     
   2.0937500000000000      -0.14627585721387248     
   2.1093750000000000      -0.14540969580149987     
   2.1250000000000000      -0.14455380132742679     
   2.1406250000000000      -0.14370801844803438     
   2.1562500000000000      -0.14287219461424883     
   2.1718750000000000      -0.14204618004476544     
   2.1875000000000000      -0.14122982764089631     
   2.2031250000000000      -0.14042299296183014     
   2.2187500000000000      -0.13962553414226342     
   2.2343750000000000      -0.13883731186959558     
   2.2500000000000000      -0.13805818930424252     
   2.2656250000000000      -0.13728803205866669     
   2.2812500000000000      -0.13652670812022194     
   2.2968750000000000      -0.13577408783195821     
   2.3125000000000000      -0.13503004381791150     
   2.3281250000000000      -0.13429445096556591     
   2.3437500000000000      -0.13356718635348486     
   2.3593750000000000      -0.13284812923534162     
   2.3750000000000000      -0.13213716096982786     
   2.3906250000000000      -0.13143416500617455     
   2.4062500000000000      -0.13073902681617788     
   2.4218750000000000      -0.13005163388119456     
   2.4375000000000000      -0.12937187562620345     
   2.4531250000000000      -0.12869964340816864     
   2.4687500000000000      -0.12803483045206576     
   2.4843750000000000      -0.12737733184054001     
   2.5000000000000000      -0.12672704445182958     
   2.5156250000000000      -0.12608386695065832     
   2.5312500000000000      -0.12544769972794079     
   2.5468750000000000      -0.12481844489288285     
   2.5625000000000000      -0.12419600621439564     
   2.5781250000000000      -0.12358028911431163     
   2.5937500000000000      -0.12297120061048972     
   2.6093750000000000      -0.12236864931104385     
   2.6250000000000000      -0.12177254535907700     
   2.6406250000000000      -0.12118280042791696     
   2.6562500000000000      -0.12059932766735137     
   2.6718750000000000      -0.12002204169984232     
   2.6875000000000000      -0.11945085856823390     
   2.7031250000000000      -0.11888569573286034     
   2.7187500000000000      -0.11832647202067115     
   2.7343750000000000      -0.11777310762318649     
   2.7500000000000000      -0.11722552404699726     
   2.7656250000000000      -0.11668364411254117     
   2.7812500000000000      -0.11614739190587287     
   2.7968750000000000      -0.11561669277823938     
   2.8125000000000000      -0.11509147329910085     
   2.8281250000000000      -0.11457166125643781     
   2.8437500000000000      -0.11405718561096556     
   2.8593750000000000      -0.11354797649714143     
   2.8750000000000000      -0.11304396517854620     
   2.8906250000000000      -0.11254508404956276     
   2.9062500000000000      -0.11205126659181275     
   2.9218750000000000      -0.11156244737652621     
   2.9375000000000000      -0.11107856202202093     
   2.9531250000000000      -0.11059954719665832     
   2.9687500000000000      -0.11012534057735834     
   2.9843750000000000      -0.10965588085312206     
   3.0000000000000000      -0.10919110768452711     
   3.0156250000000000      -0.10873096170780627     
   3.0312500000000000      -0.10827538449525420     
   3.0468750000000000      -0.10782431855984242     
   3.0625000000000000      -0.10737770731653562     
   3.0781250000000000      -0.10693549508738442     
   3.0937500000000000      -0.10649762706372101     
   3.1093750000000000      -0.10606404931170310     
   3.1250000000000000      -0.10563470873536573     
   3.1406250000000000      -0.10520955308258984     
   3.1562500000000000      -0.10478853090896045     
   3.1718750000000000      -0.10437159158417586     
   3.1875000000000000      -0.10395868525665364     
   3.2031250000000000      -0.10354976286033946     
   3.2187500000000000      -0.10314477608008055     
   3.2343750000000000      -0.10274367735878265     
   3.2500000000000000      -0.10234641986352244     
   3.2656250000000000      -0.10195295749306865     
   3.2812500000000000      -0.10156324484464818     
   3.2968750000000000      -0.10117723722183136     
   3.3125000000000000      -0.10079489060197133     
   3.3281250000000000      -0.10041616164439304     
   3.3437500000000000      -0.10004100765848634     
   3.3593750000000000       -9.9669386612179167E-002
   3.3750000000000000       -9.9301257100673723E-002
   3.3906250000000000       -9.8936578355198534E-002
   3.4062500000000000       -9.8575310212316580E-002
   3.4218750000000000       -9.8217413122984709E-002
   3.4375000000000000       -9.7862848122424850E-002
   3.4531250000000000       -9.7511576839419689E-002
   3.4687500000000000       -9.7163561466764747E-002
   3.4843750000000000       -9.6818764770798538E-002
   3.5000000000000000       -9.6477150062376893E-002
   3.5156250000000000       -9.6138681206650034E-002
   3.5312500000000000       -9.5803322594548490E-002
   3.5468750000000000       -9.5471039152766224E-002
   3.5625000000000000       -9.5141796315743932E-002
   3.5781250000000000       -9.4815560035879543E-002
   3.5937500000000000       -9.4492296755984029E-002
   3.6093750000000000       -9.4171973419650001E-002
   3.6250000000000000       -9.3854557444208453E-002
   3.6406250000000000       -9.3540016731285647E-002
   3.6562500000000000       -9.3228319640170199E-002
   3.6718750000000000       -9.2919434998581352E-002
   3.6875000000000000       -9.2613332076437516E-002
   3.7031250000000000       -9.2309980596800401E-002
   3.7187500000000000       -9.2009350710068105E-002
   3.7343750000000000       -9.1711413005050701E-002
   3.7500000000000000       -9.1416138483593201E-002
   3.7656250000000000       -9.1123498571773709E-002
   3.7812500000000000       -9.0833465094924293E-002
   3.7968750000000000       -9.0546010288964140E-002
   3.8125000000000000       -9.0261106775798794E-002
   3.8281250000000000       -8.9978727574777650E-002
   3.8437500000000000       -8.9698846078455574E-002
   3.8593750000000000       -8.9421436064167636E-002
   3.8750000000000000       -8.9146471670154881E-002
   3.8906250000000000       -8.8873927407261633E-002
   3.9062500000000000       -8.8603778135345479E-002
   3.9218750000000000       -8.8335999075138005E-002
   3.9375000000000000       -8.8070565784969190E-002
   3.9531250000000000       -8.7807454172722288E-002
   3.9687500000000000       -8.7546640472870862E-002
   3.9843750000000000       -8.7288101258522488E-002
   4.0000000000000000       -8.7031813418789739E-002
   4.0156250000000000       -8.6777754170903165E-002
   4.0312500000000000       -8.6525901037873609E-002
   4.0468750000000000       -8.6276231860686892E-002
   4.0625000000000000       -8.6028724776287646E-002
   4.0781250000000000       -8.5783358229800655E-002
   4.0937500000000000       -8.5540110952823767E-002
   4.1093750000000000       -8.5298961975716736E-002
   4.1250000000000000       -8.5059890606153488E-002
   4.1406250000000000       -8.4822876441499773E-002
   4.1562500000000000       -8.4587899347599915E-002
   4.1718750000000000       -8.4354939471223744E-002
   4.1875000000000000       -8.4123977219126900E-002
   4.2031250000000000       -8.3894993270531515E-002
   4.2187500000000000       -8.3667968556440542E-002
   4.2343750000000000       -8.3442884272159290E-002
   4.2500000000000000       -8.3219721856870876E-002
   4.2656250000000000       -8.2998463006209278E-002
   4.2812500000000000       -8.2779089652031956E-002
   4.2968750000000000       -8.2561583975056863E-002
   4.3125000000000000       -8.2345928384860656E-002
   4.3281250000000000       -8.2132105532572552E-002
   4.3437500000000000       -8.1920098291064392E-002
   4.3593750000000000       -8.1709889767669353E-002
   4.3750000000000000       -8.1501463284640252E-002
   4.3906250000000000       -8.1294802391862930E-002
   4.4062500000000000       -8.1089890847490409E-002
   4.4218750000000000       -8.0886712630755753E-002
   4.4375000000000000       -8.0685251922766099E-002
   4.4531250000000000       -8.0485493119336837E-002
   4.4687500000000000       -8.0287420811995247E-002
   4.4843750000000000       -8.0091019800837771E-002
   4.5000000000000000       -7.9896275075713064E-002
   4.5156250000000000       -7.9703171829116570E-002
   4.5312500000000000       -7.9511695437544105E-002
   4.5468750000000000       -7.9321831474402416E-002
   4.5625000000000000       -7.9133565691556385E-002
   4.5781250000000000       -7.8946884032241371E-002
   4.5937500000000000       -7.8761772612800485E-002
   4.6093750000000000       -7.8578217735586264E-002
   4.6250000000000000       -7.8396205870888025E-002
   4.6406250000000000       -7.8215723669844195E-002
   4.6562500000000000       -7.8036757946517099E-002
   4.6718750000000000       -7.7859295690831942E-002
   4.6875000000000000       -7.7683324050813241E-002
   4.7031250000000000       -7.7508830345507818E-002
   4.7187500000000000       -7.7335802047397095E-002
   4.7343750000000000       -7.7164226795337854E-002
   4.7500000000000000       -7.6994092377091761E-002
   4.7656250000000000       -7.6825386742294555E-002
   4.7812500000000000       -7.6658097985131235E-002
   4.7968750000000000       -7.6492214357294586E-002
   4.8125000000000000       -7.6327724250811357E-002
   4.8281250000000000       -7.6164616211018554E-002
   4.8437500000000000       -7.6002878919503303E-002
   4.8593750000000000       -7.5842501207077362E-002
   4.8750000000000000       -7.5683472036882193E-002
   4.8906250000000000       -7.5525780517345709E-002
   4.9062500000000000       -7.5369415885404578E-002
   4.9218750000000000       -7.5214367519471637E-002
   4.9375000000000000       -7.5060624922798524E-002
   4.9531250000000000       -7.4908177736421777E-002
   4.9687500000000000       -7.4757015722653364E-002
   4.9843750000000000       -7.4607128778028553E-002
   5.0000000000000000       -7.4458506916908362E-002
   5.0156250000000000       -7.4311140284443411E-002
   5.0312500000000000       -7.4165019140259858E-002
   5.0468750000000000       -7.4020133871449900E-002
   5.0625000000000000       -7.3876474976351858E-002
   5.0781250000000000       -7.3734033077542449E-002
   5.0937500000000000       -7.3592798905735890E-002
   5.1093750000000000       -7.3452763312738867E-002
   5.1250000000000000       -7.3313917255500627E-002
   5.1406250000000000       -7.3176251809035975E-002
   5.1562500000000000       -7.3039758150565959E-002
   5.1718750000000000       -7.2904427572471064E-002
   5.1875000000000000       -7.2770251466502955E-002
   5.2031250000000000       -7.2637221336739444E-002
   5.2187500000000000       -7.2505328783906364E-002
   5.2343750000000000       -7.2374565518289913E-002
   5.2500000000000000       -7.2244923344197076E-002
   5.2656250000000000       -7.2116394172846654E-002
   5.2812500000000000       -7.1988970006897191E-002
   5.2968750000000000       -7.1862642953348654E-002
   5.3125000000000000       -7.1737405208175176E-002
   5.3281250000000000       -7.1613249069201856E-002
   5.3437500000000000       -7.1490166920817444E-002
   5.3593750000000000       -7.1368151246852918E-002
   5.3750000000000000       -7.1247194615377651E-002
   5.3906250000000000       -7.1127289691574447E-002
   5.4062500000000000       -7.1008429222613856E-002
   5.4218750000000000       -7.0890606050511451E-002
   5.4375000000000000       -7.0773813097096294E-002
   5.4531250000000000       -7.0658043376846891E-002
   5.4687500000000000       -7.0543289981952029E-002
   5.4843750000000000       -7.0429546095120088E-002
   5.5000000000000000       -7.0316804974723368E-002
   5.5156250000000000       -7.0205059967618055E-002
   5.5312500000000000       -7.0094304494325854E-002
   5.5468750000000000       -6.9984532061857507E-002
   5.5625000000000000       -6.9875736248985021E-002
   5.5781250000000000       -6.9767910719031434E-002
   5.5937500000000000       -6.9661049205230086E-002
   5.6093750000000000       -6.9555145523484185E-002
   5.6250000000000000       -6.9450193557814899E-002
   5.6406250000000000       -6.9346187273108484E-002
   5.6562500000000000       -6.9243120700615890E-002
   5.6718750000000000       -6.9140987950692789E-002
   5.6875000000000000       -6.9039783198387994E-002
   5.7031250000000000       -6.8939500696131972E-002
   5.7187500000000000       -6.8840134759433624E-002
   5.7343750000000000       -6.8741679779522613E-002
   5.7500000000000000       -6.8644130209111864E-002
   5.7656250000000000       -6.8547480575066544E-002
   5.7812500000000000       -6.8451725464170110E-002
   5.7968750000000000       -6.8356859535811054E-002
   5.8125000000000000       -6.8262877507830666E-002
   5.8281250000000000       -6.8169774169152930E-002
   5.8437500000000000       -6.8077544365721110E-002
   5.8593750000000000       -6.7986183013097445E-002
   5.8750000000000000       -6.7895685082477897E-002
   5.8906250000000000       -6.7806045613266974E-002
   5.9062500000000000       -6.7717259699128007E-002
   5.9218750000000000       -6.7629322500588174E-002
   5.9375000000000000       -6.7542229231110085E-002
   5.9531250000000000       -6.7455975169696814E-002
   5.9687500000000000       -6.7370555647025654E-002
   5.9843750000000000       -6.7285966058010516E-002
   6.0000000000000000       -6.7202201848020948E-002
   6.0156250000000000       -6.7119258525414338E-002
   6.0312500000000000       -6.7037131647808224E-002
   6.0468750000000000       -6.6955816834598281E-002
   6.0625000000000000       -6.6875309753289258E-002
   6.0781250000000000       -6.6795606131995200E-002
   6.0937500000000000       -6.6716701745813012E-002
   6.1093750000000000       -6.6638592429310251E-002
   6.1250000000000000       -6.6561274062957310E-002
   6.1406250000000000       -6.6484742585608103E-002
   6.1562500000000000       -6.6408993980951792E-002
   6.1718750000000000       -6.6334024289981031E-002
   6.1875000000000000       -6.6259829597530739E-002
   6.2031250000000000       -6.6186406044705492E-002
   6.2187500000000000       -6.6113749815450262E-002
   6.2343750000000000       -6.6041857148981364E-002
   6.2500000000000000       -6.5970724326398056E-002
   6.2656250000000000       -6.5900347683115257E-002
   6.2812500000000000       -6.5830723595492913E-002
   6.2968750000000000       -6.5761848493252728E-002
   6.3125000000000000       -6.5693718846191018E-002
   6.3281250000000000       -6.5626331176545705E-002
   6.3437500000000000       -6.5559682045746470E-002
   6.3593750000000000       -6.5493768066787084E-002
   6.3750000000000000       -6.5428585891027069E-002
   6.3906250000000000       -6.5364132220530280E-002
   6.4062500000000000       -6.5300403794886108E-002
   6.4218750000000000       -6.5237397403592468E-002
   6.4375000000000000       -6.5175109872873449E-002
   6.4531250000000000       -6.5113538078048094E-002
   6.4687500000000000       -6.5052678930403118E-002
   6.4843750000000000       -6.4992529389556353E-002
   6.5000000000000000       -6.4933086450341904E-002
   6.5156250000000000       -6.4874347155175371E-002
   6.5312500000000000       -6.4816308580972759E-002
   6.5468750000000000       -6.4758967851503257E-002
   6.5625000000000000       -6.4702322124343681E-002
   6.5781250000000000       -6.4646368603220594E-002
   6.5937500000000000       -6.4591104525012710E-002
   6.6093750000000000       -6.4536527172041502E-002
   6.6250000000000000       -6.4482633859139327E-002
   6.6406250000000000       -6.4429421945941812E-002
   6.6562500000000000       -6.4376888823948875E-002
   6.6718750000000000       -6.4325031928825993E-002
   6.6875000000000000       -6.4273848727514959E-002
   6.7031250000000000       -6.4223336730487190E-002
   6.7187500000000000       -6.4173493478916654E-002
   6.7343750000000000       -6.4124316556915417E-002
   6.7500000000000000       -6.4075803578710122E-002
   6.7656250000000000       -6.4027952200916616E-002
   6.7812500000000000       -6.3980760109714652E-002
   6.7968750000000000       -6.3934225033094094E-002
   6.8125000000000000       -6.3888344728106006E-002
   6.8281250000000000       -6.3843116993071547E-002
   6.8437500000000000       -6.3798539654861486E-002
   6.8593750000000000       -6.3754610581089111E-002
   6.8750000000000000       -6.3711327667437700E-002
   6.8906250000000000       -6.3668688849842781E-002
   6.9062500000000000       -6.3626692091807158E-002
   6.9218750000000000       -6.3585335396627585E-002
   6.9375000000000000       -6.3544616794713349E-002
   6.9531250000000000       -6.3504534355789843E-002
   6.9687500000000000       -6.3465086176265118E-002
   6.9843750000000000       -6.3426270391408579E-002
   7.0000000000000000       -6.3388085162758401E-002
   7.0156250000000000       -6.3350528690289565E-002
   7.0312500000000000       -6.3313599199814163E-002
   7.0468750000000000       -6.3277294955188523E-002
   7.0625000000000000       -6.3241614245711730E-002
   7.0781250000000000       -6.3206555398316766E-002
   7.0937500000000000       -6.3172116765036535E-002
   7.1093750000000000       -6.3138296735111510E-002
   7.1250000000000000       -6.3105093722541028E-002
   7.1406250000000000       -6.3072506178194487E-002
   7.1562500000000000       -6.3040532577304020E-002
   7.1718750000000000       -6.3009171431641420E-002
   7.1875000000000000       -6.2978421277026797E-002
   7.2031250000000000       -6.2948280685471758E-002
   7.2187500000000000       -6.2918748252704049E-002
   7.2343750000000000       -6.2889822610328494E-002
   7.2500000000000000       -6.2861502413381842E-002
   7.2656250000000000       -6.2833786352459953E-002
   7.2812500000000000       -6.2806673141290403E-002
   7.2968750000000000       -6.2780161528877443E-002
   7.3125000000000000       -6.2754250287076374E-002
   7.3281250000000000       -6.2728938222736730E-002
   7.3437500000000000       -6.2704224165313960E-002
   7.3593750000000000       -6.2680106978968197E-002
   7.3750000000000000       -6.2656585550231014E-002
   7.3906250000000000       -6.2633658800084646E-002
   7.4062500000000000       -6.2611325671642959E-002
   7.4218750000000000       -6.2589585142232451E-002
   7.4375000000000000       -6.2568436211087430E-002
   7.4531250000000000       -6.2547877911429239E-002
   7.4687500000000000       -6.2527909298177420E-002
   7.4843750000000000       -6.2508529460025386E-002
   7.5000000000000000       -6.2489737507149812E-002
   7.5156250000000000       -6.2471532583330713E-002
   7.5312500000000000       -6.2453913853630638E-002
   7.5468750000000000       -6.2436880516507642E-002
   7.5625000000000000       -6.2420431791561981E-002
   7.5781250000000000       -6.2404566931597572E-002
   7.5937500000000000       -6.2389285210393552E-002
   7.6093750000000000       -6.2374585934765747E-002
   7.6250000000000000       -6.2360468432366645E-002
   7.6406250000000000       -6.2346932063746863E-002
   7.6562500000000000       -6.2333976210126707E-002
   7.6718750000000000       -6.2321600285489609E-002
   7.6875000000000000       -6.2309803724364343E-002
   7.7031250000000000       -6.2298585993936229E-002
   7.7187500000000000       -6.2287946581797371E-002
   7.7343750000000000       -6.2277885008082734E-002
   7.7500000000000000       -6.2268400813231040E-002
   7.7656250000000000       -6.2259493570117286E-002
   7.7812500000000000       -6.2251162871856280E-002
   7.7968750000000000       -6.2243408343864104E-002
   7.8125000000000000       -6.2236229631729145E-002
   7.8281250000000000       -6.2229626413277117E-002
   7.8437500000000000       -6.2223598386406564E-002
   7.8593750000000000       -6.2218145281214277E-002
   7.8750000000000000       -6.2213266847791715E-002
   7.8906250000000000       -6.2208962868375295E-002
   7.9062500000000000       -6.2205233145149919E-002
   7.9218750000000000       -6.2202077512388598E-002
   7.9375000000000000       -6.2199495824284412E-002
   7.9531250000000000       -6.2197487967090126E-002
   7.9687500000000000       -6.2196053846946597E-002
   7.9843750000000000       -6.2195193402018845E-002
   8.0000000000000000       -6.2194906590349319E-002
   8.0156250000000000       -6.2195193402018845E-002
   8.0312500000000000       -6.2196053846946597E-002
   8.0468750000000000       -6.2197487967090126E-002
   8.0625000000000000       -6.2199495824287965E-002
   8.0781250000000000       -6.2202077512381493E-002
   8.0937500000000000       -6.2205233145149919E-002
   8.1093750000000000       -6.2208962868375295E-002
   8.1250000000000000       -6.2213266847791715E-002
   8.1406250000000000       -6.2218145281214277E-002
   8.1562500000000000       -6.2223598386406564E-002
   8.1718750000000000       -6.2229626413270012E-002
   8.1875000000000000       -6.2236229631729145E-002
   8.2031250000000000       -6.2243408343864104E-002
   8.2187500000000000       -6.2251162871859833E-002
   8.2343750000000000       -6.2259493570124391E-002
   8.2500000000000000       -6.2268400813223934E-002
   8.2656250000000000       -6.2277885008079181E-002
   8.2812500000000000       -6.2287946581797371E-002
   8.2968750000000000       -6.2298585993936229E-002
   8.3125000000000000       -6.2309803724364343E-002
   8.3281250000000000       -6.2321600285486056E-002
   8.3437500000000000       -6.2333976210126707E-002
   8.3593750000000000       -6.2346932063750415E-002
   8.3750000000000000       -6.2360468432366645E-002
   8.3906250000000000       -6.2374585934769300E-002
   8.4062500000000000       -6.2389285210393552E-002
   8.4218750000000000       -6.2404566931597572E-002
   8.4375000000000000       -6.2420431791565534E-002
   8.4531250000000000       -6.2436880516507642E-002
   8.4687500000000000       -6.2453913853630638E-002
   8.4843750000000000       -6.2471532583330713E-002
   8.5000000000000000       -6.2489737507149812E-002
   8.5156250000000000       -6.2508529460021833E-002
   8.5312500000000000       -6.2527909298175643E-002
   8.5468750000000000       -6.2547877911431016E-002
   8.5625000000000000       -6.2568436211087430E-002
   8.5781250000000000       -6.2589585142232451E-002
   8.5937500000000000       -6.2611325671641183E-002
   8.6093750000000000       -6.2633658800086423E-002
   8.6250000000000000       -6.2656585550227462E-002
   8.6406250000000000       -6.2680106978966421E-002
   8.6562500000000000       -6.2704224165315736E-002
   8.6718750000000000       -6.2728938222740283E-002
   8.6875000000000000       -6.2754250287076374E-002
   8.7031250000000000       -6.2780161528877443E-002
   8.7187500000000000       -6.2806673141293956E-002
   8.7343750000000000       -6.2833786352465282E-002
   8.7500000000000000       -6.2861502413381842E-002
   8.7656250000000000       -6.2889822610326718E-002
   8.7812500000000000       -6.2918748252700496E-002
   8.7968750000000000       -6.2948280685468205E-002
   8.8125000000000000       -6.2978421277028573E-002
   8.8281250000000000       -6.3009171431641420E-002
   8.8437500000000000       -6.3040532577305797E-002
   8.8593750000000000       -6.3072506178192711E-002
   8.8750000000000000       -6.3105093722544581E-002
   8.8906250000000000       -6.3138296735111510E-002
   8.9062500000000000       -6.3172116765034758E-002
   8.9218750000000000       -6.3206555398320319E-002
   8.9375000000000000       -6.3241614245711730E-002
   8.9531250000000000       -6.3277294955188523E-002
   8.9687500000000000       -6.3313599199814163E-002
   8.9843750000000000       -6.3350528690287788E-002
   9.0000000000000000       -6.3388085162756624E-002
   9.0156250000000000       -6.3426270391410355E-002
   9.0312500000000000       -6.3465086176263341E-002
   9.0468750000000000       -6.3504534355791620E-002
   9.0625000000000000       -6.3544616794711573E-002
   9.0781250000000000       -6.3585335396627585E-002
   9.0937500000000000       -6.3626692091808934E-002
   9.1093750000000000       -6.3668688849841004E-002
   9.1250000000000000       -6.3711327667435924E-002
   9.1406250000000000       -6.3754610581089111E-002
   9.1562500000000000       -6.3798539654861486E-002
   9.1718750000000000       -6.3843116993071547E-002
   9.1875000000000000       -6.3888344728102453E-002
   9.2031250000000000       -6.3934225033094094E-002
   9.2187500000000000       -6.3980760109714652E-002
   9.2343750000000000       -6.4027952200920168E-002
   9.2500000000000000       -6.4075803578710122E-002
   9.2656250000000000       -6.4124316556910088E-002
   9.2812500000000000       -6.4173493478918431E-002
   9.2968750000000000       -6.4223336730488967E-002
   9.3125000000000000       -6.4273848727513183E-002
   9.3281250000000000       -6.4325031928824217E-002
   9.3437500000000000       -6.4376888823950651E-002
   9.3593750000000000       -6.4429421945940035E-002
   9.3750000000000000       -6.4482633859139327E-002
   9.3906250000000000       -6.4536527172041502E-002
   9.4062500000000000       -6.4591104525010934E-002
   9.4218750000000000       -6.4646368603220594E-002
   9.4375000000000000       -6.4702322124343681E-002
   9.4531250000000000       -6.4758967851499705E-002
   9.4687500000000000       -6.4816308580972759E-002
   9.4843750000000000       -6.4874347155177148E-002
   9.5000000000000000       -6.4933086450343680E-002
   9.5156250000000000       -6.4992529389558129E-002
   9.5312500000000000       -6.5052678930406671E-002
   9.5468750000000000       -6.5113538078048094E-002
   9.5625000000000000       -6.5175109872873449E-002
   9.5781250000000000       -6.5237397403592468E-002
   9.5937500000000000       -6.5300403794886108E-002
   9.6093750000000000       -6.5364132220528504E-002
   9.6250000000000000       -6.5428585891025293E-002
   9.6406250000000000       -6.5493768066788860E-002
   9.6562500000000000       -6.5559682045742917E-002
   9.6718750000000000       -6.5626331176543928E-002
   9.6875000000000000       -6.5693718846189242E-002
   9.7031250000000000       -6.5761848493252728E-002
   9.7187500000000000       -6.5830723595492913E-002
   9.7343750000000000       -6.5900347683117033E-002
   9.7500000000000000       -6.5970724326396279E-002
   9.7656250000000000       -6.6041857148979588E-002
   9.7812500000000000       -6.6113749815450262E-002
   9.7968750000000000       -6.6186406044705492E-002
   9.8125000000000000       -6.6259829597530739E-002
   9.8281250000000000       -6.6334024289981031E-002
   9.8437500000000000       -6.6408993980951792E-002
   9.8593750000000000       -6.6484742585606327E-002
   9.8750000000000000       -6.6561274062959086E-002
   9.8906250000000000       -6.6638592429306698E-002
   9.9062500000000000       -6.6716701745809459E-002
   9.9218750000000000       -6.6795606131995200E-002
   9.9375000000000000       -6.6875309753287482E-002
   9.9531250000000000       -6.6955816834598281E-002
   9.9687500000000000       -6.7037131647808224E-002
   9.9843750000000000       -6.7119258525416114E-002
   10.000000000000000       -6.7202201848020948E-002
   10.015625000000000       -6.7285966058012292E-002
   10.031250000000000       -6.7370555647023878E-002
   10.046875000000000       -6.7455975169698590E-002
   10.062500000000000       -6.7542229231108308E-002
   10.078125000000000       -6.7629322500586397E-002
   10.093750000000000       -6.7717259699131560E-002
   10.109375000000000       -6.7806045613268751E-002
   10.125000000000000       -6.7895685082477897E-002
   10.140625000000000       -6.7986183013099222E-002
   10.156250000000000       -6.8077544365721110E-002
   10.171875000000000       -6.8169774169154707E-002
   10.187500000000000       -6.8262877507828890E-002
   10.203125000000000       -6.8356859535811054E-002
   10.218750000000000       -6.8451725464171886E-002
   10.234375000000000       -6.8547480575068320E-002
   10.250000000000000       -6.8644130209115417E-002
   10.265625000000000       -6.8741679779520837E-002
   10.281250000000000       -6.8840134759433624E-002
   10.296875000000000       -6.8939500696133749E-002
   10.312500000000000       -6.9039783198386218E-002
   10.328125000000000       -6.9140987950694566E-002
   10.343750000000000       -6.9243120700615890E-002
   10.359375000000000       -6.9346187273108484E-002
   10.375000000000000       -6.9450193557816675E-002
   10.390625000000000       -6.9555145523485962E-002
   10.406250000000000       -6.9661049205230086E-002
   10.421875000000000       -6.9767910719031434E-002
   10.437500000000000       -6.9875736248986797E-002
   10.453125000000000       -6.9984532061861060E-002
   10.468750000000000       -7.0094304494325854E-002
   10.484375000000000       -7.0205059967618055E-002
   10.500000000000000       -7.0316804974723368E-002
   10.515625000000000       -7.0429546095120088E-002
   10.531250000000000       -7.0543289981948476E-002
   10.546875000000000       -7.0658043376846891E-002
   10.562500000000000       -7.0773813097096294E-002
   10.578125000000000       -7.0890606050507898E-002
   10.593750000000000       -7.1008429222617409E-002
   10.609375000000000       -7.1127289691574447E-002
   10.625000000000000       -7.1247194615375875E-002
   10.640625000000000       -7.1368151246851141E-002
   10.656250000000000       -7.1490166920820997E-002
   10.671875000000000       -7.1613249069201856E-002
   10.687500000000000       -7.1737405208178728E-002
   10.703125000000000       -7.1862642953346878E-002
   10.718750000000000       -7.1988970006898967E-002
   10.734375000000000       -7.2116394172850207E-002
   10.750000000000000       -7.2244923344198853E-002
   10.765625000000000       -7.2374565518289913E-002
   10.781250000000000       -7.2505328783904588E-002
   10.796875000000000       -7.2637221336737667E-002
   10.812500000000000       -7.2770251466504732E-002
   10.828125000000000       -7.2904427572469288E-002
   10.843750000000000       -7.3039758150567735E-002
   10.859375000000000       -7.3176251809030646E-002
   10.875000000000000       -7.3313917255500627E-002
   10.890625000000000       -7.3452763312738867E-002
   10.906250000000000       -7.3592798905737666E-002
   10.921875000000000       -7.3734033077542449E-002
   10.937500000000000       -7.3876474976355411E-002
   10.953125000000000       -7.4020133871449900E-002
   10.968750000000000       -7.4165019140263411E-002
   10.984375000000000       -7.4311140284439858E-002
   11.000000000000000       -7.4458506916906586E-002
   11.015625000000000       -7.4607128778026777E-002
   11.031250000000000       -7.4757015722649811E-002
   11.046875000000000       -7.4908177736420001E-002
   11.062500000000000       -7.5060624922794972E-002
   11.078125000000000       -7.5214367519471637E-002
   11.093750000000000       -7.5369415885401025E-002
   11.109375000000000       -7.5525780517345709E-002
   11.125000000000000       -7.5683472036882193E-002
   11.140625000000000       -7.5842501207077362E-002
   11.156250000000000       -7.6002878919501526E-002
   11.171875000000000       -7.6164616211016778E-002
   11.187500000000000       -7.6327724250811357E-002
   11.203125000000000       -7.6492214357294586E-002
   11.218750000000000       -7.6658097985131235E-002
   11.234375000000000       -7.6825386742298107E-002
   11.250000000000000       -7.6994092377091761E-002
   11.265625000000000       -7.7164226795336077E-002
   11.281250000000000       -7.7335802047397095E-002
   11.296875000000000       -7.7508830345507818E-002
   11.312500000000000       -7.7683324050809688E-002
   11.328125000000000       -7.7859295690831942E-002
   11.343750000000000       -7.8036757946517099E-002
   11.359375000000000       -7.8215723669844195E-002
   11.375000000000000       -7.8396205870888025E-002
   11.390625000000000       -7.8578217735586264E-002
   11.406250000000000       -7.8761772612800485E-002
   11.421875000000000       -7.8946884032241371E-002
   11.437500000000000       -7.9133565691556385E-002
   11.453125000000000       -7.9321831474400639E-002
   11.468750000000000       -7.9511695437545882E-002
   11.484375000000000       -7.9703171829116570E-002
   11.500000000000000       -7.9896275075713064E-002
   11.515625000000000       -8.0091019800835994E-002
   11.531250000000000       -8.0287420811995247E-002
   11.546875000000000       -8.0485493119336837E-002
   11.562500000000000       -8.0685251922767875E-002
   11.578125000000000       -8.0886712630753976E-002
   11.593750000000000       -8.1089890847488633E-002
   11.609375000000000       -8.1294802391859378E-002
   11.625000000000000       -8.1501463284640252E-002
   11.640625000000000       -8.1709889767669353E-002
   11.656250000000000       -8.1920098291060839E-002
   11.671875000000000       -8.2132105532572552E-002
   11.687500000000000       -8.2345928384864209E-002
   11.703125000000000       -8.2561583975056863E-002
   11.718750000000000       -8.2779089652031956E-002
   11.734375000000000       -8.2998463006214607E-002
   11.750000000000000       -8.3219721856872653E-002
   11.765625000000000       -8.3442884272155737E-002
   11.781250000000000       -8.3667968556436989E-002
   11.796875000000000       -8.3894993270533291E-002
   11.812500000000000       -8.4123977219126900E-002
   11.828125000000000       -8.4354939471225521E-002
   11.843750000000000       -8.4587899347599915E-002
   11.859375000000000       -8.4822876441496220E-002
   11.875000000000000       -8.5059890606153488E-002
   11.890625000000000       -8.5298961975716736E-002
   11.906250000000000       -8.5540110952823767E-002
   11.921875000000000       -8.5783358229800655E-002
   11.937500000000000       -8.6028724776287646E-002
   11.953125000000000       -8.6276231860686892E-002
   11.968750000000000       -8.6525901037870057E-002
   11.984375000000000       -8.6777754170901389E-002
   12.000000000000000       -8.7031813418787962E-002
   12.015625000000000       -8.7288101258520712E-002
   12.031250000000000       -8.7546640472872639E-002
   12.046875000000000       -8.7807454172720512E-002
   12.062500000000000       -8.8070565784970967E-002
   12.078125000000000       -8.8335999075134453E-002
   12.093750000000000       -8.8603778135347255E-002
   12.109375000000000       -8.8873927407259856E-002
   12.125000000000000       -8.9146471670158434E-002
   12.140625000000000       -8.9421436064167636E-002
   12.156250000000000       -8.9698846078455574E-002
   12.171875000000000       -8.9978727574777650E-002
   12.187500000000000       -9.0261106775798794E-002
   12.203125000000000       -9.0546010288964140E-002
   12.218750000000000       -9.0833465094924293E-002
   12.234375000000000       -9.1123498571775485E-002
   12.250000000000000       -9.1416138483589648E-002
   12.265625000000000       -9.1711413005050701E-002
   12.281250000000000       -9.2009350710066329E-002
   12.296875000000000       -9.2309980596798624E-002
   12.312500000000000       -9.2613332076439292E-002
   12.328125000000000       -9.2919434998583128E-002
   12.343750000000000       -9.3228319640171975E-002
   12.359375000000000       -9.3540016731285647E-002
   12.375000000000000       -9.3854557444210229E-002
   12.390625000000000       -9.4171973419651778E-002
   12.406250000000000       -9.4492296755984029E-002
   12.421875000000000       -9.4815560035881319E-002
   12.437500000000000       -9.5141796315743932E-002
   12.453125000000000       -9.5471039152762671E-002
   12.468750000000000       -9.5803322594548490E-002
   12.484375000000000       -9.6138681206650034E-002
   12.500000000000000       -9.6477150062376893E-002
   12.515625000000000       -9.6818764770798538E-002
   12.531250000000000       -9.7163561466764747E-002
   12.546875000000000       -9.7511576839423242E-002
   12.562500000000000       -9.7862848122424850E-002
   12.578125000000000       -9.8217413122982933E-002
   12.593750000000000       -9.8575310212316580E-002
   12.609375000000000       -9.8936578355198534E-002
   12.625000000000000       -9.9301257100673723E-002
   12.640625000000000       -9.9669386612179167E-002
   12.656250000000000      -0.10004100765848278     
   12.671875000000000      -0.10041616164439127     
   12.687500000000000      -0.10079489060197133     
   12.703125000000000      -0.10117723722182959     
   12.718750000000000      -0.10156324484464641     
   12.734375000000000      -0.10195295749307220     
   12.750000000000000      -0.10234641986352422     
   12.765625000000000      -0.10274367735878087     
   12.781250000000000      -0.10314477608007699     
   12.796875000000000      -0.10354976286033768     
   12.812500000000000      -0.10395868525665364     
   12.828125000000000      -0.10437159158417764     
   12.843750000000000      -0.10478853090896223     
   12.859375000000000      -0.10520955308258806     
   12.875000000000000      -0.10563470873536218     
   12.890625000000000      -0.10606404931170488     
   12.906250000000000      -0.10649762706372101     
   12.921875000000000      -0.10693549508738087     
   12.937500000000000      -0.10737770731653562     
   12.953125000000000      -0.10782431855983887     
   12.968750000000000      -0.10827538449525420     
   12.984375000000000      -0.10873096170780627     
   13.000000000000000      -0.10919110768452711     
   13.015625000000000      -0.10965588085312206     
   13.031250000000000      -0.11012534057735834     
   13.046875000000000      -0.11059954719665832     
   13.062500000000000      -0.11107856202202093     
   13.078125000000000      -0.11156244737652798     
   13.093750000000000      -0.11205126659181275     
   13.109375000000000      -0.11254508404956098     
   13.125000000000000      -0.11304396517854620     
   13.140625000000000      -0.11354797649714143     
   13.156250000000000      -0.11405718561096201     
   13.171875000000000      -0.11457166125643781     
   13.187500000000000      -0.11509147329910263     
   13.203125000000000      -0.11561669277823938     
   13.218750000000000      -0.11614739190587287     
   13.234375000000000      -0.11668364411254473     
   13.250000000000000      -0.11722552404699549     
   13.265625000000000      -0.11777310762318471     
   13.281250000000000      -0.11832647202066937     
   13.296875000000000      -0.11888569573286034     
   13.312500000000000      -0.11945085856823212     
   13.328125000000000      -0.12002204169984410     
   13.343750000000000      -0.12059932766734960     
   13.359375000000000      -0.12118280042791518     
   13.375000000000000      -0.12177254535907700     
   13.390625000000000      -0.12236864931104563     
   13.406250000000000      -0.12297120061048972     
   13.421875000000000      -0.12358028911431163     
   13.437500000000000      -0.12419600621439564     
   13.453125000000000      -0.12481844489288108     
   13.468750000000000      -0.12544769972794256     
   13.484375000000000      -0.12608386695065654     
   13.500000000000000      -0.12672704445182958     
   13.515625000000000      -0.12737733184053823     
   13.531250000000000      -0.12803483045206576     
   13.546875000000000      -0.12869964340816864     
   13.562500000000000      -0.12937187562620345     
   13.578125000000000      -0.13005163388119456     
   13.593750000000000      -0.13073902681617788     
   13.609375000000000      -0.13143416500617278     
   13.625000000000000      -0.13213716096982608     
   13.640625000000000      -0.13284812923533984     
   13.656250000000000      -0.13356718635348130     
   13.671875000000000      -0.13429445096556591     
   13.687500000000000      -0.13503004381791328     
   13.703125000000000      -0.13577408783195644     
   13.718750000000000      -0.13652670812022194     
   13.734375000000000      -0.13728803205866758     
   13.750000000000000      -0.13805818930424429     
   13.765625000000000      -0.13883731186959558     
   13.781250000000000      -0.13962553414226164     
   13.796875000000000      -0.14042299296182925     
   13.812500000000000      -0.14122982764089631     
   13.828125000000000      -0.14204618004476721     
   13.843750000000000      -0.14287219461424883     
   13.859375000000000      -0.14370801844803260     
   13.875000000000000      -0.14455380132742768     
   13.890625000000000      -0.14540969580150165     
   13.906250000000000      -0.14627585721387071     
   13.921875000000000      -0.14715244379076076     
   13.937500000000000      -0.14803961666992649     
   13.953125000000000      -0.14893753999174564     
   13.968750000000000      -0.14984638093040026     
   13.984375000000000      -0.15076630978817285     
   14.000000000000000      -0.15169750002895466     
   14.015625000000000      -0.15264012837588936     
   14.031250000000000      -0.15359437484737803     
   14.046875000000000      -0.15456042285818050     
   14.062500000000000      -0.15553845925805465     
   14.078125000000000      -0.15652867443648777     
   14.093750000000000      -0.15753126236408121     
   14.109375000000000      -0.15854642070109737     
   14.125000000000000      -0.15957435084172200     
   14.140625000000000      -0.16061525802661869     
   14.156250000000000      -0.16166935139020122     
   14.171875000000000      -0.16273684407736067     
   14.187500000000000      -0.16381795329395121     
   14.203125000000000      -0.16491290042786311     
   14.218750000000000      -0.16602191110285869     
   14.234375000000000      -0.16714521530423454     
   14.250000000000000      -0.16828304743615252     
   14.265625000000000      -0.16943564645212206     
   14.281250000000000      -0.17060325591601089     
   14.296875000000000      -0.17178612413753669     
   14.312500000000000      -0.17298450423718581     
   14.328125000000000      -0.17419865428695136     
   14.343750000000000      -0.17542883737931536     
   14.359375000000000      -0.17667532177352552     
   14.375000000000000      -0.17793838096886105     
   14.390625000000000      -0.17921829385664445     
   14.406250000000000      -0.18051534479806186     
   14.421875000000000      -0.18182982378219670     
   14.437500000000000      -0.18316202650858937     
   14.453125000000000      -0.18451225455160891     
   14.468750000000000      -0.18588081544799184     
   14.484375000000000      -0.18726802286786892     
   14.500000000000000      -0.18867419670750607     
   14.515625000000000      -0.19009966326732108     
   14.531250000000000      -0.19154475535010818     
   14.546875000000000      -0.19300981244637239     
   14.562500000000000      -0.19449518083831041     
   14.578125000000000      -0.19600121379281443     
   14.593750000000000      -0.19752827167152098     
   14.609375000000000      -0.19907672213184746     
   14.625000000000000      -0.20064694024341723     
   14.640625000000000      -0.20223930869753470     
   14.656250000000000      -0.20385421793028780     
   14.671875000000000      -0.20549206634088346     
   14.687500000000000      -0.20715326042178273     
   14.703125000000000      -0.20883821498632571     
   14.718750000000000      -0.21054735330625185     
   14.734375000000000      -0.21228110734907357     
   14.750000000000000      -0.21403991792334232     
   14.765625000000000      -0.21582423492629754     
   14.781250000000000      -0.21763451749724805     
   14.796875000000000      -0.21947123427597504     
   14.812500000000000      -0.22133486356469056     
   14.828125000000000      -0.22322589359772760     
   14.843750000000000      -0.22514482271246372     
   14.859375000000000      -0.22709215963091189     
   14.875000000000000      -0.22906842364005087     
   14.890625000000000      -0.23107414488590461     
   14.906250000000000      -0.23310986456376792     
   14.921875000000000      -0.23517613522539449     
   14.937500000000000      -0.23727352097962751     
   14.953125000000000      -0.23940259781335982     
   14.968750000000000      -0.24156395380307671     
   14.984375000000000      -0.24375818945033423     
   15.000000000000000      -0.24598591790470525     
   15.015625000000000      -0.24824776531455095     
   15.031250000000000      -0.25054437106195016     
   15.046875000000000      -0.25287638812953261     
   15.062500000000000      -0.25524448334799521     
   15.078125000000000      -0.25764933777984211     
   15.093750000000000      -0.26009164698007980     
   15.109375000000000      -0.26257212139777719     
   15.125000000000000      -0.26509148665058246     
   15.140625000000000      -0.26765048394503799     
   15.156250000000000      -0.27024987036558601     
   15.171875000000000      -0.27289041931464197     
   15.187500000000000      -0.27557292081678542     
   15.203125000000000      -0.27829818197966816     
   15.218750000000000      -0.28106702731408406     
   15.234375000000000      -0.28388029921686853     
   15.250000000000000      -0.28673885830757850     
   15.265625000000000      -0.28964358393459300     
   15.281250000000000      -0.29259537452918893     
   15.296875000000000      -0.29559514813610477     
   15.312500000000000      -0.29864384278580536     
   15.328125000000000      -0.30174241705092042     
   15.343750000000000      -0.30489185043745604     
   15.359375000000000      -0.30809314396861787     
   15.375000000000000      -0.31134732059580239     
   15.390625000000000      -0.31465542581134676     
   15.406250000000000      -0.31801852808016529     
   15.421875000000000      -0.32143771948314193     
   15.437500000000000      -0.32491411617022292     
   15.453125000000000      -0.32844885903630239     
   15.468750000000000      -0.33204311419659938     
   15.484375000000000      -0.33569807369706606     
   15.500000000000000      -0.33941495601280813     
   15.515625000000000      -0.34319500679522008     
   15.531250000000000      -0.34703949939422607     
   15.546875000000000      -0.35094973564452570     
   15.562500000000000      -0.35492704641234685     
   15.578125000000000      -0.35897279242345981     
   15.593750000000000      -0.36308836483501383     
   15.609375000000000      -0.36727518610830079     
   15.625000000000000      -0.37153471060609267     
   15.640625000000000      -0.37586842551348276     
   15.656250000000000      -0.38027785146092929     
   15.671875000000000      -0.38476454349698352     
   15.687500000000000      -0.38933009173689115     
   15.703125000000000      -0.39397612239165536     
   15.718750000000000      -0.39870429844152389     
   15.734375000000000      -0.40351632072668098     
   15.750000000000000      -0.40841392864418058     
   15.765625000000000      -0.41339890130673540     
   15.781250000000000      -0.41847305826050918     
   15.796875000000000      -0.42363826072013810     
   15.812500000000000      -0.42889641230295328     
   15.828125000000000      -0.43424946035102296     
   15.843750000000000      -0.43969939667429458     
   15.859375000000000      -0.44524825897469711     
   15.875000000000000      -0.45089813158544489     
   15.890625000000000      -0.45665114701960241     
   15.906250000000000      -0.46250948668299430     
   15.921875000000000      -0.46847538258382038     
   15.937500000000000      -0.47455111797660854     
   15.953125000000000      -0.48073902929893253     
   15.968750000000000      -0.48704150666198531     
   15.984375000000000      -0.49346099613148797     
   16.000000000000000      -0.50000000000000000     
