   0.0000000000   0.0000000000
   0.0250000000  -0.0002964378
   0.0500000000  -0.0011826092
   0.0750000000  -0.0026490589
   0.1000000000  -0.0046801913
   0.1250000000  -0.0072545116
   0.1500000000  -0.0103449567
   0.1750000000  -0.0139193083
   0.2000000000  -0.0179406810
   0.2250000000  -0.0223680740
   0.2500000000  -0.0271569766
   0.2750000000  -0.0322600154
   0.3000000000  -0.0376276303
   0.3250000000  -0.0432087670
   0.3500000000  -0.0489515736
   0.3750000000  -0.0548040878
   0.4000000000  -0.0607149040
   0.4250000000  -0.0666338095
   0.4500000000  -0.0725123785
   0.4750000000  -0.0783045167
   0.5000000000  -0.0839669484
   0.5250000000  -0.0894596406
   0.5500000000  -0.0947461595
   0.5750000000  -0.0997939570
   0.6000000000  -0.1045745849
   0.6250000000  -0.1090638388
   0.6500000000  -0.1132418314
   0.6750000000  -0.1170929988
   0.7000000000  -0.1206060436
   0.7250000000  -0.1237738199
   0.7500000000  -0.1265931648
   0.7750000000  -0.1290646840
   0.8000000000  -0.1311924970
   0.8250000000  -0.1329839492
   0.8500000000  -0.1344492986
   0.8750000000  -0.1356013823
   0.9000000000  -0.1364552718
   0.9250000000  -0.1370279220
   0.9500000000  -0.1373378205
   0.9750000000  -0.1374046428
   1.0000000000  -0.1372489186
   1.0250000000  -0.1368917126
   1.0500000000  -0.1363543254
   1.0750000000  -0.1356580159
   1.1000000000  -0.1348237479
   1.1250000000  -0.1338719641
   1.1500000000  -0.1328223864
   1.1750000000  -0.1316938453
   1.2000000000  -0.1305041367
   1.2250000000  -0.1292699071
   1.2500000000  -0.1280065647
   1.2750000000  -0.1267282174
   1.3000000000  -0.1254476334
   1.3250000000  -0.1241762253
   1.3500000000  -0.1229240536
   1.3750000000  -0.1216998487
   1.4000000000  -0.1205110488
   1.4250000000  -0.1193638516
   1.4500000000  -0.1182632767
   1.4750000000  -0.1172132384
   1.5000000000  -0.1162166248
   1.5250000000  -0.1152753823
   1.5500000000  -0.1143906033
   1.5750000000  -0.1135626161
   1.6000000000  -0.1127910737
   1.6250000000  -0.1120750429
   1.6500000000  -0.1114130894
   1.6750000000  -0.1108033603
   1.7000000000  -0.1102436625
   1.7250000000  -0.1097315352
   1.7500000000  -0.1092643180
   1.7750000000  -0.1088392125
   1.8000000000  -0.1084533383
   1.8250000000  -0.1081037826
   1.8500000000  -0.1077876441
   1.8750000000  -0.1075020702
   1.9000000000  -0.1072442896
   1.9250000000  -0.1070116381
   1.9500000000  -0.1068015805
   1.9750000000  -0.1066117265
   2.0000000000  -0.1064398430
   2.0250000000  -0.1062838623
   2.0500000000  -0.1061418862
   2.0750000000  -0.1060121876
   2.1000000000  -0.1058932090
   2.1250000000  -0.1057835585
   2.1500000000  -0.1056820046
   2.1750000000  -0.1055874683
   2.2000000000  -0.1054990149
   2.2250000000  -0.1054158446
   2.2500000000  -0.1053372822
   2.2750000000  -0.1052627667
   2.3000000000  -0.1051918404
   2.3250000000  -0.1051241388
   2.3500000000  -0.1050593795
   2.3750000000  -0.1049973524
   2.4000000000  -0.1049379101
   2.4250000000  -0.1048809585
   2.4500000000  -0.1048264483
   2.4750000000  -0.1047743671
   2.5000000000  -0.1047247322
   2.5250000000  -0.1046775839
   2.5500000000  -0.1046329798
   2.5750000000  -0.1045909893
   2.6000000000  -0.1045516891
   2.6250000000  -0.1045151594
   2.6500000000  -0.1044814807
   2.6750000000  -0.1044507302
   2.7000000000  -0.1044229805
   2.7250000000  -0.1043982970
   2.7500000000  -0.1043767367
   2.7750000000  -0.1043583474
   2.8000000000  -0.1043431665
   2.8250000000  -0.1043312209
   2.8500000000  -0.1043225265
   2.8750000000  -0.1043170887
   2.9000000000  -0.1043149020
   2.9250000000  -0.1043159506
   2.9500000000  -0.1043202090
   2.9750000000  -0.1043276419
   3.0000000000  -0.1043382057
   3.0250000000  -0.1043518482
   3.0500000000  -0.1043685101
   3.0750000000  -0.1043881247
   3.1000000000  -0.1044106195
   3.1250000000  -0.1044359161
   3.1500000000  -0.1044639314
   3.1750000000  -0.1044945776
   3.2000000000  -0.1045277635
   3.2250000000  -0.1045633943
   3.2500000000  -0.1046013724
   3.2750000000  -0.1046415981
   3.3000000000  -0.1046839696
   3.3250000000  -0.1047283838
   3.3500000000  -0.1047747361
   3.3750000000  -0.1048229214
   3.4000000000  -0.1048728339
   3.4250000000  -0.1049243677
   3.4500000000  -0.1049774166
   3.4750000000  -0.1050318751
   3.5000000000  -0.1050876376
   3.5250000000  -0.1051445994
   3.5500000000  -0.1052026566
   3.5750000000  -0.1052617063
   3.6000000000  -0.1053216464
   3.6250000000  -0.1053823765
   3.6500000000  -0.1054437972
   3.6750000000  -0.1055058109
   3.7000000000  -0.1055683215
   3.7250000000  -0.1056312347
   3.7500000000  -0.1056944580
   3.7750000000  -0.1057579010
   3.8000000000  -0.1058214753
   3.8250000000  -0.1058850946
   3.8500000000  -0.1059486751
   3.8750000000  -0.1060121351
   3.9000000000  -0.1060753955
   3.9250000000  -0.1061383797
   3.9500000000  -0.1062010137
   3.9750000000  -0.1062632261
   4.0000000000  -0.1063249484
   4.0250000000  -0.1063861147
   4.0500000000  -0.1064466621
   4.0750000000  -0.1065065303
   4.1000000000  -0.1065656623
   4.1250000000  -0.1066240038
   4.1500000000  -0.1066815036
   4.1750000000  -0.1067381133
   4.2000000000  -0.1067937877
   4.2250000000  -0.1068484844
   4.2500000000  -0.1069021642
   4.2750000000  -0.1069547908
   4.3000000000  -0.1070063306
   4.3250000000  -0.1070567534
   4.3500000000  -0.1071060314
   4.3750000000  -0.1071541400
   4.4000000000  -0.1072010572
   4.4250000000  -0.1072467638
   4.4500000000  -0.1072912435
   4.4750000000  -0.1073344822
   4.5000000000  -0.1073764687
   4.5250000000  -0.1074171942
   4.5500000000  -0.1074566523
   4.5750000000  -0.1074948390
   4.6000000000  -0.1075317524
   4.6250000000  -0.1075673930
   4.6500000000  -0.1076017633
   4.6750000000  -0.1076348676
   4.7000000000  -0.1076667125
   4.7250000000  -0.1076973062
   4.7500000000  -0.1077266586
   4.7750000000  -0.1077547813
   4.8000000000  -0.1077816876
   4.8250000000  -0.1078073921
   4.8500000000  -0.1078319108
   4.8750000000  -0.1078552611
   4.9000000000  -0.1078774615
   4.9250000000  -0.1078985317
   4.9500000000  -0.1079184925
   4.9750000000  -0.1079373654
   5.0000000000  -0.1079551732
