   0.0000000000  -0.8447834039
   0.0250000000  -0.8444875709
   0.0500000000  -0.8436007273
   0.0750000000  -0.8421331309
   0.1000000000  -0.8401004350
   0.1250000000  -0.8375241534
   0.1500000000  -0.8344313761
   0.1750000000  -0.8308543569
   0.2000000000  -0.8268300272
   0.2250000000  -0.8223994461
   0.2500000000  -0.8176071958
   0.2750000000  -0.8125007370
   0.3000000000  -0.8071297329
   0.3250000000  -0.8015453588
   0.3500000000  -0.7957996054
   0.3750000000  -0.7899445917
   0.4000000000  -0.7840318971
   0.4250000000  -0.7781119245
   0.4500000000  -0.7722333040
   0.4750000000  -0.7664423458
   0.5000000000  -0.7607825495
   0.5250000000  -0.7552941766
   0.5500000000  -0.7500138892
   0.5750000000  -0.7449744585
   0.6000000000  -0.7402045452
   0.6250000000  -0.7357285501
   0.6500000000  -0.7315665353
   0.6750000000  -0.7277342121
   0.7000000000  -0.7242429928
   0.7250000000  -0.7211001008
   0.7500000000  -0.7183087348
   0.7750000000  -0.7158682798
   0.8000000000  -0.7137745595
   0.8250000000  -0.7120201218
   0.8500000000  -0.7105945528
   0.8750000000  -0.7094848096
   0.9000000000  -0.7086755678
   0.9250000000  -0.7081495744
   0.9500000000  -0.7078880032
   0.9750000000  -0.7078708041
   1.0000000000  -0.7080770431
   1.0250000000  -0.7084852270
   1.0500000000  -0.7090736110
   1.0750000000  -0.7098204831
   1.1000000000  -0.7107044257
   1.1250000000  -0.7117045494
   1.1500000000  -0.7128007005
   1.1750000000  -0.7139736395
   1.2000000000  -0.7152051906
   1.2250000000  -0.7164783642
   1.2500000000  -0.7177774501
   1.2750000000  -0.7190880855
   1.3000000000  -0.7203972974
   1.3250000000  -0.7216935223
   1.3500000000  -0.7229666037
   1.3750000000  -0.7242077712
   1.4000000000  -0.7254096024
   1.4250000000  -0.7265659699
   1.4500000000  -0.7276719762
   1.4750000000  -0.7287238785
   1.5000000000  -0.7297190052
   1.5250000000  -0.7306556670
   1.5500000000  -0.7315330638
   1.5750000000  -0.7323511898
   1.6000000000  -0.7331107382
   1.6250000000  -0.7338130065
   1.6500000000  -0.7344598052
   1.6750000000  -0.7350533691
   1.7000000000  -0.7355962733
   1.7250000000  -0.7360913547
   1.7500000000  -0.7365416392
   1.7750000000  -0.7369502747
   1.8000000000  -0.7373204711
   1.8250000000  -0.7376554468
   1.8500000000  -0.7379583820
   1.8750000000  -0.7382323778
   1.9000000000  -0.7384804228
   1.9250000000  -0.7387053647
   1.9500000000  -0.7389098887
   1.9750000000  -0.7390965001
   2.0000000000  -0.7392675131
   2.0250000000  -0.7394250427
   2.0500000000  -0.7395710022
   2.0750000000  -0.7397071023
   2.1000000000  -0.7398348556
   2.1250000000  -0.7399555815
   2.1500000000  -0.7400704146
   2.1750000000  -0.7401803146
   2.2000000000  -0.7402860772
   2.2250000000  -0.7403883465
   2.2500000000  -0.7404876278
   2.2750000000  -0.7405843007
   2.3000000000  -0.7406786325
   2.3250000000  -0.7407707914
   2.3500000000  -0.7408608596
   2.3750000000  -0.7409488455
   2.4000000000  -0.7410346956
   2.4250000000  -0.7411183058
   2.4500000000  -0.7411995320
   2.4750000000  -0.7412781989
   2.5000000000  -0.7413541094
   2.5250000000  -0.7414270522
   2.5500000000  -0.7414968086
   2.5750000000  -0.7415631588
   2.6000000000  -0.7416258867
   2.6250000000  -0.7416847849
   2.6500000000  -0.7417396580
   2.6750000000  -0.7417903259
   2.7000000000  -0.7418366256
   2.7250000000  -0.7418784137
   2.7500000000  -0.7419155671
   2.7750000000  -0.7419479839
   2.8000000000  -0.7419755837
   2.8250000000  -0.7419983078
   2.8500000000  -0.7420161186
   2.8750000000  -0.7420289990
   2.9000000000  -0.7420369520
   2.9250000000  -0.7420399994
   2.9500000000  -0.7420381805
   2.9750000000  -0.7420315516
   3.0000000000  -0.7420201840
   3.0250000000  -0.7420041633
   3.0500000000  -0.7419835876
   3.0750000000  -0.7419585666
   3.1000000000  -0.7419292201
   3.1250000000  -0.7418956767
   3.1500000000  -0.7418580731
   3.1750000000  -0.7418165522
   3.2000000000  -0.7417712627
   3.2250000000  -0.7417223576
   3.2500000000  -0.7416699937
   3.2750000000  -0.7416143303
   3.3000000000  -0.7415555289
   3.3250000000  -0.7414937519
   3.3500000000  -0.7414291626
   3.3750000000  -0.7413619240
   3.4000000000  -0.7412921986
   3.4250000000  -0.7412201478
   3.4500000000  -0.7411459316
   3.4750000000  -0.7410697080
   3.5000000000  -0.7409916331
   3.5250000000  -0.7409118602
   3.5500000000  -0.7408305400
   3.5750000000  -0.7407478205
   3.6000000000  -0.7406638461
   3.6250000000  -0.7405787584
   3.6500000000  -0.7404926952
   3.6750000000  -0.7404057910
   3.7000000000  -0.7403181766
   3.7250000000  -0.7402299789
   3.7500000000  -0.7401413214
   3.7750000000  -0.7400523234
   3.8000000000  -0.7399631004
   3.8250000000  -0.7398737643
   3.8500000000  -0.7397844226
   3.8750000000  -0.7396951791
   3.9000000000  -0.7396061337
   3.9250000000  -0.7395173822
   3.9500000000  -0.7394290166
   3.9750000000  -0.7393411247
   4.0000000000  -0.7392537906
   4.0250000000  -0.7391670944
   4.0500000000  -0.7390811124
   4.0750000000  -0.7389959169
   4.1000000000  -0.7389115766
   4.1250000000  -0.7388281561
   4.1500000000  -0.7387457166
   4.1750000000  -0.7386643154
   4.2000000000  -0.7385840062
   4.2250000000  -0.7385048392
   4.2500000000  -0.7384268609
   4.2750000000  -0.7383501145
   4.3000000000  -0.7382746397
   4.3250000000  -0.7382004728
   4.3500000000  -0.7381276471
   4.3750000000  -0.7380561924
   4.4000000000  -0.7379861356
   4.4250000000  -0.7379175003
   4.4500000000  -0.7378503075
   4.4750000000  -0.7377845751
   4.5000000000  -0.7377203181
   4.5250000000  -0.7376575490
   4.5500000000  -0.7375962776
   4.5750000000  -0.7375365111
   4.6000000000  -0.7374782544
   4.6250000000  -0.7374215098
   4.6500000000  -0.7373662775
   4.6750000000  -0.7373125555
   4.7000000000  -0.7372603397
   4.7250000000  -0.7372096238
   4.7500000000  -0.7371603999
   4.7750000000  -0.7371126580
   4.8000000000  -0.7370663865
   4.8250000000  -0.7370215721
   4.8500000000  -0.7369781998
   4.8750000000  -0.7369362533
   4.9000000000  -0.7368957148
   4.9250000000  -0.7368565650
   4.9500000000  -0.7368187837
   4.9750000000  -0.7367823493
   5.0000000000  -0.7367472391
