   0.0000000000  -0.8447834039
   0.0250000000  -0.8447840087
   0.0500000000  -0.8447833365
   0.0750000000  -0.8447821899
   0.1000000000  -0.8447806263
   0.1250000000  -0.8447786650
   0.1500000000  -0.8447763328
   0.1750000000  -0.8447736652
   0.2000000000  -0.8447707082
   0.2250000000  -0.8447675201
   0.2500000000  -0.8447641725
   0.2750000000  -0.8447607524
   0.3000000000  -0.8447573632
   0.3250000000  -0.8447541259
   0.3500000000  -0.8447511791
   0.3750000000  -0.8447486795
   0.4000000000  -0.8447468011
   0.4250000000  -0.8447457340
   0.4500000000  -0.8447456825
   0.4750000000  -0.8447468624
   0.5000000000  -0.8447494979
   0.5250000000  -0.8447538172
   0.5500000000  -0.8447600488
   0.5750000000  -0.8447684155
   0.6000000000  -0.8447791301
   0.6250000000  -0.8447923889
   0.6500000000  -0.8448083667
   0.6750000000  -0.8448272109
   0.7000000000  -0.8448490364
   0.7250000000  -0.8448739207
   0.7500000000  -0.8449018996
   0.7750000000  -0.8449329638
   0.8000000000  -0.8449670564
   0.8250000000  -0.8450040710
   0.8500000000  -0.8450438514
   0.8750000000  -0.8450861919
   0.9000000000  -0.8451308395
   0.9250000000  -0.8451774963
   0.9500000000  -0.8452258237
   0.9750000000  -0.8452754470
   1.0000000000  -0.8453259616
   1.0250000000  -0.8453769396
   1.0500000000  -0.8454279364
   1.0750000000  -0.8454784990
   1.1000000000  -0.8455281736
   1.1250000000  -0.8455765135
   1.1500000000  -0.8456230869
   1.1750000000  -0.8456674847
   1.2000000000  -0.8457093274
   1.2250000000  -0.8457482713
   1.2500000000  -0.8457840148
   1.2750000000  -0.8458163029
   1.3000000000  -0.8458449309
   1.3250000000  -0.8458697477
   1.3500000000  -0.8458906573
   1.3750000000  -0.8459076199
   1.4000000000  -0.8459206512
   1.4250000000  -0.8459298214
   1.4500000000  -0.8459352529
   1.4750000000  -0.8459371169
   1.5000000000  -0.8459356300
   1.5250000000  -0.8459310493
   1.5500000000  -0.8459236671
   1.5750000000  -0.8459138059
   1.6000000000  -0.8459018119
   1.6250000000  -0.8458880494
   1.6500000000  -0.8458728946
   1.6750000000  -0.8458567294
   1.7000000000  -0.8458399358
   1.7250000000  -0.8458228899
   1.7500000000  -0.8458059572
   1.7750000000  -0.8457894871
   1.8000000000  -0.8457738093
   1.8250000000  -0.8457592295
   1.8500000000  -0.8457460261
   1.8750000000  -0.8457344480
   1.9000000000  -0.8457247123
   1.9250000000  -0.8457170028
   1.9500000000  -0.8457114692
   1.9750000000  -0.8457082266
   2.0000000000  -0.8457073561
   2.0250000000  -0.8457089050
   2.0500000000  -0.8457128883
   2.0750000000  -0.8457192899
   2.1000000000  -0.8457280646
   2.1250000000  -0.8457391401
   2.1500000000  -0.8457524192
   2.1750000000  -0.8457677829
   2.2000000000  -0.8457850921
   2.2250000000  -0.8458041912
   2.2500000000  -0.8458249101
   2.2750000000  -0.8458470674
   2.3000000000  -0.8458704729
   2.3250000000  -0.8458949303
   2.3500000000  -0.8459202391
   2.3750000000  -0.8459461979
   2.4000000000  -0.8459726057
   2.4250000000  -0.8459992644
   2.4500000000  -0.8460259803
   2.4750000000  -0.8460525660
   2.5000000000  -0.8460788416
   2.5250000000  -0.8461046362
   2.5500000000  -0.8461297885
   2.5750000000  -0.8461541480
   2.6000000000  -0.8461775757
   2.6250000000  -0.8461999443
   2.6500000000  -0.8462211387
   2.6750000000  -0.8462410561
   2.7000000000  -0.8462596061
   2.7250000000  -0.8462767107
   2.7500000000  -0.8462923039
   2.7750000000  -0.8463063313
   2.8000000000  -0.8463187502
   2.8250000000  -0.8463295287
   2.8500000000  -0.8463386451
   2.8750000000  -0.8463460878
   2.9000000000  -0.8463518541
   2.9250000000  -0.8463559500
   2.9500000000  -0.8463583895
   2.9750000000  -0.8463591935
   3.0000000000  -0.8463583897
   3.0250000000  -0.8463560115
   3.0500000000  -0.8463520977
   3.0750000000  -0.8463466913
   3.1000000000  -0.8463398395
   3.1250000000  -0.8463315928
   3.1500000000  -0.8463220045
   3.1750000000  -0.8463111299
   3.2000000000  -0.8462990262
   3.2250000000  -0.8462857519
   3.2500000000  -0.8462713661
   3.2750000000  -0.8462559284
   3.3000000000  -0.8462394985
   3.3250000000  -0.8462221357
   3.3500000000  -0.8462038987
   3.3750000000  -0.8461848454
   3.4000000000  -0.8461650325
   3.4250000000  -0.8461445155
   3.4500000000  -0.8461233482
   3.4750000000  -0.8461015831
   3.5000000000  -0.8460792706
   3.5250000000  -0.8460564596
   3.5500000000  -0.8460331967
   3.5750000000  -0.8460095267
   3.6000000000  -0.8459854926
   3.6250000000  -0.8459611349
   3.6500000000  -0.8459364924
   3.6750000000  -0.8459116020
   3.7000000000  -0.8458864981
   3.7250000000  -0.8458612136
   3.7500000000  -0.8458357794
   3.7750000000  -0.8458102244
   3.8000000000  -0.8457845757
   3.8250000000  -0.8457588589
   3.8500000000  -0.8457330976
   3.8750000000  -0.8457073142
   3.9000000000  -0.8456815292
   3.9250000000  -0.8456557619
   3.9500000000  -0.8456300302
   3.9750000000  -0.8456043508
   4.0000000000  -0.8455787390
   4.0250000000  -0.8455532091
   4.0500000000  -0.8455277744
   4.0750000000  -0.8455024472
   4.1000000000  -0.8454772389
   4.1250000000  -0.8454521600
   4.1500000000  -0.8454272202
   4.1750000000  -0.8454024287
   4.2000000000  -0.8453777939
   4.2250000000  -0.8453533236
   4.2500000000  -0.8453290251
   4.2750000000  -0.8453049052
   4.3000000000  -0.8452809703
   4.3250000000  -0.8452572262
   4.3500000000  -0.8452336785
   4.3750000000  -0.8452103324
   4.4000000000  -0.8451871927
   4.4250000000  -0.8451642642
   4.4500000000  -0.8451415510
   4.4750000000  -0.8451190573
   4.5000000000  -0.8450967868
   4.5250000000  -0.8450747432
   4.5500000000  -0.8450529299
   4.5750000000  -0.8450313501
   4.6000000000  -0.8450100068
   4.6250000000  -0.8449889028
   4.6500000000  -0.8449680408
   4.6750000000  -0.8449474231
   4.7000000000  -0.8449270522
   4.7250000000  -0.8449069300
   4.7500000000  -0.8448870585
   4.7750000000  -0.8448674393
   4.8000000000  -0.8448480741
   4.8250000000  -0.8448289641
   4.8500000000  -0.8448101106
   4.8750000000  -0.8447915144
   4.9000000000  -0.8447731762
   4.9250000000  -0.8447550967
   4.9500000000  -0.8447372762
   4.9750000000  -0.8447197147
   5.0000000000  -0.8447024122
