   0.0000000000   0.2288161174
   0.0250000000   0.2290172356
   0.0500000000   0.2299679348
   0.0750000000   0.2321619367
   0.1000000000   0.2352068210
   0.1250000000   0.2394905262
   0.1500000000   0.2446186853
   0.1750000000   0.2509746861
   0.2000000000   0.2581603203
   0.2250000000   0.2665513871
   0.2500000000   0.2757436234
   0.2750000000   0.2861013941
   0.3000000000   0.2972123848
   0.3250000000   0.3094253237
   0.3500000000   0.3223185856
   0.3750000000   0.3362212235
   0.4000000000   0.3507022128
   0.4250000000   0.3660675736
   0.4500000000   0.3818782469
   0.4750000000   0.3984149902
   0.5000000000   0.4152336250
   0.5250000000   0.4325888642
   0.5500000000   0.4500357679
   0.5750000000   0.4678038309
   0.6000000000   0.4854528616
   0.6250000000   0.5031895584
   0.6500000000   0.5205847003
   0.6750000000   0.5378260328
   0.7000000000   0.5545017092
   0.7250000000   0.5707854798
   0.7500000000   0.5862888981
   0.7750000000   0.6011773942
   0.8000000000   0.6150910429
   0.8250000000   0.6281929059
   0.8500000000   0.6401553567
   0.8750000000   0.6511448781
   0.9000000000   0.6608682638
   0.9250000000   0.6695006493
   0.9500000000   0.6767835505
   0.9750000000   0.6829051097
   1.0000000000   0.6876400399
   1.0250000000   0.6911927405
   1.0500000000   0.6933679062
   1.0750000000   0.6943882218
   1.1000000000   0.6940837190
   1.1250000000   0.6926961582
   1.1500000000   0.6900751874
   1.1750000000   0.6864812770
   1.2000000000   0.6817773040
   1.2250000000   0.6762410883
   1.2500000000   0.6697421095
   1.2750000000   0.6625734004
   1.3000000000   0.6546045919
   1.3250000000   0.6461412677
   1.3500000000   0.6370472967
   1.3750000000   0.6276378883
   1.4000000000   0.6177660668
   1.4250000000   0.6077537217
   1.4500000000   0.5974389847
   1.4750000000   0.5871476688
   1.5000000000   0.5767001067
   1.5250000000   0.5664236264
   1.5500000000   0.5561190112
   1.5750000000   0.5461131429
   1.6000000000   0.5361865904
   1.6250000000   0.5266643180
   1.6500000000   0.5173069640
   1.6750000000   0.5084365818
   1.7000000000   0.4997949288
   1.7250000000   0.4917005806
   1.7500000000   0.4838780257
   1.7750000000   0.4766421398
   1.8000000000   0.4697021155
   1.8250000000   0.4633691613
   1.8500000000   0.4573393245
   1.8750000000   0.4519203457
   1.9000000000   0.4467973083
   1.9250000000   0.4422747781
   1.9500000000   0.4380289796
   1.9750000000   0.4343616390
   2.0000000000   0.4309420861
   2.0250000000   0.4280695570
   2.0500000000   0.4254082833
   2.0750000000   0.4232553668
   2.1000000000   0.4212715691
   2.1250000000   0.4197522285
   2.1500000000   0.4183561134
   2.1750000000   0.4173771983
   2.2000000000   0.4164736048
   2.2250000000   0.4159383866
   2.2500000000   0.4154302519
   2.2750000000   0.4152418257
   2.3000000000   0.4150335289
   2.3250000000   0.4150980938
   2.3500000000   0.4150986665
   2.3750000000   0.4153286466
   2.4000000000   0.4154547864
   2.4250000000   0.4157717058
   2.4500000000   0.4159504865
   2.4750000000   0.4162874767
   2.5000000000   0.4164586245
   2.5250000000   0.4167624283
   2.5500000000   0.4168800300
   2.5750000000   0.4171123769
   2.6000000000   0.4171459084
   2.6250000000   0.4172841668
   2.6500000000   0.4172187695
   2.6750000000   0.4172558306
   2.7000000000   0.4170918176
   2.7250000000   0.4170352213
   2.7500000000   0.4167868519
   2.7750000000   0.4166572208
   2.8000000000   0.4163508355
   2.8250000000   0.4161797333
   2.8500000000   0.4158513832
   2.8750000000   0.4156787464
   2.9000000000   0.4153714778
   2.9250000000   0.4152427875
   2.9500000000   0.4150037504
   2.9750000000   0.4149671133
   3.0000000000   0.4148446563
   3.0250000000   0.4149479469
   3.0500000000   0.4149888406
   3.0750000000   0.4152770336
   3.1000000000   0.4155239371
   3.1250000000   0.4160367303
   3.1500000000   0.4165259838
   3.1750000000   0.4172957781
   3.2000000000   0.4180555784
   3.2250000000   0.4191058598
   3.2500000000   0.4201548492
   3.2750000000   0.4214989949
   3.3000000000   0.4228452809
   3.3250000000   0.4244858003
   3.3500000000   0.4261264115
   3.3750000000   0.4280546245
   3.4000000000   0.4299754043
   3.4250000000   0.4321715568
   3.4500000000   0.4343474921
   3.4750000000   0.4367813044
   3.5000000000   0.4391772830
   3.5250000000   0.4418089209
   3.5500000000   0.4443809027
   3.5750000000   0.4471623501
   3.6000000000   0.4498589248
   3.6250000000   0.4527357229
   3.6500000000   0.4555000088
   3.6750000000   0.4584133049
   3.7000000000   0.4611851221
   3.7250000000   0.4640739510
   3.7500000000   0.4667921804
   3.7750000000   0.4695958788
   3.8000000000   0.4722008994
   3.8250000000   0.4748615372
   3.8500000000   0.4772976188
   3.8750000000   0.4797623212
   3.9000000000   0.4819798452
   3.9250000000   0.4842028786
   3.9500000000   0.4861602630
   3.9750000000   0.4881047677
   4.0000000000   0.4897699888
   4.0250000000   0.4914092614
   4.0500000000   0.4927608873
   4.0750000000   0.4940791442
   4.1000000000   0.4951068289
   4.1250000000   0.4960994162
   4.1500000000   0.4968038366
   4.1750000000   0.4974768893
   4.2000000000   0.4978691459
   4.2250000000   0.4982387336
   4.2500000000   0.4983392693
   4.2750000000   0.4984300989
   4.3000000000   0.4982672173
   4.3250000000   0.4981109842
   4.3500000000   0.4977190702
   4.3750000000   0.4973525698
   4.4000000000   0.4967701263
   4.4250000000   0.4962332404
   4.4500000000   0.4955008573
   4.4750000000   0.4948345302
   4.5000000000   0.4939928954
   4.5250000000   0.4932372044
   4.5500000000   0.4923252563
   4.5750000000   0.4915176658
   4.6000000000   0.4905709668
   4.6250000000   0.4897448394
   4.6500000000   0.4887942325
   4.6750000000   0.4879776464
   4.7000000000   0.4870482378
   4.7250000000   0.4862631440
   4.7500000000   0.4853736333
   4.7750000000   0.4846353651
   4.8000000000   0.4837977291
   4.8250000000   0.4831148634
   4.8500000000   0.4823343839
   4.8750000000   0.4817089363
   4.9000000000   0.4809845505
   4.9250000000   0.4804124773
   4.9500000000   0.4797374173
   4.9750000000   0.4792093873
   5.0000000000   0.4785720679
