   0.0000000000  -0.0105919018
   0.0250000000  -0.0105836396
   0.0500000000  -0.0106314439
   0.0750000000  -0.0105774208
   0.1000000000  -0.0106098574
   0.1250000000  -0.0105244462
   0.1500000000  -0.0105032060
   0.1750000000  -0.0103374127
   0.2000000000  -0.0102043279
   0.2250000000  -0.0098929932
   0.2500000000  -0.0095778249
   0.2750000000  -0.0090484305
   0.3000000000  -0.0084783804
   0.3250000000  -0.0076609920
   0.3500000000  -0.0067707660
   0.3750000000  -0.0056079026
   0.4000000000  -0.0043491105
   0.4250000000  -0.0028043608
   0.4500000000  -0.0011531507
   0.4750000000   0.0007824532
   0.5000000000   0.0028203834
   0.5250000000   0.0051249258
   0.5500000000   0.0075124540
   0.5750000000   0.0101329489
   0.6000000000   0.0128029220
   0.6250000000   0.0156583126
   0.6500000000   0.0185179616
   0.6750000000   0.0215048861
   0.7000000000   0.0244426969
   0.7250000000   0.0274433244
   0.7500000000   0.0303375679
   0.7750000000   0.0332286297
   0.8000000000   0.0359566343
   0.8250000000   0.0386187152
   0.8500000000   0.0410659524
   0.8750000000   0.0433921450
   0.9000000000   0.0454602885
   0.9250000000   0.0473634489
   0.9500000000   0.0489767337
   0.9750000000   0.0503947715
   1.0000000000   0.0515041973
   1.0250000000   0.0524030668
   1.0500000000   0.0529882319
   1.0750000000   0.0533625338
   1.1000000000   0.0534311210
   1.1250000000   0.0533024522
   1.1500000000   0.0528876039
   1.1750000000   0.0523009843
   1.2000000000   0.0514569711
   1.2250000000   0.0504758207
   1.2500000000   0.0492725262
   1.2750000000   0.0479727520
   1.3000000000   0.0464895529
   1.3250000000   0.0449533325
   1.3500000000   0.0432729513
   1.3750000000   0.0415827699
   1.4000000000   0.0397856235
   1.4250000000   0.0380190385
   1.4500000000   0.0361785041
   1.4750000000   0.0344039979
   1.5000000000   0.0325828864
   1.5250000000   0.0308570224
   1.5500000000   0.0291054039
   1.5750000000   0.0274713526
   1.6000000000   0.0258257299
   1.6250000000   0.0243130920
   1.6500000000   0.0227967870
   1.6750000000   0.0214225224
   1.7000000000   0.0200470404
   1.7250000000   0.0188172273
   1.7500000000   0.0175842976
   1.7750000000   0.0164964050
   1.8000000000   0.0154003756
   1.8250000000   0.0144457284
   1.8500000000   0.0134760072
   1.8750000000   0.0126421602
   1.9000000000   0.0117854493
   1.9250000000   0.0110582479
   1.9500000000   0.0103003855
   1.9750000000   0.0096655740
   2.0000000000   0.0089928874
   2.0250000000   0.0084372053
   2.0500000000   0.0078373550
   2.0750000000   0.0073491436
   2.1000000000   0.0068115103
   2.1250000000   0.0063809047
   2.1500000000   0.0058966178
   2.1750000000   0.0055154409
   2.2000000000   0.0050771717
   2.2250000000   0.0047386565
   2.2500000000   0.0043403006
   2.2750000000   0.0040387583
   2.3000000000   0.0036751145
   2.3250000000   0.0034056403
   2.3500000000   0.0030721601
   2.3750000000   0.0028304353
   2.4000000000   0.0025230839
   2.4250000000   0.0023052939
   2.4500000000   0.0020205262
   2.4750000000   0.0018233860
   2.5000000000   0.0015582146
   2.5250000000   0.0013790658
   2.5500000000   0.0011311816
   2.5750000000   0.0009681195
   2.6000000000   0.0007360181
   2.6250000000   0.0005880025
   2.6500000000   0.0003710773
   2.6750000000   0.0002379940
   2.7000000000   0.0000365661
   2.7250000000  -0.0000807828
   2.7500000000  -0.0002655077
   2.7750000000  -0.0003654867
   2.8000000000  -0.0005315324
   2.8250000000  -0.0006118178
   2.8500000000  -0.0007566041
   2.8750000000  -0.0008143708
   2.9000000000  -0.0009349090
   2.9250000000  -0.0009670323
   2.9500000000  -0.0010601249
   2.9750000000  -0.0010633748
   3.0000000000  -0.0011257982
   3.0250000000  -0.0010970090
   3.0500000000  -0.0011256678
   3.0750000000  -0.0010618765
   3.1000000000  -0.0010539267
   3.1250000000  -0.0009524818
   3.1500000000  -0.0009054302
   3.1750000000  -0.0007640834
   3.2000000000  -0.0006758760
   3.2250000000  -0.0004928685
   3.2500000000  -0.0003619824
   3.2750000000  -0.0001361427
   3.3000000000   0.0000383066
   3.3250000000   0.0003074473
   3.3500000000   0.0005255779
   3.3750000000   0.0008376499
   3.4000000000   0.0010986684
   3.4250000000   0.0014523166
   3.4500000000   0.0017543699
   3.4750000000   0.0021471130
   3.5000000000   0.0024871569
   3.5250000000   0.0029152760
   3.5500000000   0.0032889863
   3.5750000000   0.0037474680
   3.6000000000   0.0041492182
   3.6250000000   0.0046317765
   3.6500000000   0.0050547029
   3.6750000000   0.0055538940
   3.7000000000   0.0059900591
   3.7250000000   0.0064974956
   3.7500000000   0.0069381495
   3.7750000000   0.0074448079
   3.8000000000   0.0078807354
   3.8250000000   0.0083773380
   3.8500000000   0.0087992669
   3.8750000000   0.0092767088
   3.9000000000   0.0096757480
   3.9250000000   0.0101255352
   3.9500000000   0.0104936053
   3.9750000000   0.0109082656
   4.0000000000   0.0112384841
   4.0250000000   0.0116119159
   4.0500000000   0.0118989061
   4.0750000000   0.0122266364
   4.1000000000   0.0124667343
   4.1250000000   0.0127460666
   4.1500000000   0.0129374128
   4.1750000000   0.0131674569
   4.2000000000   0.0133099708
   4.2250000000   0.0134915583
   4.2500000000   0.0135868033
   4.2750000000   0.0137223027
   4.3000000000   0.0137732605
   4.3250000000   0.0138663129
   4.3500000000   0.0138770917
   4.3750000000   0.0139322942
   4.4000000000   0.0139077972
   4.4250000000   0.0139303614
   4.4500000000   0.0138759438
   4.4750000000   0.0138713565
   4.5000000000   0.0137924959
   4.5250000000   0.0137662032
   4.5500000000   0.0136682024
   4.5750000000   0.0136253358
   4.6000000000   0.0135130731
   4.6250000000   0.0134582270
   4.6500000000   0.0133359613
   4.6750000000   0.0132730282
   4.7000000000   0.0131442622
   4.7250000000   0.0130763254
   4.7500000000   0.0129437245
   4.7750000000   0.0128730059
   4.8000000000   0.0127383699
   4.8250000000   0.0126662262
   4.8500000000   0.0125305068
   4.8750000000   0.0124574694
   4.9000000000   0.0123208278
   4.9250000000   0.0122466790
   4.9500000000   0.0121085771
   4.9750000000   0.0120324578
   5.0000000000   0.0118917777
