   0.0250000000  -0.8434664671
   0.0500000000  -0.8393027667
   0.0750000000  -0.8340769758
   0.1000000000  -0.8253761003
   0.1250000000  -0.8157883650
   0.1500000000  -0.8029584218
   0.1750000000  -0.7895148071
   0.2000000000  -0.7731490466
   0.2250000000  -0.7565177164
   0.2500000000  -0.7373456766
   0.2750000000  -0.7183032610
   0.3000000000  -0.6971339095
   0.3250000000  -0.6765070222
   0.3500000000  -0.6541702436
   0.3750000000  -0.6327784653
   0.4000000000  -0.6100709514
   0.4250000000  -0.5886768692
   0.4500000000  -0.5663173491
   0.4750000000  -0.5455877856
   0.5000000000  -0.5241848156
   0.5250000000  -0.5046654895
   0.5500000000  -0.4846990506
   0.5750000000  -0.4668029501
   0.6000000000  -0.4486192374
   0.6250000000  -0.4326272995
   0.6500000000  -0.4164446345
   0.6750000000  -0.4025161437
   0.7000000000  -0.3884390591
   0.7250000000  -0.3766286024
   0.7500000000  -0.3646668642
   0.7750000000  -0.3549446608
   0.8000000000  -0.3450342082
   0.8250000000  -0.3373070436
   0.8500000000  -0.3293303885
   0.8750000000  -0.3234610474
   0.9000000000  -0.3172654041
   0.9250000000  -0.3130892557
   0.9500000000  -0.3085014256
   0.9750000000  -0.3058395339
   1.0000000000  -0.3026772368
   1.0250000000  -0.3013459678
   1.0500000000  -0.2994258277
   1.0750000000  -0.2992433545
   1.1000000000  -0.2983860908
   1.1250000000  -0.2991764536
   1.1500000000  -0.2992099962
   1.1750000000  -0.3008054577
   1.2000000000  -0.3015667198
   1.2250000000  -0.3038091139
   1.2500000000  -0.3051450550
   1.2750000000  -0.3078866813
   1.3000000000  -0.3096551248
   1.3250000000  -0.3127595536
   1.3500000000  -0.3148300222
   1.3750000000  -0.3181729812
   1.4000000000  -0.3204276353
   1.4250000000  -0.3238979834
   1.4500000000  -0.3262326042
   1.4750000000  -0.3297332883
   1.5000000000  -0.3320581672
   1.5250000000  -0.3355070004
   1.5500000000  -0.3377475650
   1.5750000000  -0.3410776633
   1.6000000000  -0.3431746923
   1.6250000000  -0.3463344414
   1.6500000000  -0.3482437655
   1.6750000000  -0.3511962469
   1.7000000000  -0.3528878995
   1.7250000000  -0.3556097720
   1.7500000000  -0.3570666167
   1.7750000000  -0.3595465123
   1.8000000000  -0.3607624353
   1.8250000000  -0.3629989815
   1.8500000000  -0.3639767813
   1.8750000000  -0.3659763997
   1.9000000000  -0.3667255377
   1.9250000000  -0.3685001900
   1.9500000000  -0.3690345751
   1.9750000000  -0.3705996270
   2.0000000000  -0.3709355977
   2.0250000000  -0.3723079553
   2.0500000000  -0.3724625999
   2.0750000000  -0.3736592361
   2.1000000000  -0.3736491436
   2.1250000000  -0.3746860863
   2.1500000000  -0.3745265760
   2.1750000000  -0.3754183753
   2.2000000000  -0.3751231923
   2.2250000000  -0.3758828301
   2.2500000000  -0.3754642492
   2.2750000000  -0.3761034121
   2.3000000000  -0.3755726503
   2.3250000000  -0.3761022516
   2.3500000000  -0.3754700690
   2.3750000000  -0.3759008949
   2.4000000000  -0.3751782541
   2.4250000000  -0.3755216087
   2.4500000000  -0.3747202783
   2.4750000000  -0.3749885204
   2.5000000000  -0.3741215251
   2.5250000000  -0.3743284167
   2.5500000000  -0.3734102718
   2.5750000000  -0.3735710900
   2.6000000000  -0.3726177881
   2.6250000000  -0.3727491872
   2.6500000000  -0.3717779386
   2.6750000000  -0.3718975766
   2.7000000000  -0.3709263318
   2.7250000000  -0.3710523006
   2.7500000000  -0.3700991026
   2.7750000000  -0.3702492184
   2.8000000000  -0.3693314475
   2.8250000000  -0.3695224667
   2.8500000000  -0.3686560450
   2.8750000000  -0.3689028748
   2.9000000000  -0.3681014991
   2.9250000000  -0.3684164684
   2.9500000000  -0.3676909334
   2.9750000000  -0.3680831821
   3.0000000000  -0.3674408487
   3.0250000000  -0.3679158841
   3.0500000000  -0.3673603313
   3.0750000000  -0.3679197830
   3.1000000000  -0.3674506712
   3.1250000000  -0.3680922646
   3.1500000000  -0.3677054187
   3.1750000000  -0.3684231665
   3.2000000000  -0.3681108734
   3.2250000000  -0.3688954733
   3.2500000000  -0.3686469714
   3.2750000000  -0.3694863792
   3.3000000000  -0.3692885061
   3.3250000000  -0.3701686459
   3.3500000000  -0.3700065983
   3.3750000000  -0.3709121595
   3.4000000000  -0.3707703141
   3.4250000000  -0.3716855830
   3.4500000000  -0.3715483254
   3.4750000000  -0.3724579971
   3.5000000000  -0.3723105047
   3.5250000000  -0.3732004266
   3.5500000000  -0.3730293612
   3.5750000000  -0.3738871648
   3.6000000000  -0.3736812363
   3.6250000000  -0.3744968267
   3.6500000000  -0.3742472030
   3.6750000000  -0.3750130848
   3.7000000000  -0.3747136331
   3.7250000000  -0.3754250678
   3.7500000000  -0.3750724275
   3.7750000000  -0.3757274241
   3.8000000000  -0.3753209211
   3.8250000000  -0.3759200789
   3.8500000000  -0.3754615013
   3.8750000000  -0.3760077262
   3.9000000000  -0.3755009892
   3.9250000000  -0.3759991148
   3.9500000000  -0.3754498464
   3.9750000000  -0.3759061920
   4.0000000000  -0.3753212718
   4.0250000000  -0.3757431714
   4.0500000000  -0.3751302568
   4.0750000000  -0.3755255889
   4.1000000000  -0.3748926565
   4.1250000000  -0.3752694033
   4.1500000000  -0.3746243304
   4.1750000000  -0.3749901871
   4.2000000000  -0.3743403934
   4.2250000000  -0.3747024443
   4.2500000000  -0.3740546043
   4.2750000000  -0.3744190747
   4.3000000000  -0.3737789097
   4.3250000000  -0.3741509970
   4.3500000000  -0.3735231453
   4.3750000000  -0.3739069275
   4.4000000000  -0.3732948896
   4.4250000000  -0.3736933048
   4.4500000000  -0.3730994546
   4.4750000000  -0.3735143418
   4.5000000000  -0.3729399936
   4.5250000000  -0.3733721824
   4.5500000000  -0.3728177002
   4.5750000000  -0.3732671360
   4.6000000000  -0.3727320719
   4.6250000000  -0.3731979648
   4.6500000000  -0.3726812142
   4.6750000000  -0.3731621971
   4.7000000000  -0.3726621582
   4.7250000000  -0.3731564457
   4.7500000000  -0.3726711741
   4.7750000000  -0.3731767107
   4.8000000000  -0.3727040611
   4.8250000000  -0.3732186547
   4.8500000000  -0.3727564041
   4.8750000000  -0.3732778385
   4.9000000000  -0.3728237880
   4.9250000000  -0.3733499136
   4.9500000000  -0.3729019676
   4.9750000000  -0.3734307696
   5.0000000000  -0.3729869933
   0.0250000000  -0.8221335221
   0.0500000000  -0.8191955104
   0.0750000000  -0.8159881129
   0.1000000000  -0.8100621062
   0.1250000000  -0.8039562329
   0.1500000000  -0.7952538523
   0.1750000000  -0.7865120757
   0.2000000000  -0.7753428490
   0.2250000000  -0.7643170982
   0.2500000000  -0.7510701801
   0.2750000000  -0.7381812447
   0.3000000000  -0.7233030142
   0.3250000000  -0.7090165943
   0.3500000000  -0.6929855687
   0.3750000000  -0.6777865123
   0.4000000000  -0.6610874065
   0.4250000000  -0.6454541081
   0.4500000000  -0.6285530975
   0.4750000000  -0.6129341314
   0.5000000000  -0.5962573260
   0.5250000000  -0.5810521714
   0.5500000000  -0.5649689287
   0.5750000000  -0.5505141207
   0.6000000000  -0.5353261897
   0.6250000000  -0.5218875141
   0.6500000000  -0.5078242449
   0.6750000000  -0.4955948388
   0.7000000000  -0.4828139741
   0.7250000000  -0.4719175472
   0.7500000000  -0.4605105631
   0.7750000000  -0.4510085174
   0.8000000000  -0.4410091644
   0.8250000000  -0.4329101993
   0.8500000000  -0.4243048222
   0.8750000000  -0.4175756444
   0.9000000000  -0.4103139867
   0.9250000000  -0.4048899489
   0.9500000000  -0.3988954039
   0.9750000000  -0.3946901920
   1.0000000000  -0.3898687888
   1.0250000000  -0.3867826099
   1.0500000000  -0.3830303445
   1.0750000000  -0.3809563775
   1.1000000000  -0.3781647877
   1.1250000000  -0.3769939149
   1.1500000000  -0.3750540208
   1.1750000000  -0.3746780450
   1.2000000000  -0.3734829221
   1.2250000000  -0.3737965828
   1.2500000000  -0.3732429105
   1.2750000000  -0.3741450514
   1.3000000000  -0.3741339829
   1.3250000000  -0.3755282005
   1.3500000000  -0.3759658580
   1.3750000000  -0.3777609004
   1.4000000000  -0.3785587226
   1.4250000000  -0.3806688195
   1.4500000000  -0.3817438992
   1.4750000000  -0.3840891205
   1.5000000000  -0.3853645881
   1.5250000000  -0.3878712491
   1.5500000000  -0.3892766923
   1.5750000000  -0.3918777744
   1.6000000000  -0.3933496441
   1.6250000000  -0.3959851698
   1.6500000000  -0.3974671092
   1.6750000000  -0.4000844106
   1.7000000000  -0.4015274501
   1.7250000000  -0.4040812815
   1.7500000000  -0.4054438647
   1.7750000000  -0.4078963394
   1.8000000000  -0.4091441722
   1.8250000000  -0.4114645288
   1.8500000000  -0.4125702705
   1.8750000000  -0.4147344990
   1.9000000000  -0.4156773347
   1.9250000000  -0.4176677069
   1.9500000000  -0.4184328492
   1.9750000000  -0.4202374046
   2.0000000000  -0.4208155738
   2.0250000000  -0.4224276034
   2.0500000000  -0.4228145245
   2.0750000000  -0.4242320866
   2.1000000000  -0.4244280257
   2.1250000000  -0.4256535049
   2.1500000000  -0.4256628514
   2.1750000000  -0.4267025606
   2.2000000000  -0.4265334438
   2.2250000000  -0.4273972506
   2.2500000000  -0.4270611696
   2.2750000000  -0.4277621226
   2.3000000000  -0.4272735627
   2.3250000000  -0.4278274911
   2.3500000000  -0.4272035008
   2.3750000000  -0.4276285652
   2.4000000000  -0.4268882769
   2.4250000000  -0.4272044577
   2.4500000000  -0.4263685437
   2.4750000000  -0.4265970662
   2.5000000000  -0.4256871352
   2.5250000000  -0.4258498411
   2.5500000000  -0.4248877901
   2.5750000000  -0.4250064767
   2.6000000000  -0.4240138241
   2.6250000000  -0.4241095779
   2.6500000000  -0.4231068065
   2.6750000000  -0.4231993644
   2.7000000000  -0.4222053074
   2.7250000000  -0.4223124759
   2.7500000000  -0.4213437772
   2.7750000000  -0.4214809395
   2.8000000000  -0.4205516139
   2.8250000000  -0.4207313488
   2.8500000000  -0.4198524631
   2.8750000000  -0.4200842917
   2.9000000000  -0.4192637797
   2.9250000000  -0.4195540500
   2.9500000000  -0.4187966663
   2.9750000000  -0.4191485749
   3.0000000000  -0.4184559836
   3.0250000000  -0.4188697292
   3.0500000000  -0.4182407179
   3.0750000000  -0.4187137711
   3.1000000000  -0.4181445720
   3.1250000000  -0.4186720425
   3.1500000000  -0.4181567401
   3.1750000000  -0.4187318176
   3.2000000000  -0.4182628155
   3.2250000000  -0.4188772573
   3.2500000000  -0.4184457794
   3.2750000000  -0.4190904173
   3.3000000000  -0.4186870148
   3.3250000000  -0.4193522553
   3.3500000000  -0.4189672943
   3.3750000000  -0.4196435886
   3.4000000000  -0.4192676960
   3.4250000000  -0.4199459580
   3.4500000000  -0.4195704091
   3.4750000000  -0.4202423674
   3.5000000000  -0.4198593990
   3.5250000000  -0.4205178713
   3.5500000000  -0.4201209162
   3.5750000000  -0.4207600016
   3.6000000000  -0.4203438388
   3.6250000000  -0.4209590273
   3.6500000000  -0.4205198523
   3.6750000000  -0.4211080571
   3.7000000000  -0.4206434774
   3.7250000000  -0.4212029967
   3.7500000000  -0.4207119634
   3.7750000000  -0.4212423840
   3.8000000000  -0.4207250705
   3.8250000000  -0.4212271253
   3.8500000000  -0.4206847668
   3.8750000000  -0.4211601595
   3.9000000000  -0.4205948665
   3.9250000000  -0.4210460773
   3.9500000000  -0.4204606361
   3.9750000000  -0.4208907200
   4.0000000000  -0.4202883918
   4.0250000000  -0.4207007807
   4.0500000000  -0.4200851089
   4.0750000000  -0.4204834265
   4.1000000000  -0.4198580606
   4.1250000000  -0.4202459559
   4.1500000000  -0.4196144964
   4.1750000000  -0.4199955019
   4.2000000000  -0.4193613716
   4.2250000000  -0.4197387872
   4.2500000000  -0.4191051286
   4.2750000000  -0.4194819335
   4.3000000000  -0.4188515341
   4.3250000000  -0.4192303243
   4.3500000000  -0.4186055672
   4.3750000000  -0.4189885187
   4.4000000000  -0.4183713566
   4.4250000000  -0.4187602098
   4.4500000000  -0.4181521593
   4.4750000000  -0.4185482227
   4.5000000000  -0.4179503762
   4.5250000000  -0.4183545447
   4.5500000000  -0.4177675952
   4.5750000000  -0.4181803811
   4.6000000000  -0.4176046575
   4.6250000000  -0.4180262292
   4.6500000000  -0.4174617384
   4.6750000000  -0.4178919654
   4.7000000000  -0.4173384389
   4.7250000000  -0.4177769391
   4.7500000000  -0.4172338813
   4.7750000000  -0.4176800697
   4.8000000000  -0.4171468060
   4.8250000000  -0.4175999425
   4.8500000000  -0.4170756660
   4.8750000000  -0.4175349003
   4.9000000000  -0.4170187156
   4.9250000000  -0.4174831294
   4.9500000000  -0.4169740927
   4.9750000000  -0.4174427379
   5.0000000000  -0.4169398931
   0.0250000000  -0.8229082088
   0.0500000000  -0.8222834561
   0.0750000000  -0.8229004487
   0.1000000000  -0.8222544920
   0.1250000000  -0.8228202560
   0.1500000000  -0.8220892613
   0.1750000000  -0.8225206985
   0.2000000000  -0.8216039362
   0.2250000000  -0.8217846858
   0.2500000000  -0.8205524086
   0.2750000000  -0.8203418426
   0.3000000000  -0.8186451759
   0.3250000000  -0.8178889455
   0.3500000000  -0.8155708405
   0.3750000000  -0.8141119861
   0.4000000000  -0.8110182453
   0.4250000000  -0.8087079087
   0.4500000000  -0.8046973770
   0.4750000000  -0.8014042903
   0.5000000000  -0.7963574891
   0.5250000000  -0.7919756340
   0.5500000000  -0.7858013625
   0.5750000000  -0.7802554639
   0.6000000000  -0.7728951673
   0.6250000000  -0.7661439508
   0.6500000000  -0.7575739101
   0.6750000000  -0.7496112903
   0.7000000000  -0.7398428961
   0.7250000000  -0.7306974354
   0.7500000000  -0.7197759414
   0.7750000000  -0.7095090149
   0.8000000000  -0.6975112289
   0.8250000000  -0.6862143514
   0.8500000000  -0.6732457022
   0.8750000000  -0.6610374274
   0.9000000000  -0.6472287751
   0.9250000000  -0.6342514819
   0.9500000000  -0.6197559286
   0.9750000000  -0.6061726889
   1.0000000000  -0.5911625200
   1.0250000000  -0.5771541154
   1.0500000000  -0.5618178799
   1.0750000000  -0.5475799212
   1.1000000000  -0.5321195578
   1.1250000000  -0.5178595784
   1.1500000000  -0.5024874286
   1.1750000000  -0.4884217702
   1.2000000000  -0.4733572911
   1.2250000000  -0.4597075977
   1.2500000000  -0.4451735985
   1.2750000000  -0.4321627662
   1.3000000000  -0.4183810475
   1.3250000000  -0.4062285428
   1.3500000000  -0.3934148975
   1.3750000000  -0.3823314547
   1.4000000000  -0.3706900898
   1.4250000000  -0.3608718997
   1.4500000000  -0.3505894474
   1.4750000000  -0.3422120582
   1.5000000000  -0.3334514429
   1.5250000000  -0.3266636804
   1.5500000000  -0.3195581873
   1.5750000000  -0.3144764685
   1.6000000000  -0.3091244020
   1.6250000000  -0.3058278391
   1.6500000000  -0.3022881674
   1.6750000000  -0.3008148424
   1.7000000000  -0.2991041853
   1.7250000000  -0.2994489210
   1.7500000000  -0.2995401612
   1.7750000000  -0.3016540175
   1.8000000000  -0.3034767092
   1.8250000000  -0.3072683143
   1.8500000000  -0.3107109326
   1.8750000000  -0.3160496283
   1.9000000000  -0.3209635720
   1.9250000000  -0.3276842199
   1.9500000000  -0.3338893527
   1.9750000000  -0.3417985321
   2.0000000000  -0.3490899477
   2.0250000000  -0.3579731881
   2.0500000000  -0.3661288068
   2.0750000000  -0.3757584424
   2.1000000000  -0.3845470148
   2.1250000000  -0.3946902293
   2.1500000000  -0.4038793182
   2.1750000000  -0.4143059664
   2.2000000000  -0.4236695157
   2.2250000000  -0.4341593546
   2.2500000000  -0.4434845094
   2.2750000000  -0.4538335435
   2.3000000000  -0.4629264665
   2.3250000000  -0.4729521933
   2.3500000000  -0.4816427080
   2.3750000000  -0.4911881376
   2.4000000000  -0.4993331132
   2.4250000000  -0.5082695176
   2.4500000000  -0.5157549900
   2.4750000000  -0.5239834086
   2.5000000000  -0.5307254910
   2.5250000000  -0.5381770744
   2.5500000000  -0.5441217639
   2.5750000000  -0.5507570754
   2.6000000000  -0.5558790863
   2.6250000000  -0.5616865048
   2.6500000000  -0.5659872785
   2.6750000000  -0.5709806536
   2.7000000000  -0.5744856964
   2.7250000000  -0.5787014056
   2.7500000000  -0.5814571016
   2.7750000000  -0.5849506535
   2.8000000000  -0.5870206909
   2.8250000000  -0.5898630070
   2.8500000000  -0.5913245467
   2.8750000000  -0.5935980467
   2.9000000000  -0.5945377536
   2.9250000000  -0.5963323617
   2.9500000000  -0.5968424146
   2.9750000000  -0.5982516006
   3.0000000000  -0.5984257915
   3.0250000000  -0.5995427565
   3.0500000000  -0.5994727905
   3.0750000000  -0.6003869073
   3.1000000000  -0.6001590096
   3.1250000000  -0.6009526220
   3.1500000000  -0.6006445550
   3.1750000000  -0.6013902359
   3.2000000000  -0.6010688187
   3.2250000000  -0.6018271714
   3.2500000000  -0.6015463807
   3.2750000000  -0.6023644531
   3.3000000000  -0.6021641618
   3.3250000000  -0.6030745178
   3.3500000000  -0.6029799042
   3.3750000000  -0.6040003699
   3.4000000000  -0.6040219966
   3.4250000000  -0.6051560661
   3.4500000000  -0.6052906012
   3.4750000000  -0.6065284569
   3.5000000000  -0.6067599752
   3.5250000000  -0.6080800477
   3.5500000000  -0.6083818240
   3.5750000000  -0.6097527915
   3.6000000000  -0.6100894761
   3.6250000000  -0.6114725849
   3.6500000000  -0.6118026373
   3.6750000000  -0.6131542152
   3.7000000000  -0.6134324635
   3.7250000000  -0.6147064934
   3.7500000000  -0.6148866916
   3.7750000000  -0.6160373212
   3.8000000000  -0.6160745819
   3.8250000000  -0.6170584545
   3.8500000000  -0.6169114535
   3.8750000000  -0.6176897639
   3.9000000000  -0.6173226300
   3.9250000000  -0.6178628319
   3.9500000000  -0.6172466581
   3.9750000000  -0.6175237706
   4.0000000000  -0.6166377082
   4.0250000000  -0.6166351918
   4.0500000000  -0.6154671082
   4.0750000000  -0.6151773057
   4.1000000000  -0.6137240101
   4.1250000000  -0.6131481635
   4.1500000000  -0.6114152230
   4.1750000000  -0.6105630971
   4.2000000000  -0.6085642796
   4.2250000000  -0.6074534367
   4.2500000000  -0.6052098309
   4.2750000000  -0.6038646114
   4.3000000000  -0.6014034829
   4.3250000000  -0.5998537540
   4.3500000000  -0.5972072043
   4.3750000000  -0.5954869460
   4.4000000000  -0.5926904433
   4.4250000000  -0.5908362415
   4.4500000000  -0.5879270941
   4.4750000000  -0.5859766125
   4.5000000000  -0.5829924552
   4.5250000000  -0.5809829529
   4.5500000000  -0.5779603125
   4.5750000000  -0.5759272712
   4.6000000000  -0.5729002697
   4.6250000000  -0.5708761864
   4.6500000000  -0.5678754339
   4.6750000000  -0.5658888249
   4.7000000000  -0.5629405437
   4.7250000000  -0.5610151950
   4.7500000000  -0.5581406017
   4.7750000000  -0.5562950876
   4.8000000000  -0.5535100509
   4.8250000000  -0.5517575300
   4.8500000000  -0.5490725036
   4.8750000000  -0.5474207867
   4.9000000000  -0.5448410066
   4.9250000000  -0.5432928775
   4.9500000000  -0.5408188000
   4.9750000000  -0.5393725606
   5.0000000000  -0.5370005039
   0.0250000000  -0.8391955963
   0.0500000000  -0.8385706510
   0.0750000000  -0.8391877674
   0.1000000000  -0.8385420361
   0.1250000000  -0.8391090852
   0.1500000000  -0.8383803435
   0.1750000000  -0.8388159083
   0.2000000000  -0.8379048124
   0.2250000000  -0.8380931952
   0.2500000000  -0.8368694793
   0.2750000000  -0.8366678780
   0.3000000000  -0.8349783794
   0.3250000000  -0.8342256184
   0.3500000000  -0.8319035623
   0.3750000000  -0.8304297737
   0.4000000000  -0.8273046934
   0.4250000000  -0.8249413206
   0.4500000000  -0.8208489929
   0.4750000000  -0.8174385164
   0.5000000000  -0.8122303491
   0.5250000000  -0.8076352193
   0.5500000000  -0.8011866274
   0.5750000000  -0.7952969995
   0.6000000000  -0.7875144320
   0.6250000000  -0.7802544343
   0.6500000000  -0.7710808488
   0.6750000000  -0.7624132440
   0.7000000000  -0.7518319513
   0.7250000000  -0.7417611724
   0.7500000000  -0.7297980802
   0.7750000000  -0.7183717088
   0.8000000000  -0.7050960686
   0.8250000000  -0.6924048874
   0.8500000000  -0.6779286921
   0.8750000000  -0.6641054687
   0.9000000000  -0.6485816634
   0.9250000000  -0.6337988248
   0.9500000000  -0.6174184785
   0.9750000000  -0.6018848134
   1.0000000000  -0.5848733793
   1.0250000000  -0.5688298768
   1.0500000000  -0.5514426288
   1.0750000000  -0.5351575300
   1.1000000000  -0.5176742415
   1.1250000000  -0.5014373565
   1.1500000000  -0.4841562667
   1.1750000000  -0.4682726004
   1.2000000000  -0.4515037120
   1.2250000000  -0.4362864506
   1.2500000000  -0.4203442242
   1.2750000000  -0.4061071603
   1.3000000000  -0.3913027009
   1.3250000000  -0.3783522191
   1.3500000000  -0.3649851026
   1.3750000000  -0.3536118971
   1.4000000000  -0.3419618386
   1.4250000000  -0.3324325958
   1.4500000000  -0.3227512156
   1.4750000000  -0.3153005407
   1.5000000000  -0.3078035323
   1.5250000000  -0.3026264414
   1.5500000000  -0.2974864729
   1.5750000000  -0.2947317893
   1.6000000000  -0.2920724784
   1.6250000000  -0.2918374660
   1.6500000000  -0.2917287471
   1.6750000000  -0.2940552813
   1.7000000000  -0.2965104404
   1.7250000000  -0.3013829566
   1.7500000000  -0.3063575342
   1.7750000000  -0.3137029135
   1.8000000000  -0.3210955880
   1.8250000000  -0.3307850409
   1.8500000000  -0.3404405014
   1.8750000000  -0.3522934041
   1.9000000000  -0.3640071127
   1.9250000000  -0.3777966458
   1.9500000000  -0.3913212908
   1.9750000000  -0.4067816344
   2.0000000000  -0.4218349852
   2.0250000000  -0.4386697443
   2.0500000000  -0.4549435520
   2.0750000000  -0.4728350318
   2.1000000000  -0.4900045760
   2.1250000000  -0.5086234953
   2.1500000000  -0.5263573595
   2.1750000000  -0.5453725863
   2.2000000000  -0.5633422557
   2.2250000000  -0.5824301726
   2.2500000000  -0.6003190775
   2.2750000000  -0.6191722222
   2.3000000000  -0.6366839034
   2.3250000000  -0.6550185933
   2.3500000000  -0.6718837277
   2.3750000000  -0.6894464396
   2.4000000000  -0.7054285366
   2.4250000000  -0.7220008892
   2.4500000000  -0.7369005386
   2.4750000000  -0.7523027938
   2.5000000000  -0.7659604163
   2.5250000000  -0.7800534830
   2.5500000000  -0.7923505961
   2.5750000000  -0.8050365746
   2.6000000000  -0.8158956401
   2.6250000000  -0.8271169994
   2.6500000000  -0.8364999612
   2.6750000000  -0.8462374746
   2.7000000000  -0.8541431325
   2.7250000000  -0.8624127315
   2.7500000000  -0.8688731198
   2.7750000000  -0.8757218456
   2.8000000000  -0.8807978067
   2.8250000000  -0.8862990553
   2.8500000000  -0.8900752086
   2.8750000000  -0.8943234770
   2.9000000000  -0.8969027938
   2.9250000000  -0.9000081356
   2.9500000000  -0.9015063302
   2.9750000000  -0.9035887348
   3.0000000000  -0.9041286815
   3.0250000000  -0.9053125801
   3.0500000000  -0.9050189581
   3.0750000000  -0.9054280535
   3.1000000000  -0.9044224060
   3.1250000000  -0.9041750034
   3.1500000000  -0.9025713790
   3.1750000000  -0.9017763734
   3.2000000000  -0.8996776902
   3.2250000000  -0.8984313339
   3.2500000000  -0.8959265744
   3.2750000000  -0.8943101165
   3.3000000000  -0.8914724228
   3.3250000000  -0.8895506690
   3.3500000000  -0.8864363693
   3.3750000000  -0.8842571705
   3.4000000000  -0.8809057228
   3.4250000000  -0.8785003604
   3.4500000000  -0.8749351597
   3.4750000000  -0.8723195528
   3.5000000000  -0.8685495117
   3.5250000000  -0.8657261395
   3.5500000000  -0.8617479180
   3.5750000000  -0.8587083203
   3.6000000000  -0.8545090584
   3.6250000000  -0.8512367590
   3.6500000000  -0.8467971484
   3.6750000000  -0.8432708334
   3.7000000000  -0.8385683600
   3.7250000000  -0.8347651414
   3.7500000000  -0.8297773292
   3.7750000000  -0.8256759309
   3.8000000000  -0.8203834324
   3.8250000000  -0.8159671486
   3.8500000000  -0.8103565387
   3.8750000000  -0.8056158348
   3.9000000000  -0.7996819926
   3.9250000000  -0.7946166437
   3.9500000000  -0.7883646272
   3.9750000000  -0.7829853143
   4.0000000000  -0.7764316659
   4.0250000000  -0.7707609797
   4.0500000000  -0.7639344233
   4.0750000000  -0.7580072537
   4.1000000000  -0.7509487768
   4.1250000000  -0.7448120921
   4.1500000000  -0.7375744301
   4.1750000000  -0.7312864757
   4.2000000000  -0.7239330381
   4.2250000000  -0.7175620078
   4.2500000000  -0.7101653123
   4.2750000000  -0.7037875631
   4.3000000000  -0.6964272541
   4.3250000000  -0.6901251537
   4.3500000000  -0.6828857027
   4.3750000000  -0.6767452091
   4.4000000000  -0.6697134015
   4.4250000000  -0.6638214838
   4.4500000000  -0.6570838019
   4.4750000000  -0.6515258146
   4.5000000000  -0.6451658313
   4.5250000000  -0.6400229548
   4.5500000000  -0.6341188465
   4.5750000000  -0.6294656985
   4.6000000000  -0.6240879806
   4.6250000000  -0.6199904971
   4.6500000000  -0.6152000712
   4.6750000000  -0.6117137389
   4.7000000000  -0.6075603261
   4.7250000000  -0.6047288318
   4.7500000000  -0.6012498488
   4.7750000000  -0.5991041887
   4.8000000000  -0.5963240980
   4.8250000000  -0.5948821724
   4.8500000000  -0.5928123188
   4.8750000000  -0.5920790078
   4.9000000000  -0.5907179290
   4.9250000000  -0.5906856283
   4.9500000000  -0.5900198047
   4.9750000000  -0.5906693773
   5.0000000000  -0.5906743696
