   0.0000000000  -0.8499252628
   0.0250000000  -0.8492056614
   0.0500000000  -0.8477852910
   0.0750000000  -0.8429406723
   0.1000000000  -0.8373907574
   0.1250000000  -0.8284933343
   0.1500000000  -0.8189889526
   0.1750000000  -0.8062695719
   0.2000000000  -0.7930950008
   0.2250000000  -0.7768888654
   0.2500000000  -0.7604267825
   0.2750000000  -0.7411608575
   0.3000000000  -0.7218780905
   0.3250000000  -0.7000554118
   0.3500000000  -0.6784860058
   0.3750000000  -0.6546677183
   0.4000000000  -0.6313941937
   0.4250000000  -0.6061802182
   0.4500000000  -0.5818139248
   0.4750000000  -0.5558231584
   0.5000000000  -0.5309846065
   0.5250000000  -0.5048355040
   0.5500000000  -0.4801354687
   0.5750000000  -0.4544277497
   0.6000000000  -0.4304498227
   0.6250000000  -0.4057479113
   0.6500000000  -0.3830330266
   0.6750000000  -0.3598516773
   0.7000000000  -0.3388849821
   0.7250000000  -0.3176773898
   0.7500000000  -0.2988776831
   0.7750000000  -0.2800262340
   0.8000000000  -0.2637380613
   0.8250000000  -0.2475477564
   0.8500000000  -0.2340361439
   0.8750000000  -0.2207306307
   0.9000000000  -0.2101783540
   0.9250000000  -0.1998984320
   0.9500000000  -0.1924056623
   0.9750000000  -0.1852100780
   1.0000000000  -0.1807962077
   1.0250000000  -0.1766645304
   1.0500000000  -0.1752719648
   1.0750000000  -0.1741093177
   1.1000000000  -0.1756090084
   1.1250000000  -0.1772524280
   1.1500000000  -0.1814509222
   1.1750000000  -0.1856771165
   1.2000000000  -0.1923248945
   1.2250000000  -0.1988591678
   1.2500000000  -0.2076600387
   1.2750000000  -0.2161861490
   1.3000000000  -0.2268074651
   1.3250000000  -0.2369781683
   1.3500000000  -0.2490616091
   1.3750000000  -0.2605096331
   1.4000000000  -0.2736822928
   1.4250000000  -0.2860314687
   1.4500000000  -0.2999169659
   1.4750000000  -0.3127932295
   1.5000000000  -0.3270225435
   1.5250000000  -0.3400645055
   1.5500000000  -0.3542862354
   1.5750000000  -0.3671550198
   1.6000000000  -0.3810447623
   1.6250000000  -0.3934328140
   1.6500000000  -0.4067013698
   1.6750000000  -0.4183399562
   1.7000000000  -0.4307401024
   1.7250000000  -0.4414052661
   1.7500000000  -0.4527368755
   1.7750000000  -0.4622536475
   1.8000000000  -0.4723669925
   1.8250000000  -0.4806117381
   1.8500000000  -0.4894088887
   1.8750000000  -0.4963097342
   1.9000000000  -0.5037440366
   1.9250000000  -0.5092794047
   1.9500000000  -0.5153531119
   1.9750000000  -0.5195484771
   2.0000000000  -0.5243086828
   2.0250000000  -0.5272317350
   2.0500000000  -0.5307648345
   2.0750000000  -0.5325193092
   2.1000000000  -0.5349442754
   2.1250000000  -0.5356627588
   2.1500000000  -0.5371235642
   2.1750000000  -0.5369596240
   2.2000000000  -0.5376171682
   2.2250000000  -0.5367371714
   2.2500000000  -0.5367610800
   2.2750000000  -0.5353360637
   2.3000000000  -0.5348967139
   2.3250000000  -0.5330946494
   2.3500000000  -0.5323557485
   2.3750000000  -0.5303345067
   2.4000000000  -0.5294465066
   2.4250000000  -0.5273477823
   2.4500000000  -0.5264423615
   2.4750000000  -0.5243867580
   2.5000000000  -0.5235725401
   2.5250000000  -0.5216559523
   2.5500000000  -0.5210155681
   2.5750000000  -0.5193069380
   2.6000000000  -0.5188954730
   2.6250000000  -0.5174359303
   2.6500000000  -0.5172807390
   2.6750000000  -0.5160840767
   2.7000000000  -0.5161858888
   2.7250000000  -0.5152402744
   2.7500000000  -0.5155754680
   2.7750000000  -0.5148462421
   2.8000000000  -0.5153701153
   2.8250000000  -0.5148034929
   2.8500000000  -0.5154543358
   2.8750000000  -0.5149817959
   2.9000000000  -0.5156855361
   2.9250000000  -0.5152286683
   2.9500000000  -0.5159038540
   2.9750000000  -0.5153794189
   3.0000000000  -0.5159422955
   3.0250000000  -0.5152672600
   3.0500000000  -0.5156367056
   3.0750000000  -0.5147330233
   3.1000000000  -0.5148351223
   3.1250000000  -0.5136340502
   3.1500000000  -0.5134061093
   3.1750000000  -0.5118518815
   3.2000000000  -0.5112457270
   3.2250000000  -0.5092984419
   3.2500000000  -0.5082828740
   3.2750000000  -0.5059204927
   3.3000000000  -0.5044828181
   3.3250000000  -0.5017022198
   3.3500000000  -0.4998488289
   3.3750000000  -0.4966659107
   3.4000000000  -0.4944219138
   3.4250000000  -0.4908707728
   3.4500000000  -0.4882787512
   3.4750000000  -0.4844100254
   3.5000000000  -0.4815279943
   3.5250000000  -0.4774064760
   3.5500000000  -0.4743051887
   3.5750000000  -0.4700068541
   3.6000000000  -0.4667666018
   3.6250000000  -0.4623752200
   3.6500000000  -0.4590822977
   3.6750000000  -0.4546857947
   3.7000000000  -0.4514288112
   3.7250000000  -0.4471155672
   3.7500000000  -0.4439817749
   3.7750000000  -0.4398370263
   3.8000000000  -0.4369088372
   3.8250000000  -0.4330113425
   3.8500000000  -0.4303631786
   3.8750000000  -0.4267822852
   3.9000000000  -0.4244778894
   3.9250000000  -0.4212711145
   3.9500000000  -0.4193614212
   3.9750000000  -0.4165726315
   4.0000000000  -0.4150942652
   4.0250000000  -0.4127525076
   4.0500000000  -0.4117269476
   4.0750000000  -0.4098459541
   4.1000000000  -0.4092793727
   4.1250000000  -0.4078577313
   4.1500000000  -0.4077414834
   4.1750000000  -0.4067634382
   4.2000000000  -0.4070751519
   4.2250000000  -0.4065119722
   4.2500000000  -0.4072171691
   4.2750000000  -0.4070290019
   4.3000000000  -0.4080831538
   4.3250000000  -0.4082212620
   4.3500000000  -0.4095721766
   4.3750000000  -0.4099814466
   4.4000000000  -0.4115718656
   4.4250000000  -0.4121934665
   4.4500000000  -0.4139637525
   4.4750000000  -0.4147378228
   4.5000000000  -0.4166286143
   4.5250000000  -0.4174968561
   4.5500000000  -0.4194515739
   4.5750000000  -0.4203596440
   4.6000000000  -0.4223267427
   4.6250000000  -0.4232263408
   4.6500000000  -0.4251612148
   4.6750000000  -0.4260117868
   4.7000000000  -0.4278782572
   4.7250000000  -0.4286482512
   4.7500000000  -0.4304195835
   4.7750000000  -0.4310872183
   4.8000000000  -0.4327466407
   4.8250000000  -0.4333001706
   4.8500000000  -0.4348408897
   4.8750000000  -0.4352783731
   4.9000000000  -0.4367031048
   4.9250000000  -0.4370317057
   4.9500000000  -0.4383517636
   4.9750000000  -0.4385866382
   5.0000000000  -0.4398206376
