   0.0000000000   0.4999997457
   0.0250000000   0.4996762221
   0.0500000000   0.4987305621
   0.0750000000   0.4968491162
   0.1000000000   0.4940472094
   0.1250000000   0.4903529356
   0.1500000000   0.4857967597
   0.1750000000   0.4804232161
   0.2000000000   0.4742760543
   0.2250000000   0.4674137863
   0.2500000000   0.4598908839
   0.2750000000   0.4517767177
   0.3000000000   0.4431334467
   0.3250000000   0.4340377946
   0.3500000000   0.4245563620
   0.3750000000   0.4147696126
   0.4000000000   0.4047453875
   0.4250000000   0.3945644241
   0.4500000000   0.3842928635
   0.4750000000   0.3740086048
   0.5000000000   0.3637735673
   0.5250000000   0.3536601937
   0.5500000000   0.3437241737
   0.5750000000   0.3340304417
   0.6000000000   0.3246269934
   0.6250000000   0.3155697817
   0.6500000000   0.3068981677
   0.6750000000   0.2986581937
   0.7000000000   0.2908801135
   0.7250000000   0.2835996105
   0.7500000000   0.2768377534
   0.7750000000   0.2706198221
   0.8000000000   0.2649579390
   0.8250000000   0.2598672640
   0.8500000000   0.2553514556
   0.8750000000   0.2514160957
   0.9000000000   0.2480570455
   0.9250000000   0.2452710520
   0.9500000000   0.2430469823
   0.9750000000   0.2413736480
   1.0000000000   0.2402338268
   1.0250000000   0.2396094151
   1.0500000000   0.2394780820
   1.0750000000   0.2398159222
   1.1000000000   0.2405965308
   1.1250000000   0.2417913829
   1.1500000000   0.2433710699
   1.1750000000   0.2453036715
   1.2000000000   0.2475578603
   1.2250000000   0.2500995597
   1.2500000000   0.2528965980
   1.2750000000   0.2559139643
   1.3000000000   0.2591196790
   1.3250000000   0.2624789662
   1.3500000000   0.2659610057
   1.3750000000   0.2695323356
   1.4000000000   0.2731641606
   1.4250000000   0.2768252864
   1.4500000000   0.2804896761
   1.4750000000   0.2841291984
   1.5000000000   0.2877211517
   1.5250000000   0.2912410809
   1.5500000000   0.2946700227
   1.5750000000   0.2979876149
   1.6000000000   0.3011788557
   1.6250000000   0.3042276935
   1.6500000000   0.3071231346
   1.6750000000   0.3098534660
   1.7000000000   0.3124115886
   1.7250000000   0.3147899862
   1.7500000000   0.3169852031
   1.7750000000   0.3189936359
   1.8000000000   0.3208151139
   1.8250000000   0.3224495541
   1.8500000000   0.3238996365
   1.8750000000   0.3251683313
   1.9000000000   0.3262606916
   1.9250000000   0.3271822323
   1.9500000000   0.3279398872
   1.9750000000   0.3285411947
   2.0000000000   0.3289944858
   2.0250000000   0.3293088120
   2.0500000000   0.3294934450
   2.0750000000   0.3295584676
   2.1000000000   0.3295136749
   2.1250000000   0.3293697387
   2.1500000000   0.3291366069
   2.1750000000   0.3288251447
   2.2000000000   0.3284451309
   2.2250000000   0.3280072787
   2.2500000000   0.3275209251
   2.2750000000   0.3269963358
   2.3000000000   0.3264421811
   2.3250000000   0.3258680328
   2.3500000000   0.3252817146
   2.3750000000   0.3246919056
   2.4000000000   0.3241054455
   2.4250000000   0.3235299681
   2.4500000000   0.3229712316
   2.4750000000   0.3224357154
   2.5000000000   0.3219280371
   2.5250000000   0.3214534557
   2.5500000000   0.3210154246
   2.5750000000   0.3206179566
   2.6000000000   0.3202633520
   2.6250000000   0.3199543904
   2.6500000000   0.3196922614
   2.6750000000   0.3194785601
   2.7000000000   0.3193134371
   2.7250000000   0.3191973840
   2.7500000000   0.3191296097
   2.7750000000   0.3191096114
   2.8000000000   0.3191357746
   2.8250000000   0.3192067346
   2.8500000000   0.3193201883
   2.8750000000   0.3194740590
   2.9000000000   0.3196655008
   2.9250000000   0.3198918855
   2.9500000000   0.3201499765
   2.9750000000   0.3204367594
   3.0000000000   0.3207487582
   3.0250000000   0.3210827362
   3.0500000000   0.3214351237
   3.0750000000   0.3218026178
   3.1000000000   0.3221816904
   3.1250000000   0.3225691157
   3.1500000000   0.3229615270
   3.1750000000   0.3233559016
   3.2000000000   0.3237491361
   3.2250000000   0.3241385154
   3.2500000000   0.3245212805
   3.2750000000   0.3248951058
   3.3000000000   0.3252576350
   3.3250000000   0.3256069899
   3.3500000000   0.3259412529
   3.3750000000   0.3262590265
   3.4000000000   0.3265588463
   3.4250000000   0.3268398053
   3.4500000000   0.3271008867
   3.4750000000   0.3273416631
   3.5000000000   0.3275615418
   3.5250000000   0.3277605458
   3.5500000000   0.3279384677
   3.5750000000   0.3280957364
   3.6000000000   0.3282324803
   3.6250000000   0.3283494786
   3.6500000000   0.3284471370
   3.6750000000   0.3285265215
   3.7000000000   0.3285882531
   3.7250000000   0.3286336170
   3.7500000000   0.3286633855
   3.7750000000   0.3286789957
   3.8000000000   0.3286813087
   3.8250000000   0.3286718482
   3.8500000000   0.3286515070
   3.8750000000   0.3286218350
   3.9000000000   0.3285837054
   3.9250000000   0.3285386417
   3.9500000000   0.3284874538
   3.9750000000   0.3284315949
   4.0000000000   0.3283717772
   4.0250000000   0.3283093488
   4.0500000000   0.3282448989
   4.0750000000   0.3281796456
   4.1000000000   0.3281140392
   4.1250000000   0.3280491524
   4.1500000000   0.3279852890
   4.1750000000   0.3279233700
   4.2000000000   0.3278635528
   4.2250000000   0.3278066080
   4.2500000000   0.3277525536
   4.2750000000   0.3277020179
   4.3000000000   0.3276548913
   4.3250000000   0.3276116729
   4.3500000000   0.3275721414
   4.3750000000   0.3275366834
   4.4000000000   0.3275049847
   4.4250000000   0.3274773381
   4.4500000000   0.3274533557
   4.4750000000   0.3274332566
   4.5000000000   0.3274165987
   4.5250000000   0.3274035469
   4.5500000000   0.3273936231
   4.5750000000   0.3273869562
   4.6000000000   0.3273830487
   4.6250000000   0.3273820096
   4.6500000000   0.3273833359
   4.6750000000   0.3273871304
   4.7000000000   0.3273928960
   4.7250000000   0.3274007395
   4.7500000000   0.3274101781
   4.7750000000   0.3274213306
   4.8000000000   0.3274337336
   4.8250000000   0.3274475228
   4.8500000000   0.3274622570
   4.8750000000   0.3274780909
   4.9000000000   0.3274946062
   4.9250000000   0.3275119764
   4.9500000000   0.3275298044
   4.9750000000   0.3275482811
   5.0000000000   0.3275670277
