   0.0000000000   0.1661668796
   0.0250000000   0.1664034909
   0.0500000000   0.1669618334
   0.0750000000   0.1692471551
   0.1000000000   0.1716932214
   0.1250000000   0.1758515211
   0.1500000000   0.1801528942
   0.1750000000   0.1861385398
   0.2000000000   0.1922360108
   0.2250000000   0.1999728205
   0.2500000000   0.2077737597
   0.2750000000   0.2171478741
   0.3000000000   0.2265192494
   0.3250000000   0.2373726798
   0.3500000000   0.2481355472
   0.3750000000   0.2602621851
   0.4000000000   0.2721893191
   0.4250000000   0.2853348414
   0.4500000000   0.2981526765
   0.4750000000   0.3120191459
   0.5000000000   0.3254144835
   0.5250000000   0.3396696620
   0.5500000000   0.3533008129
   0.5750000000   0.3675914576
   0.6000000000   0.3811028018
   0.6250000000   0.3950706284
   0.6500000000   0.4081091150
   0.6750000000   0.4214078037
   0.7000000000   0.4336397294
   0.7250000000   0.4459513172
   0.7500000000   0.4570778151
   0.7750000000   0.4681270287
   0.8000000000   0.4778969899
   0.8250000000   0.4874624482
   0.8500000000   0.4956820088
   0.8750000000   0.5036036619
   0.9000000000   0.5101418278
   0.9250000000   0.5163244297
   0.9500000000   0.5211148129
   0.9750000000   0.5255275954
   1.0000000000   0.5285665589
   1.0250000000   0.5312395509
   1.0500000000   0.5325812942
   1.0750000000   0.5335989153
   1.1000000000   0.5333481728
   1.1250000000   0.5328408276
   1.1500000000   0.5311439145
   1.1750000000   0.5292783404
   1.2000000000   0.5263132804
   1.2250000000   0.5232823660
   1.2500000000   0.5192487806
   1.2750000000   0.5152614945
   1.3000000000   0.5103708405
   1.3250000000   0.5056427994
   1.3500000000   0.5001094213
   1.3750000000   0.4948544917
   1.4000000000   0.4888878192
   1.4250000000   0.4833110068
   1.4500000000   0.4771090893
   1.4750000000   0.4714008353
   1.5000000000   0.4651452786
   1.5250000000   0.4594771629
   1.5500000000   0.4533294283
   1.5750000000   0.4478511935
   1.6000000000   0.4419501481
   1.6250000000   0.4367878989
   1.6500000000   0.4312484605
   1.6750000000   0.4265038708
   1.7000000000   0.4214165840
   1.7250000000   0.4171669431
   1.7500000000   0.4125983255
   1.7750000000   0.4088972728
   1.8000000000   0.4048907937
   1.8250000000   0.4017696122
   1.8500000000   0.3983471856
   1.8750000000   0.3958165473
   1.9000000000   0.3929804381
   1.9250000000   0.3910325074
   1.9500000000   0.3887675612
   1.9750000000   0.3873783717
   2.0000000000   0.3856544815
   2.0250000000   0.3847865025
   2.0500000000   0.3835612294
   2.0750000000   0.3831660391
   2.1000000000   0.3823873010
   2.1250000000   0.3824082851
   2.1500000000   0.3820170331
   2.1750000000   0.3823920295
   2.2000000000   0.3823248360
   2.2250000000   0.3829886554
   2.2500000000   0.3831801471
   2.2750000000   0.3840669084
   2.3000000000   0.3844519901
   2.3250000000   0.3854972212
   2.3500000000   0.3860130469
   2.3750000000   0.3871555152
   2.4000000000   0.3877431779
   2.4250000000   0.3889264264
   2.4500000000   0.3895323467
   2.4750000000   0.3907059203
   2.5000000000   0.3912829261
   2.5250000000   0.3924032864
   2.5500000000   0.3929113821
   2.5750000000   0.3939425121
   2.6000000000   0.3943493463
   2.6250000000   0.3952630571
   2.6500000000   0.3955441013
   2.6750000000   0.3963200597
   2.7000000000   0.3964585198
   2.7250000000   0.3970840190
   2.7500000000   0.3970705048
   2.7750000000   0.3975400101
   2.8000000000   0.3973719968
   2.8250000000   0.3976865008
   2.8500000000   0.3973676175
   2.8750000000   0.3975338438
   2.9000000000   0.3970730299
   2.9250000000   0.3971025277
   2.9500000000   0.3965130989
   2.9750000000   0.3964212705
   3.0000000000   0.3957199370
   3.0250000000   0.3955250396
   3.0500000000   0.3947309159
   3.0750000000   0.3944530774
   3.1000000000   0.3935867204
   3.1250000000   0.3932470023
   3.1500000000   0.3923295116
   3.1750000000   0.3919490491
   3.2000000000   0.3910012520
   3.2250000000   0.3906004935
   3.2500000000   0.3896422383
   3.2750000000   0.3892402996
   3.3000000000   0.3882898680
   3.3250000000   0.3879040132
   3.3500000000   0.3869776588
   3.3750000000   0.3866229084
   3.4000000000   0.3857345245
   3.4250000000   0.3854233921
   3.4500000000   0.3845843024
   3.4750000000   0.3843266513
   3.5000000000   0.3835455182
   3.5250000000   0.3833485302
   3.5500000000   0.3826313679
   3.5750000000   0.3824996105
   3.6000000000   0.3818498908
   3.6250000000   0.3817854687
   3.6500000000   0.3812043033
   3.6750000000   0.3812070790
   3.7000000000   0.3806934638
   3.7250000000   0.3807613307
   3.7500000000   0.3803124346
   3.7750000000   0.3804416259
   3.8000000000   0.3800531093
   3.8250000000   0.3802385286
   3.8500000000   0.3799048751
   3.8750000000   0.3801404321
   3.9000000000   0.3798552807
   3.9250000000   0.3801342202
   3.9500000000   0.3798906845
   3.9750000000   0.3802058958
   4.0000000000   0.3799968600
   4.0250000000   0.3803411583
   4.0500000000   0.3801595410
   4.0750000000   0.3805259129
   4.1000000000   0.3803648933
   4.1250000000   0.3807467006
   4.1500000000   0.3805999019
   4.1750000000   0.3809910427
   4.2000000000   0.3808526725
   4.2250000000   0.3812476975
   4.2500000000   0.3811126438
   4.2750000000   0.3815068306
   4.3000000000   0.3813707186
   4.3250000000   0.3817601060
   4.3500000000   0.3816193165
   4.3750000000   0.3820007052
   4.4000000000   0.3818523625
   4.4250000000   0.3822232865
   4.4500000000   0.3820652199
   4.4750000000   0.3824238956
   4.5000000000   0.3822545816
   4.5250000000   0.3825998410
   4.5500000000   0.3824183327
   4.5750000000   0.3827495459
   4.6000000000   0.3825553947
   4.6250000000   0.3828723891
   4.6500000000   0.3826655648
   4.6750000000   0.3829685438
   4.7000000000   0.3827493566
   4.7250000000   0.3830388236
   4.7500000000   0.3828078522
   4.7750000000   0.3830845412
   4.8000000000   0.3828425683
   4.8250000000   0.3831073840
   4.8500000000   0.3828553422
   4.8750000000   0.3831093097
   4.9000000000   0.3828482359
   4.9250000000   0.3830924606
   4.9500000000   0.3828234609
   4.9750000000   0.3830590973
   5.0000000000   0.3827833203
