-200.8655802889  -0.0000000000   0.0049783301
-200.4728812072  -0.0000000000   0.0049880809
-200.0801821255  -0.0000000000   0.0049978699
-199.6874830438  -0.0000000000   0.0050076975
-199.2947839621  -0.0000000000   0.0050175638
-198.9020848804  -0.0000000000   0.0050274690
-198.5093857987  -0.0000000000   0.0050374134
-198.1166867170  -0.0000000000   0.0050473972
-197.7239876353  -0.0000000000   0.0050574207
-197.3312885536  -0.0000000000   0.0050674841
-196.9385894719  -0.0000000000   0.0050775876
-196.5458903902  -0.0000000000   0.0050877315
-196.1531913085  -0.0000000000   0.0050979160
-195.7604922268  -0.0000000000   0.0051081413
-195.3677931451  -0.0000000000   0.0051184077
-194.9750940634  -0.0000000000   0.0051287155
-194.5823949817  -0.0000000000   0.0051390649
-194.1896959000  -0.0000000000   0.0051494561
-193.7969968183  -0.0000000000   0.0051598895
-193.4042977366  -0.0000000000   0.0051703652
-193.0115986549  -0.0000000000   0.0051808835
-192.6188995732  -0.0000000000   0.0051914447
-192.2262004915  -0.0000000000   0.0052020491
-191.8335014098  -0.0000000000   0.0052126969
-191.4408023281  -0.0000000000   0.0052233883
-191.0481032464  -0.0000000000   0.0052341237
-190.6554041647  -0.0000000000   0.0052449033
-190.2627050830  -0.0000000000   0.0052557274
-189.8700060013  -0.0000000000   0.0052665962
-189.4773069196  -0.0000000000   0.0052775101
-189.0846078379  -0.0000000000   0.0052884694
-188.6919087562  -0.0000000000   0.0052994742
-188.2992096745  -0.0000000000   0.0053105250
-187.9065105928  -0.0000000000   0.0053216219
-187.5138115111  -0.0000000000   0.0053327653
-187.1211124294  -0.0000000000   0.0053439554
-186.7284133477  -0.0000000000   0.0053551926
-186.3357142660  -0.0000000000   0.0053664772
-185.9430151843  -0.0000000000   0.0053778094
-185.5503161026  -0.0000000000   0.0053891896
-185.1576170209  -0.0000000000   0.0054006180
-184.7649179392  -0.0000000000   0.0054120951
-184.3722188576  -0.0000000000   0.0054236210
-183.9795197759  -0.0000000000   0.0054351961
-183.5868206942  -0.0000000000   0.0054468207
-183.1941216125  -0.0000000000   0.0054584951
-182.8014225308  -0.0000000000   0.0054702197
-182.4087234491  -0.0000000000   0.0054819948
-182.0160243674  -0.0000000000   0.0054938206
-181.6233252857  -0.0000000000   0.0055056976
-181.2306262040  -0.0000000000   0.0055176261
-180.8379271223  -0.0000000000   0.0055296063
-180.4452280406  -0.0000000000   0.0055416387
-180.0525289589  -0.0000000000   0.0055537236
-179.6598298772  -0.0000000000   0.0055658613
-179.2671307955  -0.0000000000   0.0055780521
-178.8744317138  -0.0000000000   0.0055902965
-178.4817326321  -0.0000000000   0.0056025947
-178.0890335504  -0.0000000000   0.0056149472
-177.6963344687  -0.0000000000   0.0056273542
-177.3036353870  -0.0000000000   0.0056398163
-176.9109363053  -0.0000000000   0.0056523336
-176.5182372236  -0.0000000000   0.0056649066
-176.1255381419  -0.0000000000   0.0056775356
-175.7328390602  -0.0000000000   0.0056902211
-175.3401399785  -0.0000000000   0.0057029634
-174.9474408968  -0.0000000000   0.0057157629
-174.5547418151  -0.0000000000   0.0057286200
-174.1620427334  -0.0000000000   0.0057415350
-173.7693436517  -0.0000000000   0.0057545085
-173.3766445700  -0.0000000000   0.0057675406
-172.9839454883  -0.0000000000   0.0057806319
-172.5912464066  -0.0000000000   0.0057937828
-172.1985473249  -0.0000000000   0.0058069937
-171.8058482432  -0.0000000000   0.0058202649
-171.4131491615  -0.0000000000   0.0058335970
-171.0204500798  -0.0000000000   0.0058469902
-170.6277509981  -0.0000000000   0.0058604451
-170.2350519164  -0.0000000000   0.0058739620
-169.8423528347  -0.0000000000   0.0058875415
-169.4496537530  -0.0000000000   0.0059011838
-169.0569546713  -0.0000000000   0.0059148896
-168.6642555896  -0.0000000000   0.0059286591
-168.2715565079  -0.0000000000   0.0059424929
-167.8788574262  -0.0000000000   0.0059563914
-167.4861583445  -0.0000000000   0.0059703551
-167.0934592628  -0.0000000000   0.0059843844
-166.7007601811  -0.0000000000   0.0059984797
-166.3080610994  -0.0000000000   0.0060126417
-165.9153620177  -0.0000000000   0.0060268706
-165.5226629360  -0.0000000000   0.0060411671
-165.1299638543  -0.0000000000   0.0060555315
-164.7372647726  -0.0000000000   0.0060699644
-164.3445656909  -0.0000000000   0.0060844663
-163.9518666092  -0.0000000000   0.0060990376
-163.5591675275  -0.0000000000   0.0061136788
-163.1664684458  -0.0000000000   0.0061283906
-162.7737693641  -0.0000000000   0.0061431733
-162.3810702824  -0.0000000000   0.0061580275
-161.9883712007  -0.0000000000   0.0061729536
-161.5956721190  -0.0000000000   0.0061879524
-161.2029730373  -0.0000000000   0.0062030241
-160.8102739556  -0.0000000000   0.0062181695
-160.4175748739  -0.0000000000   0.0062333890
-160.0248757922  -0.0000000000   0.0062486832
-159.6321767105  -0.0000000000   0.0062640526
-159.2394776288  -0.0000000000   0.0062794978
-158.8467785471  -0.0000000000   0.0062950194
-158.4540794654  -0.0000000000   0.0063106178
-158.0613803837  -0.0000000000   0.0063262938
-157.6686813020  -0.0000000000   0.0063420478
-157.2759822203  -0.0000000000   0.0063578805
-156.8832831386  -0.0000000000   0.0063737924
-156.4905840569  -0.0000000000   0.0063897842
-156.0978849752  -0.0000000000   0.0064058564
-155.7051858935  -0.0000000000   0.0064220096
-155.3124868118  -0.0000000000   0.0064382446
-154.9197877301  -0.0000000000   0.0064545618
-154.5270886484  -0.0000000000   0.0064709619
-154.1343895667  -0.0000000000   0.0064874456
-153.7416904851  -0.0000000000   0.0065040134
-153.3489914034  -0.0000000000   0.0065206661
-152.9562923217  -0.0000000000   0.0065374043
-152.5635932400  -0.0000000000   0.0065542286
-152.1708941583  -0.0000000000   0.0065711397
-151.7781950766  -0.0000000000   0.0065881384
-151.3854959949  -0.0000000000   0.0066052252
-150.9927969132  -0.0000000000   0.0066224008
-150.6000978315  -0.0000000000   0.0066396660
-150.2073987498  -0.0000000000   0.0066570214
-149.8146996681  -0.0000000000   0.0066744678
-149.4220005864  -0.0000000000   0.0066920059
-149.0293015047  -0.0000000000   0.0067096364
-148.6366024230  -0.0000000000   0.0067273600
-148.2439033413  -0.0000000000   0.0067451775
-147.8512042596  -0.0000000000   0.0067630897
-147.4585051779  -0.0000000000   0.0067810972
-147.0658060962  -0.0000000000   0.0067992008
-146.6731070145  -0.0000000000   0.0068174013
-146.2804079328  -0.0000000000   0.0068356996
-145.8877088511  -0.0000000000   0.0068540963
-145.4950097694  -0.0000000000   0.0068725923
-145.1023106877  -0.0000000000   0.0068911884
-144.7096116060  -0.0000000000   0.0069098854
-144.3169125243  -0.0000000000   0.0069286842
-143.9242134426  -0.0000000000   0.0069475854
-143.5315143609  -0.0000000000   0.0069665901
-143.1388152792  -0.0000000000   0.0069856990
-142.7461161975  -0.0000000000   0.0070049131
-142.3534171158  -0.0000000000   0.0070242331
-141.9607180341  -0.0000000000   0.0070436599
-141.5680189524  -0.0000000000   0.0070631945
-141.1753198707  -0.0000000000   0.0070828378
-140.7826207890  -0.0000000000   0.0071025906
-140.3899217073  -0.0000000000   0.0071224539
-139.9972226256  -0.0000000000   0.0071424286
-139.6045235439  -0.0000000000   0.0071625156
-139.2118244622  -0.0000000000   0.0071827159
-138.8191253805  -0.0000000000   0.0072030304
-138.4264262988  -0.0000000000   0.0072234602
-138.0337272171  -0.0000000000   0.0072440062
-137.6410281354  -0.0000000000   0.0072646694
-137.2483290537  -0.0000000000   0.0072854508
-136.8556299720  -0.0000000000   0.0073063515
-136.4629308903  -0.0000000000   0.0073273723
-136.0702318086  -0.0000000000   0.0073485145
-135.6775327269  -0.0000000000   0.0073697790
-135.2848336452  -0.0000000000   0.0073911670
-134.8921345635  -0.0000000000   0.0074126794
-134.4994354818  -0.0000000000   0.0074343174
-134.1067364001  -0.0000000000   0.0074560821
-133.7140373184  -0.0000000001   0.0074779746
-133.3213382367  -0.0000000001   0.0074999960
-132.9286391550  -0.0000000001   0.0075221475
-132.5359400733  -0.0000000001   0.0075444302
-132.1432409916  -0.0000000001   0.0075668452
-131.7505419099  -0.0000000001   0.0075893939
-131.3578428282  -0.0000000001   0.0076120774
-130.9651437465  -0.0000000001   0.0076348968
-130.5724446648  -0.0000000001   0.0076578534
-130.1797455831  -0.0000000001   0.0076809485
-129.7870465014  -0.0000000001   0.0077041833
-129.3943474197  -0.0000000001   0.0077275591
-129.0016483380  -0.0000000001   0.0077510771
-128.6089492563  -0.0000000001   0.0077747388
-128.2162501746  -0.0000000001   0.0077985453
-127.8235510929  -0.0000000001   0.0078224980
-127.4308520112  -0.0000000001   0.0078465983
-127.0381529295  -0.0000000001   0.0078708476
-126.6454538478  -0.0000000001   0.0078952471
-126.2527547661  -0.0000000001   0.0079197984
-125.8600556844  -0.0000000001   0.0079445029
-125.4673566027  -0.0000000001   0.0079693619
-125.0746575210  -0.0000000001   0.0079943770
-124.6819584393  -0.0000000001   0.0080195496
-124.2892593576  -0.0000000001   0.0080448812
-123.8965602759  -0.0000000001   0.0080703733
-123.5038611942  -0.0000000001   0.0080960275
-123.1111621125  -0.0000000001   0.0081218453
-122.7184630309  -0.0000000001   0.0081478282
-122.3257639492  -0.0000000001   0.0081739779
-121.9330648675  -0.0000000001   0.0082002960
-121.5403657858  -0.0000000001   0.0082267841
-121.1476667041  -0.0000000001   0.0082534438
-120.7549676224  -0.0000000001   0.0082802768
-120.3622685407  -0.0000000001   0.0083072849
-119.9695694590  -0.0000000001   0.0083344697
-119.5768703773  -0.0000000001   0.0083618330
-119.1841712956  -0.0000000001   0.0083893765
-118.7914722139  -0.0000000001   0.0084171021
-118.3987731322  -0.0000000001   0.0084450115
-118.0060740505  -0.0000000001   0.0084731065
-117.6133749688  -0.0000000001   0.0085013891
-117.2206758871  -0.0000000001   0.0085298611
-116.8279768054  -0.0000000001   0.0085585245
-116.4352777237  -0.0000000001   0.0085873811
-116.0425786420  -0.0000000001   0.0086164329
-115.6498795603  -0.0000000001   0.0086456819
-115.2571804786  -0.0000000001   0.0086751302
-114.8644813969  -0.0000000001   0.0087047797
-114.4717823152  -0.0000000001   0.0087346326
-114.0790832335  -0.0000000001   0.0087646909
-113.6863841518  -0.0000000001   0.0087949567
-113.2936850701  -0.0000000001   0.0088254323
-112.9009859884  -0.0000000001   0.0088561197
-112.5082869067  -0.0000000001   0.0088870213
-112.1155878250  -0.0000000001   0.0089181393
-111.7228887433  -0.0000000001   0.0089494759
-111.3301896616  -0.0000000001   0.0089810335
-110.9374905799  -0.0000000001   0.0090128144
-110.5447914982  -0.0000000001   0.0090448210
-110.1520924165  -0.0000000001   0.0090770556
-109.7593933348  -0.0000000001   0.0091095209
-109.3666942531  -0.0000000001   0.0091422191
-108.9739951714  -0.0000000001   0.0091751529
-108.5812960897  -0.0000000001   0.0092083248
-108.1885970080  -0.0000000001   0.0092417374
-107.7958979263  -0.0000000001   0.0092753933
-107.4031988446  -0.0000000001   0.0093092951
-107.0104997629  -0.0000000001   0.0093434457
-106.6178006812  -0.0000000001   0.0093778477
-106.2251015995  -0.0000000001   0.0094125040
-105.8324025178  -0.0000000001   0.0094474173
-105.4397034361  -0.0000000001   0.0094825905
-105.0470043544  -0.0000000001   0.0095180265
-104.6543052727  -0.0000000001   0.0095537284
-104.2616061910  -0.0000000001   0.0095896990
-103.8689071093  -0.0000000001   0.0096259415
-103.4762080276  -0.0000000001   0.0096624589
-103.0835089459  -0.0000000001   0.0096992544
-102.6908098642  -0.0000000001   0.0097363311
-102.2981107825  -0.0000000001   0.0097736923
-101.9054117008  -0.0000000001   0.0098113413
-101.5127126191  -0.0000000001   0.0098492815
-101.1200135374  -0.0000000001   0.0098875161
-100.7273144557  -0.0000000001   0.0099260487
-100.3346153740  -0.0000000001   0.0099648828
 -99.9419162923  -0.0000000001   0.0100040218
 -99.5492172106  -0.0000000001   0.0100434694
 -99.1565181289  -0.0000000001   0.0100832294
 -98.7638190472  -0.0000000001   0.0101233053
 -98.3711199655  -0.0000000001   0.0101637009
 -97.9784208838  -0.0000000001   0.0102044202
 -97.5857218021  -0.0000000001   0.0102454670
 -97.1930227204  -0.0000000001   0.0102868453
 -96.8003236387  -0.0000000001   0.0103285591
 -96.4076245570  -0.0000000001   0.0103706125
 -96.0149254753  -0.0000000001   0.0104130097
 -95.6222263936  -0.0000000001   0.0104557548
 -95.2295273119  -0.0000000001   0.0104988523
 -94.8368282302  -0.0000000001   0.0105423065
 -94.4441291485  -0.0000000001   0.0105861218
 -94.0514300668  -0.0000000001   0.0106303027
 -93.6587309851  -0.0000000001   0.0106748539
 -93.2660319034  -0.0000000001   0.0107197800
 -92.8733328217  -0.0000000001   0.0107650857
 -92.4806337400  -0.0000000001   0.0108107759
 -92.0879346584  -0.0000000001   0.0108568556
 -91.6952355767  -0.0000000001   0.0109033296
 -91.3025364950  -0.0000000001   0.0109502032
 -90.9098374133  -0.0000000001   0.0109974814
 -90.5171383316  -0.0000000001   0.0110451695
 -90.1244392499  -0.0000000001   0.0110932729
 -89.7317401682  -0.0000000001   0.0111417971
 -89.3390410865  -0.0000000001   0.0111907475
 -88.9463420048  -0.0000000001   0.0112401298
 -88.5536429231  -0.0000000001   0.0112899497
 -88.1609438414  -0.0000000001   0.0113402132
 -87.7682447597  -0.0000000001   0.0113909261
 -87.3755456780  -0.0000000001   0.0114420944
 -86.9828465963  -0.0000000001   0.0114937245
 -86.5901475146  -0.0000000001   0.0115458224
 -86.1974484329  -0.0000000001   0.0115983947
 -85.8047493512  -0.0000000001   0.0116514478
 -85.4120502695  -0.0000000001   0.0117049883
 -85.0193511878  -0.0000000001   0.0117590231
 -84.6266521061  -0.0000000001   0.0118135589
 -84.2339530244  -0.0000000001   0.0118686027
 -83.8412539427  -0.0000000001   0.0119241618
 -83.4485548610  -0.0000000001   0.0119802433
 -83.0558557793  -0.0000000001   0.0120368547
 -82.6631566976  -0.0000000001   0.0120940035
 -82.2704576159  -0.0000000001   0.0121516974
 -81.8777585342  -0.0000000001   0.0122099442
 -81.4850594525  -0.0000000001   0.0122687519
 -81.0923603708  -0.0000000001   0.0123281287
 -80.6996612891  -0.0000000001   0.0123880829
 -80.3069622074  -0.0000000001   0.0124486228
 -79.9142631257  -0.0000000001   0.0125097572
 -79.5215640440  -0.0000000001   0.0125714947
 -79.1288649623  -0.0000000001   0.0126338445
 -78.7361658806  -0.0000000001   0.0126968157
 -78.3434667989  -0.0000000001   0.0127604175
 -77.9507677172  -0.0000000001   0.0128246595
 -77.5580686355  -0.0000000001   0.0128895514
 -77.1653695538  -0.0000000002   0.0129551032
 -76.7726704721  -0.0000000002   0.0130213248
 -76.3799713904  -0.0000000002   0.0130882267
 -75.9872723087  -0.0000000002   0.0131558194
 -75.5945732270  -0.0000000002   0.0132241137
 -75.2018741453  -0.0000000002   0.0132931204
 -74.8091750636  -0.0000000002   0.0133628508
 -74.4164759819  -0.0000000002   0.0134333164
 -74.0237769002  -0.0000000002   0.0135045289
 -73.6310778185  -0.0000000002   0.0135765000
 -73.2383787368  -0.0000000002   0.0136492422
 -72.8456796551  -0.0000000002   0.0137227677
 -72.4529805734  -0.0000000002   0.0137970894
 -72.0602814917  -0.0000000002   0.0138722202
 -71.6675824100  -0.0000000002   0.0139481734
 -71.2748833283  -0.0000000002   0.0140249625
 -70.8821842466  -0.0000000002   0.0141026015
 -70.4894851649  -0.0000000002   0.0141811045
 -70.0967860832  -0.0000000002   0.0142604861
 -69.7040870015  -0.0000000002   0.0143407610
 -69.3113879198  -0.0000000002   0.0144219444
 -68.9186888381  -0.0000000002   0.0145040518
 -68.5259897564  -0.0000000002   0.0145870990
 -68.1332906747  -0.0000000002   0.0146711024
 -67.7405915930  -0.0000000002   0.0147560784
 -67.3478925113  -0.0000000002   0.0148420442
 -66.9551934296  -0.0000000002   0.0149290170
 -66.5624943479  -0.0000000002   0.0150170146
 -66.1697952662  -0.0000000002   0.0151060553
 -65.7770961845  -0.0000000002   0.0151961577
 -65.3843971028  -0.0000000002   0.0152873409
 -64.9916980211  -0.0000000002   0.0153796245
 -64.5989989394  -0.0000000002   0.0154730285
 -64.2062998577  -0.0000000002   0.0155675734
 -63.8136007760  -0.0000000002   0.0156632802
 -63.4209016943  -0.0000000002   0.0157601705
 -63.0282026126  -0.0000000002   0.0158582663
 -62.6355035309  -0.0000000002   0.0159575903
 -62.2428044492  -0.0000000002   0.0160581657
 -61.8501053675  -0.0000000002   0.0161600163
 -61.4574062859  -0.0000000002   0.0162631664
 -61.0647072042  -0.0000000002   0.0163676411
 -60.6720081225  -0.0000000002   0.0164734661
 -60.2793090408  -0.0000000002   0.0165806676
 -59.8866099591  -0.0000000003   0.0166892727
 -59.4939108774  -0.0000000003   0.0167993092
 -59.1012117957  -0.0000000003   0.0169108054
 -58.7085127140  -0.0000000003   0.0170237907
 -58.3158136323  -0.0000000003   0.0171382950
 -57.9231145506  -0.0000000003   0.0172543491
 -57.5304154689  -0.0000000003   0.0173719848
 -57.1377163872  -0.0000000003   0.0174912345
 -56.7450173055  -0.0000000003   0.0176121317
 -56.3523182238  -0.0000000003   0.0177347107
 -55.9596191421  -0.0000000003   0.0178590069
 -55.5669200604  -0.0000000003   0.0179850565
 -55.1742209787  -0.0000000003   0.0181128969
 -54.7815218970  -0.0000000003   0.0182425666
 -54.3888228153  -0.0000000003   0.0183741050
 -53.9961237336  -0.0000000003   0.0185075528
 -53.6034246519  -0.0000000003   0.0186429518
 -53.2107255702  -0.0000000003   0.0187803452
 -52.8180264885  -0.0000000003   0.0189197773
 -52.4253274068  -0.0000000003   0.0190612937
 -52.0326283251  -0.0000000003   0.0192049415
 -51.6399292434  -0.0000000003   0.0193507693
 -51.2472301617  -0.0000000003   0.0194988269
 -50.8545310800  -0.0000000003   0.0196491659
 -50.4618319983  -0.0000000004   0.0198018394
 -50.0691329166  -0.0000000004   0.0199569021
 -49.6764338349  -0.0000000004   0.0201144105
 -49.2837347532  -0.0000000004   0.0202744229
 -48.8910356715  -0.0000000004   0.0204369994
 -48.4983365898  -0.0000000004   0.0206022021
 -48.1056375081  -0.0000000004   0.0207700951
 -47.7129384264  -0.0000000004   0.0209407446
 -47.3202393447  -0.0000000004   0.0211142190
 -46.9275402630  -0.0000000004   0.0212905889
 -46.5348411813  -0.0000000004   0.0214699274
 -46.1421420996  -0.0000000004   0.0216523100
 -45.7494430179  -0.0000000004   0.0218378148
 -45.3567439362  -0.0000000004   0.0220265226
 -44.9640448545  -0.0000000004   0.0222185170
 -44.5713457728  -0.0000000005   0.0224138845
 -44.1786466911  -0.0000000005   0.0226127147
 -43.7859476094  -0.0000000005   0.0228151003
 -43.3932485277  -0.0000000005   0.0230211376
 -43.0005494460  -0.0000000005   0.0232309262
 -42.6078503643  -0.0000000005   0.0234445692
 -42.2151512826  -0.0000000005   0.0236621739
 -41.8224522009  -0.0000000005   0.0238838512
 -41.4297531192  -0.0000000005   0.0241097165
 -41.0370540375  -0.0000000005   0.0243398896
 -40.6443549558  -0.0000000005   0.0245744945
 -40.2516558741  -0.0000000006   0.0248136605
 -39.8589567924  -0.0000000006   0.0250575216
 -39.4662577107  -0.0000000006   0.0253062174
 -39.0735586290  -0.0000000006   0.0255598928
 -38.6808595473  -0.0000000006   0.0258186988
 -38.2881604656  -0.0000000006   0.0260827923
 -37.8954613839  -0.0000000006   0.0263523368
 -37.5027623022  -0.0000000006   0.0266275027
 -37.1100632205  -0.0000000006   0.0269084674
 -36.7173641388  -0.0000000007   0.0271954158
 -36.3246650571  -0.0000000007   0.0274885410
 -35.9319659754  -0.0000000007   0.0277880441
 -35.5392668937  -0.0000000007   0.0280941354
 -35.1465678120  -0.0000000007   0.0284070342
 -34.7538687303  -0.0000000007   0.0287269699
 -34.3611696486  -0.0000000008   0.0290541821
 -33.9684705669  -0.0000000008   0.0293889216
 -33.5757714852  -0.0000000008   0.0297314506
 -33.1830724035  -0.0000000008   0.0300820437
 -32.7903733218  -0.0000000008   0.0304409886
 -32.3976742401  -0.0000000009   0.0308085867
 -32.0049751584  -0.0000000009   0.0311851542
 -31.6122760767  -0.0000000009   0.0315710228
 -31.2195769950  -0.0000000009   0.0319665406
 -30.8268779133  -0.0000000009   0.0323720735
 -30.4341788317  -0.0000000010   0.0327880059
 -30.0414797500  -0.0000000010   0.0332147422
 -29.6487806683  -0.0000000010   0.0336527079
 -29.2560815866  -0.0000000010   0.0341023511
 -28.8633825049  -0.0000000011   0.0345641442
 -28.4706834232  -0.0000000011   0.0350385851
 -28.0779843415  -0.0000000011   0.0355261993
 -27.6852852598  -0.0000000012   0.0360275418
 -27.2925861781  -0.0000000012   0.0365431991
 -26.8998870964  -0.0000000012   0.0370737917
 -26.5071880147  -0.0000000013   0.0376199760
 -26.1144889330  -0.0000000013   0.0381824475
 -25.7217898513  -0.0000000013   0.0387619438
 -25.3290907696  -0.0000000014   0.0393592473
 -24.9363916879  -0.0000000014   0.0399751890
 -24.5436926062  -0.0000000015   0.0406106523
 -24.1509935245  -0.0000000015   0.0412665772
 -23.7582944428  -0.0000000016   0.0419439647
 -23.3655953611  -0.0000000016   0.0426438820
 -22.9728962794  -0.0000000017   0.0433674681
 -22.5801971977  -0.0000000017   0.0441159395
 -22.1874981160  -0.0000000018   0.0448905976
 -21.7947990343  -0.0000000019   0.0456928355
 -21.4020999526  -0.0000000019   0.0465241467
 -21.0094008709  -0.0000000020   0.0473861338
 -20.6167017892  -0.0000000021   0.0482805191
 -20.2240027075  -0.0000000022   0.0492091555
 -19.8313036258  -0.0000000023   0.0501740396
 -19.4386045441  -0.0000000023   0.0511773251
 -19.0459054624  -0.0000000024   0.0522213391
 -18.6532063807  -0.0000000025   0.0533085996
 -18.2605072990  -0.0000000026   0.0544418354
 -17.8678082173  -0.0000000028   0.0556240083
 -17.4751091356  -0.0000000029   0.0568583389
 -17.0824100539  -0.0000000030   0.0581483347
 -16.6897109722  -0.0000000032   0.0594978229
 -16.2970118905  -0.0000000033   0.0609109875
 -15.9043128088  -0.0000000035   0.0623924113
 -15.5116137271  -0.0000000036   0.0639471247
 -15.1189146454  -0.0000000038   0.0655806607
 -14.7262155637  -0.0000000040   0.0672991192
 -14.3335164820  -0.0000000043   0.0691092410
 -13.9408174003  -0.0000000045   0.0710184929
 -13.5481183186  -0.0000000047   0.0730351681
 -13.1554192369  -0.0000000050   0.0751685022
 -12.7627201552  -0.0000000053   0.0774288096
 -12.3700210735  -0.0000000057   0.0798276444
 -11.9773219918  -0.0000000060   0.0823779900
 -11.5846229101  -0.0000000064   0.0850944851
 -11.1919238284  -0.0000000069   0.0879936926
 -10.7992247467  -0.0000000073   0.0910944226
 -10.4065256650  -0.0000000079   0.0944181216
 -10.0138265833  -0.0000000085   0.0979893449
  -9.6211275016  -0.0000000092   0.1018363320
  -9.2284284199  -0.0000000099   0.1059917144
  -8.8357293382  -0.0000000107   0.1104933885
  -8.4430302565  -0.0000000117   0.1153856043
  -8.0503311748  -0.0000000128   0.1207203295
  -7.6576320931  -0.0000000140   0.1265589757
  -7.2649330114  -0.0000000154   0.1329746016
  -6.8722339297  -0.0000000171   0.1400547505
  -6.4795348480  -0.0000000190   0.1479051459
  -6.0868357663  -0.0000000212   0.1566545565
  -5.6941366846  -0.0000000238   0.1664612836
  -5.3014376029  -0.0000000269   0.1775219300
  -4.9087385212  -0.0000000307   0.1900834375
  -4.5160394395  -0.0000000352   0.2044599002
  -4.1233403578  -0.0000000408   0.2210565167
  -3.7306412761  -0.0000000478   0.2404044945
  -3.3379421944  -0.0000000566   0.2632132698
  -2.9452431127  -0.0000000678   0.2904510545
  -2.5525440310  -0.0000000826   0.3234735173
  -2.1598449493  -0.0000001023   0.3642376208
  -1.7671458676  -0.0000001294   0.4156719427
  -1.3744467859  -0.0000001674   0.4823421821
  -0.9817477042  -0.0000002210   0.5716687915
  -0.5890486225  -0.0000002906   0.6960732604
  -0.1963495408  -0.0000003529   0.8760633528
   0.1963495408  -0.0000003529  -0.8760633528
   0.5890486225  -0.0000002906  -0.6960732604
   0.9817477042  -0.0000002210  -0.5716687915
   1.3744467859  -0.0000001674  -0.4823421821
   1.7671458676  -0.0000001294  -0.4156719427
   2.1598449493  -0.0000001023  -0.3642376208
   2.5525440310  -0.0000000826  -0.3234735173
   2.9452431127  -0.0000000678  -0.2904510545
   3.3379421944  -0.0000000566  -0.2632132698
   3.7306412761  -0.0000000478  -0.2404044945
   4.1233403578  -0.0000000408  -0.2210565167
   4.5160394395  -0.0000000352  -0.2044599002
   4.9087385212  -0.0000000307  -0.1900834375
   5.3014376029  -0.0000000269  -0.1775219300
   5.6941366846  -0.0000000238  -0.1664612836
   6.0868357663  -0.0000000212  -0.1566545565
   6.4795348480  -0.0000000190  -0.1479051459
   6.8722339297  -0.0000000171  -0.1400547505
   7.2649330114  -0.0000000154  -0.1329746016
   7.6576320931  -0.0000000140  -0.1265589757
   8.0503311748  -0.0000000128  -0.1207203295
   8.4430302565  -0.0000000117  -0.1153856043
   8.8357293382  -0.0000000107  -0.1104933885
   9.2284284199  -0.0000000099  -0.1059917144
   9.6211275016  -0.0000000092  -0.1018363320
  10.0138265833  -0.0000000085  -0.0979893449
  10.4065256650  -0.0000000079  -0.0944181216
  10.7992247467  -0.0000000073  -0.0910944226
  11.1919238284  -0.0000000069  -0.0879936926
  11.5846229101  -0.0000000064  -0.0850944851
  11.9773219918  -0.0000000060  -0.0823779900
  12.3700210735  -0.0000000057  -0.0798276444
  12.7627201552  -0.0000000053  -0.0774288096
  13.1554192369  -0.0000000050  -0.0751685022
  13.5481183186  -0.0000000047  -0.0730351681
  13.9408174003  -0.0000000045  -0.0710184929
  14.3335164820  -0.0000000043  -0.0691092410
  14.7262155637  -0.0000000040  -0.0672991192
  15.1189146454  -0.0000000038  -0.0655806607
  15.5116137271  -0.0000000036  -0.0639471247
  15.9043128088  -0.0000000035  -0.0623924113
  16.2970118905  -0.0000000033  -0.0609109875
  16.6897109722  -0.0000000032  -0.0594978229
  17.0824100539  -0.0000000030  -0.0581483347
  17.4751091356  -0.0000000029  -0.0568583389
  17.8678082173  -0.0000000028  -0.0556240083
  18.2605072990  -0.0000000026  -0.0544418354
  18.6532063807  -0.0000000025  -0.0533085996
  19.0459054624  -0.0000000024  -0.0522213391
  19.4386045441  -0.0000000023  -0.0511773251
  19.8313036258  -0.0000000023  -0.0501740396
  20.2240027075  -0.0000000022  -0.0492091555
  20.6167017892  -0.0000000021  -0.0482805191
  21.0094008709  -0.0000000020  -0.0473861338
  21.4020999526  -0.0000000019  -0.0465241467
  21.7947990343  -0.0000000019  -0.0456928355
  22.1874981160  -0.0000000018  -0.0448905976
  22.5801971977  -0.0000000017  -0.0441159395
  22.9728962794  -0.0000000017  -0.0433674681
  23.3655953611  -0.0000000016  -0.0426438820
  23.7582944428  -0.0000000016  -0.0419439647
  24.1509935245  -0.0000000015  -0.0412665772
  24.5436926062  -0.0000000015  -0.0406106523
  24.9363916879  -0.0000000014  -0.0399751890
  25.3290907696  -0.0000000014  -0.0393592473
  25.7217898513  -0.0000000013  -0.0387619438
  26.1144889330  -0.0000000013  -0.0381824475
  26.5071880147  -0.0000000013  -0.0376199760
  26.8998870964  -0.0000000012  -0.0370737917
  27.2925861781  -0.0000000012  -0.0365431991
  27.6852852598  -0.0000000012  -0.0360275418
  28.0779843415  -0.0000000011  -0.0355261993
  28.4706834232  -0.0000000011  -0.0350385851
  28.8633825049  -0.0000000011  -0.0345641442
  29.2560815866  -0.0000000010  -0.0341023511
  29.6487806683  -0.0000000010  -0.0336527079
  30.0414797500  -0.0000000010  -0.0332147422
  30.4341788317  -0.0000000010  -0.0327880059
  30.8268779133  -0.0000000009  -0.0323720735
  31.2195769950  -0.0000000009  -0.0319665406
  31.6122760767  -0.0000000009  -0.0315710228
  32.0049751584  -0.0000000009  -0.0311851542
  32.3976742401  -0.0000000009  -0.0308085867
  32.7903733218  -0.0000000008  -0.0304409886
  33.1830724035  -0.0000000008  -0.0300820437
  33.5757714852  -0.0000000008  -0.0297314506
  33.9684705669  -0.0000000008  -0.0293889216
  34.3611696486  -0.0000000008  -0.0290541821
  34.7538687303  -0.0000000007  -0.0287269699
  35.1465678120  -0.0000000007  -0.0284070342
  35.5392668937  -0.0000000007  -0.0280941354
  35.9319659754  -0.0000000007  -0.0277880441
  36.3246650571  -0.0000000007  -0.0274885410
  36.7173641388  -0.0000000007  -0.0271954158
  37.1100632205  -0.0000000006  -0.0269084674
  37.5027623022  -0.0000000006  -0.0266275027
  37.8954613839  -0.0000000006  -0.0263523368
  38.2881604656  -0.0000000006  -0.0260827923
  38.6808595473  -0.0000000006  -0.0258186988
  39.0735586290  -0.0000000006  -0.0255598928
  39.4662577107  -0.0000000006  -0.0253062174
  39.8589567924  -0.0000000006  -0.0250575216
  40.2516558741  -0.0000000006  -0.0248136605
  40.6443549558  -0.0000000005  -0.0245744945
  41.0370540375  -0.0000000005  -0.0243398896
  41.4297531192  -0.0000000005  -0.0241097165
  41.8224522009  -0.0000000005  -0.0238838512
  42.2151512826  -0.0000000005  -0.0236621739
  42.6078503643  -0.0000000005  -0.0234445692
  43.0005494460  -0.0000000005  -0.0232309262
  43.3932485277  -0.0000000005  -0.0230211376
  43.7859476094  -0.0000000005  -0.0228151003
  44.1786466911  -0.0000000005  -0.0226127147
  44.5713457728  -0.0000000005  -0.0224138845
  44.9640448545  -0.0000000004  -0.0222185170
  45.3567439362  -0.0000000004  -0.0220265226
  45.7494430179  -0.0000000004  -0.0218378148
  46.1421420996  -0.0000000004  -0.0216523100
  46.5348411813  -0.0000000004  -0.0214699274
  46.9275402630  -0.0000000004  -0.0212905889
  47.3202393447  -0.0000000004  -0.0211142190
  47.7129384264  -0.0000000004  -0.0209407446
  48.1056375081  -0.0000000004  -0.0207700951
  48.4983365898  -0.0000000004  -0.0206022021
  48.8910356715  -0.0000000004  -0.0204369994
  49.2837347532  -0.0000000004  -0.0202744229
  49.6764338349  -0.0000000004  -0.0201144105
  50.0691329166  -0.0000000004  -0.0199569021
  50.4618319983  -0.0000000004  -0.0198018394
  50.8545310800  -0.0000000003  -0.0196491659
  51.2472301617  -0.0000000003  -0.0194988269
  51.6399292434  -0.0000000003  -0.0193507693
  52.0326283251  -0.0000000003  -0.0192049415
  52.4253274068  -0.0000000003  -0.0190612937
  52.8180264885  -0.0000000003  -0.0189197773
  53.2107255702  -0.0000000003  -0.0187803452
  53.6034246519  -0.0000000003  -0.0186429518
  53.9961237336  -0.0000000003  -0.0185075528
  54.3888228153  -0.0000000003  -0.0183741050
  54.7815218970  -0.0000000003  -0.0182425666
  55.1742209787  -0.0000000003  -0.0181128969
  55.5669200604  -0.0000000003  -0.0179850565
  55.9596191421  -0.0000000003  -0.0178590069
  56.3523182238  -0.0000000003  -0.0177347107
  56.7450173055  -0.0000000003  -0.0176121317
  57.1377163872  -0.0000000003  -0.0174912345
  57.5304154689  -0.0000000003  -0.0173719848
  57.9231145506  -0.0000000003  -0.0172543491
  58.3158136323  -0.0000000003  -0.0171382950
  58.7085127140  -0.0000000003  -0.0170237907
  59.1012117957  -0.0000000003  -0.0169108054
  59.4939108774  -0.0000000003  -0.0167993092
  59.8866099591  -0.0000000003  -0.0166892727
  60.2793090408  -0.0000000002  -0.0165806676
  60.6720081225  -0.0000000002  -0.0164734661
  61.0647072042  -0.0000000002  -0.0163676411
  61.4574062859  -0.0000000002  -0.0162631664
  61.8501053675  -0.0000000002  -0.0161600163
  62.2428044492  -0.0000000002  -0.0160581657
  62.6355035309  -0.0000000002  -0.0159575903
  63.0282026126  -0.0000000002  -0.0158582663
  63.4209016943  -0.0000000002  -0.0157601705
  63.8136007760  -0.0000000002  -0.0156632802
  64.2062998577  -0.0000000002  -0.0155675734
  64.5989989394  -0.0000000002  -0.0154730285
  64.9916980211  -0.0000000002  -0.0153796245
  65.3843971028  -0.0000000002  -0.0152873409
  65.7770961845  -0.0000000002  -0.0151961577
  66.1697952662  -0.0000000002  -0.0151060553
  66.5624943479  -0.0000000002  -0.0150170146
  66.9551934296  -0.0000000002  -0.0149290170
  67.3478925113  -0.0000000002  -0.0148420442
  67.7405915930  -0.0000000002  -0.0147560784
  68.1332906747  -0.0000000002  -0.0146711024
  68.5259897564  -0.0000000002  -0.0145870990
  68.9186888381  -0.0000000002  -0.0145040518
  69.3113879198  -0.0000000002  -0.0144219444
  69.7040870015  -0.0000000002  -0.0143407610
  70.0967860832  -0.0000000002  -0.0142604861
  70.4894851649  -0.0000000002  -0.0141811045
  70.8821842466  -0.0000000002  -0.0141026015
  71.2748833283  -0.0000000002  -0.0140249625
  71.6675824100  -0.0000000002  -0.0139481734
  72.0602814917  -0.0000000002  -0.0138722202
  72.4529805734  -0.0000000002  -0.0137970894
  72.8456796551  -0.0000000002  -0.0137227677
  73.2383787368  -0.0000000002  -0.0136492422
  73.6310778185  -0.0000000002  -0.0135765000
  74.0237769002  -0.0000000002  -0.0135045289
  74.4164759819  -0.0000000002  -0.0134333164
  74.8091750636  -0.0000000002  -0.0133628508
  75.2018741453  -0.0000000002  -0.0132931204
  75.5945732270  -0.0000000002  -0.0132241137
  75.9872723087  -0.0000000002  -0.0131558194
  76.3799713904  -0.0000000002  -0.0130882267
  76.7726704721  -0.0000000002  -0.0130213248
  77.1653695538  -0.0000000002  -0.0129551032
  77.5580686355  -0.0000000001  -0.0128895514
  77.9507677172  -0.0000000001  -0.0128246595
  78.3434667989  -0.0000000001  -0.0127604175
  78.7361658806  -0.0000000001  -0.0126968157
  79.1288649623  -0.0000000001  -0.0126338445
  79.5215640440  -0.0000000001  -0.0125714947
  79.9142631257  -0.0000000001  -0.0125097572
  80.3069622074  -0.0000000001  -0.0124486228
  80.6996612891  -0.0000000001  -0.0123880829
  81.0923603708  -0.0000000001  -0.0123281287
  81.4850594525  -0.0000000001  -0.0122687519
  81.8777585342  -0.0000000001  -0.0122099442
  82.2704576159  -0.0000000001  -0.0121516974
  82.6631566976  -0.0000000001  -0.0120940035
  83.0558557793  -0.0000000001  -0.0120368547
  83.4485548610  -0.0000000001  -0.0119802433
  83.8412539427  -0.0000000001  -0.0119241618
  84.2339530244  -0.0000000001  -0.0118686027
  84.6266521061  -0.0000000001  -0.0118135589
  85.0193511878  -0.0000000001  -0.0117590231
  85.4120502695  -0.0000000001  -0.0117049883
  85.8047493512  -0.0000000001  -0.0116514478
  86.1974484329  -0.0000000001  -0.0115983947
  86.5901475146  -0.0000000001  -0.0115458224
  86.9828465963  -0.0000000001  -0.0114937245
  87.3755456780  -0.0000000001  -0.0114420944
  87.7682447597  -0.0000000001  -0.0113909261
  88.1609438414  -0.0000000001  -0.0113402132
  88.5536429231  -0.0000000001  -0.0112899497
  88.9463420048  -0.0000000001  -0.0112401298
  89.3390410865  -0.0000000001  -0.0111907475
  89.7317401682  -0.0000000001  -0.0111417971
  90.1244392499  -0.0000000001  -0.0110932729
  90.5171383316  -0.0000000001  -0.0110451695
  90.9098374133  -0.0000000001  -0.0109974814
  91.3025364950  -0.0000000001  -0.0109502032
  91.6952355767  -0.0000000001  -0.0109033296
  92.0879346584  -0.0000000001  -0.0108568556
  92.4806337400  -0.0000000001  -0.0108107759
  92.8733328217  -0.0000000001  -0.0107650857
  93.2660319034  -0.0000000001  -0.0107197800
  93.6587309851  -0.0000000001  -0.0106748539
  94.0514300668  -0.0000000001  -0.0106303027
  94.4441291485  -0.0000000001  -0.0105861218
  94.8368282302  -0.0000000001  -0.0105423065
  95.2295273119  -0.0000000001  -0.0104988523
  95.6222263936  -0.0000000001  -0.0104557548
  96.0149254753  -0.0000000001  -0.0104130097
  96.4076245570  -0.0000000001  -0.0103706125
  96.8003236387  -0.0000000001  -0.0103285591
  97.1930227204  -0.0000000001  -0.0102868453
  97.5857218021  -0.0000000001  -0.0102454670
  97.9784208838  -0.0000000001  -0.0102044202
  98.3711199655  -0.0000000001  -0.0101637009
  98.7638190472  -0.0000000001  -0.0101233053
  99.1565181289  -0.0000000001  -0.0100832294
  99.5492172106  -0.0000000001  -0.0100434694
  99.9419162923  -0.0000000001  -0.0100040218
 100.3346153740  -0.0000000001  -0.0099648828
 100.7273144557  -0.0000000001  -0.0099260487
 101.1200135374  -0.0000000001  -0.0098875161
 101.5127126191  -0.0000000001  -0.0098492815
 101.9054117008  -0.0000000001  -0.0098113413
 102.2981107825  -0.0000000001  -0.0097736923
 102.6908098642  -0.0000000001  -0.0097363311
 103.0835089459  -0.0000000001  -0.0096992544
 103.4762080276  -0.0000000001  -0.0096624589
 103.8689071093  -0.0000000001  -0.0096259415
 104.2616061910  -0.0000000001  -0.0095896990
 104.6543052727  -0.0000000001  -0.0095537284
 105.0470043544  -0.0000000001  -0.0095180265
 105.4397034361  -0.0000000001  -0.0094825905
 105.8324025178  -0.0000000001  -0.0094474173
 106.2251015995  -0.0000000001  -0.0094125040
 106.6178006812  -0.0000000001  -0.0093778477
 107.0104997629  -0.0000000001  -0.0093434457
 107.4031988446  -0.0000000001  -0.0093092951
 107.7958979263  -0.0000000001  -0.0092753933
 108.1885970080  -0.0000000001  -0.0092417374
 108.5812960897  -0.0000000001  -0.0092083248
 108.9739951714  -0.0000000001  -0.0091751529
 109.3666942531  -0.0000000001  -0.0091422191
 109.7593933348  -0.0000000001  -0.0091095209
 110.1520924165  -0.0000000001  -0.0090770556
 110.5447914982  -0.0000000001  -0.0090448210
 110.9374905799  -0.0000000001  -0.0090128144
 111.3301896616  -0.0000000001  -0.0089810335
 111.7228887433  -0.0000000001  -0.0089494759
 112.1155878250  -0.0000000001  -0.0089181393
 112.5082869067  -0.0000000001  -0.0088870213
 112.9009859884  -0.0000000001  -0.0088561197
 113.2936850701  -0.0000000001  -0.0088254323
 113.6863841518  -0.0000000001  -0.0087949567
 114.0790832335  -0.0000000001  -0.0087646909
 114.4717823152  -0.0000000001  -0.0087346326
 114.8644813969  -0.0000000001  -0.0087047797
 115.2571804786  -0.0000000001  -0.0086751302
 115.6498795603  -0.0000000001  -0.0086456819
 116.0425786420  -0.0000000001  -0.0086164329
 116.4352777237  -0.0000000001  -0.0085873811
 116.8279768054  -0.0000000001  -0.0085585245
 117.2206758871  -0.0000000001  -0.0085298611
 117.6133749688  -0.0000000001  -0.0085013891
 118.0060740505  -0.0000000001  -0.0084731065
 118.3987731322  -0.0000000001  -0.0084450115
 118.7914722139  -0.0000000001  -0.0084171021
 119.1841712956  -0.0000000001  -0.0083893765
 119.5768703773  -0.0000000001  -0.0083618330
 119.9695694590  -0.0000000001  -0.0083344697
 120.3622685407  -0.0000000001  -0.0083072849
 120.7549676224  -0.0000000001  -0.0082802768
 121.1476667041  -0.0000000001  -0.0082534438
 121.5403657858  -0.0000000001  -0.0082267841
 121.9330648675  -0.0000000001  -0.0082002960
 122.3257639492  -0.0000000001  -0.0081739779
 122.7184630309  -0.0000000001  -0.0081478282
 123.1111621125  -0.0000000001  -0.0081218453
 123.5038611942  -0.0000000001  -0.0080960275
 123.8965602759  -0.0000000001  -0.0080703733
 124.2892593576  -0.0000000001  -0.0080448812
 124.6819584393  -0.0000000001  -0.0080195496
 125.0746575210  -0.0000000001  -0.0079943770
 125.4673566027  -0.0000000001  -0.0079693619
 125.8600556844  -0.0000000001  -0.0079445029
 126.2527547661  -0.0000000001  -0.0079197984
 126.6454538478  -0.0000000001  -0.0078952471
 127.0381529295  -0.0000000001  -0.0078708476
 127.4308520112  -0.0000000001  -0.0078465983
 127.8235510929  -0.0000000001  -0.0078224980
 128.2162501746  -0.0000000001  -0.0077985453
 128.6089492563  -0.0000000001  -0.0077747388
 129.0016483380  -0.0000000001  -0.0077510771
 129.3943474197  -0.0000000001  -0.0077275591
 129.7870465014  -0.0000000001  -0.0077041833
 130.1797455831  -0.0000000001  -0.0076809485
 130.5724446648  -0.0000000001  -0.0076578534
 130.9651437465  -0.0000000001  -0.0076348968
 131.3578428282  -0.0000000001  -0.0076120774
 131.7505419099  -0.0000000001  -0.0075893939
 132.1432409916  -0.0000000001  -0.0075668452
 132.5359400733  -0.0000000001  -0.0075444302
 132.9286391550  -0.0000000001  -0.0075221475
 133.3213382367  -0.0000000001  -0.0074999960
 133.7140373184  -0.0000000001  -0.0074779746
 134.1067364001  -0.0000000000  -0.0074560821
 134.4994354818  -0.0000000000  -0.0074343174
 134.8921345635  -0.0000000000  -0.0074126794
 135.2848336452  -0.0000000000  -0.0073911670
 135.6775327269  -0.0000000000  -0.0073697790
 136.0702318086  -0.0000000000  -0.0073485145
 136.4629308903  -0.0000000000  -0.0073273723
 136.8556299720  -0.0000000000  -0.0073063515
 137.2483290537  -0.0000000000  -0.0072854508
 137.6410281354  -0.0000000000  -0.0072646694
 138.0337272171  -0.0000000000  -0.0072440062
 138.4264262988  -0.0000000000  -0.0072234602
 138.8191253805  -0.0000000000  -0.0072030304
 139.2118244622  -0.0000000000  -0.0071827159
 139.6045235439  -0.0000000000  -0.0071625156
 139.9972226256  -0.0000000000  -0.0071424286
 140.3899217073  -0.0000000000  -0.0071224539
 140.7826207890  -0.0000000000  -0.0071025906
 141.1753198707  -0.0000000000  -0.0070828378
 141.5680189524  -0.0000000000  -0.0070631945
 141.9607180341  -0.0000000000  -0.0070436599
 142.3534171158  -0.0000000000  -0.0070242331
 142.7461161975  -0.0000000000  -0.0070049131
 143.1388152792  -0.0000000000  -0.0069856990
 143.5315143609  -0.0000000000  -0.0069665901
 143.9242134426  -0.0000000000  -0.0069475854
 144.3169125243  -0.0000000000  -0.0069286842
 144.7096116060  -0.0000000000  -0.0069098854
 145.1023106877  -0.0000000000  -0.0068911884
 145.4950097694  -0.0000000000  -0.0068725923
 145.8877088511  -0.0000000000  -0.0068540963
 146.2804079328  -0.0000000000  -0.0068356996
 146.6731070145  -0.0000000000  -0.0068174013
 147.0658060962  -0.0000000000  -0.0067992008
 147.4585051779  -0.0000000000  -0.0067810972
 147.8512042596  -0.0000000000  -0.0067630897
 148.2439033413  -0.0000000000  -0.0067451775
 148.6366024230  -0.0000000000  -0.0067273600
 149.0293015047  -0.0000000000  -0.0067096364
 149.4220005864  -0.0000000000  -0.0066920059
 149.8146996681  -0.0000000000  -0.0066744678
 150.2073987498  -0.0000000000  -0.0066570214
 150.6000978315  -0.0000000000  -0.0066396660
 150.9927969132  -0.0000000000  -0.0066224008
 151.3854959949  -0.0000000000  -0.0066052252
 151.7781950766  -0.0000000000  -0.0065881384
 152.1708941583  -0.0000000000  -0.0065711397
 152.5635932400  -0.0000000000  -0.0065542286
 152.9562923217  -0.0000000000  -0.0065374043
 153.3489914034  -0.0000000000  -0.0065206661
 153.7416904851  -0.0000000000  -0.0065040134
 154.1343895667  -0.0000000000  -0.0064874456
 154.5270886484  -0.0000000000  -0.0064709619
 154.9197877301  -0.0000000000  -0.0064545618
 155.3124868118  -0.0000000000  -0.0064382446
 155.7051858935  -0.0000000000  -0.0064220096
 156.0978849752  -0.0000000000  -0.0064058564
 156.4905840569  -0.0000000000  -0.0063897842
 156.8832831386  -0.0000000000  -0.0063737924
 157.2759822203  -0.0000000000  -0.0063578805
 157.6686813020  -0.0000000000  -0.0063420478
 158.0613803837  -0.0000000000  -0.0063262938
 158.4540794654  -0.0000000000  -0.0063106178
 158.8467785471  -0.0000000000  -0.0062950194
 159.2394776288  -0.0000000000  -0.0062794978
 159.6321767105  -0.0000000000  -0.0062640526
 160.0248757922  -0.0000000000  -0.0062486832
 160.4175748739  -0.0000000000  -0.0062333890
 160.8102739556  -0.0000000000  -0.0062181695
 161.2029730373  -0.0000000000  -0.0062030241
 161.5956721190  -0.0000000000  -0.0061879524
 161.9883712007  -0.0000000000  -0.0061729536
 162.3810702824  -0.0000000000  -0.0061580275
 162.7737693641  -0.0000000000  -0.0061431733
 163.1664684458  -0.0000000000  -0.0061283906
 163.5591675275  -0.0000000000  -0.0061136788
 163.9518666092  -0.0000000000  -0.0060990376
 164.3445656909  -0.0000000000  -0.0060844663
 164.7372647726  -0.0000000000  -0.0060699644
 165.1299638543  -0.0000000000  -0.0060555315
 165.5226629360  -0.0000000000  -0.0060411671
 165.9153620177  -0.0000000000  -0.0060268706
 166.3080610994  -0.0000000000  -0.0060126417
 166.7007601811  -0.0000000000  -0.0059984797
 167.0934592628  -0.0000000000  -0.0059843844
 167.4861583445  -0.0000000000  -0.0059703551
 167.8788574262  -0.0000000000  -0.0059563914
 168.2715565079  -0.0000000000  -0.0059424929
 168.6642555896  -0.0000000000  -0.0059286591
 169.0569546713  -0.0000000000  -0.0059148896
 169.4496537530  -0.0000000000  -0.0059011838
 169.8423528347  -0.0000000000  -0.0058875415
 170.2350519164  -0.0000000000  -0.0058739620
 170.6277509981  -0.0000000000  -0.0058604451
 171.0204500798  -0.0000000000  -0.0058469902
 171.4131491615  -0.0000000000  -0.0058335970
 171.8058482432  -0.0000000000  -0.0058202649
 172.1985473249  -0.0000000000  -0.0058069937
 172.5912464066  -0.0000000000  -0.0057937828
 172.9839454883  -0.0000000000  -0.0057806319
 173.3766445700  -0.0000000000  -0.0057675406
 173.7693436517  -0.0000000000  -0.0057545085
 174.1620427334  -0.0000000000  -0.0057415350
 174.5547418151  -0.0000000000  -0.0057286200
 174.9474408968  -0.0000000000  -0.0057157629
 175.3401399785  -0.0000000000  -0.0057029634
 175.7328390602  -0.0000000000  -0.0056902211
 176.1255381419  -0.0000000000  -0.0056775356
 176.5182372236  -0.0000000000  -0.0056649066
 176.9109363053  -0.0000000000  -0.0056523336
 177.3036353870  -0.0000000000  -0.0056398163
 177.6963344687  -0.0000000000  -0.0056273542
 178.0890335504  -0.0000000000  -0.0056149472
 178.4817326321  -0.0000000000  -0.0056025947
 178.8744317138  -0.0000000000  -0.0055902965
 179.2671307955  -0.0000000000  -0.0055780521
 179.6598298772  -0.0000000000  -0.0055658613
 180.0525289589  -0.0000000000  -0.0055537236
 180.4452280406  -0.0000000000  -0.0055416387
 180.8379271223  -0.0000000000  -0.0055296063
 181.2306262040  -0.0000000000  -0.0055176261
 181.6233252857  -0.0000000000  -0.0055056976
 182.0160243674  -0.0000000000  -0.0054938206
 182.4087234491  -0.0000000000  -0.0054819948
 182.8014225308  -0.0000000000  -0.0054702197
 183.1941216125  -0.0000000000  -0.0054584951
 183.5868206942  -0.0000000000  -0.0054468207
 183.9795197759  -0.0000000000  -0.0054351961
 184.3722188576  -0.0000000000  -0.0054236210
 184.7649179392  -0.0000000000  -0.0054120951
 185.1576170209  -0.0000000000  -0.0054006180
 185.5503161026  -0.0000000000  -0.0053891896
 185.9430151843  -0.0000000000  -0.0053778094
 186.3357142660  -0.0000000000  -0.0053664772
 186.7284133477  -0.0000000000  -0.0053551926
 187.1211124294  -0.0000000000  -0.0053439554
 187.5138115111  -0.0000000000  -0.0053327653
 187.9065105928  -0.0000000000  -0.0053216219
 188.2992096745  -0.0000000000  -0.0053105250
 188.6919087562  -0.0000000000  -0.0052994742
 189.0846078379  -0.0000000000  -0.0052884694
 189.4773069196  -0.0000000000  -0.0052775101
 189.8700060013  -0.0000000000  -0.0052665962
 190.2627050830  -0.0000000000  -0.0052557274
 190.6554041647  -0.0000000000  -0.0052449033
 191.0481032464  -0.0000000000  -0.0052341237
 191.4408023281  -0.0000000000  -0.0052233883
 191.8335014098  -0.0000000000  -0.0052126969
 192.2262004915  -0.0000000000  -0.0052020491
 192.6188995732  -0.0000000000  -0.0051914447
 193.0115986549  -0.0000000000  -0.0051808835
 193.4042977366  -0.0000000000  -0.0051703652
 193.7969968183  -0.0000000000  -0.0051598895
 194.1896959000  -0.0000000000  -0.0051494561
 194.5823949817  -0.0000000000  -0.0051390649
 194.9750940634  -0.0000000000  -0.0051287155
 195.3677931451  -0.0000000000  -0.0051184077
 195.7604922268  -0.0000000000  -0.0051081413
 196.1531913085  -0.0000000000  -0.0050979160
 196.5458903902  -0.0000000000  -0.0050877315
 196.9385894719  -0.0000000000  -0.0050775876
 197.3312885536  -0.0000000000  -0.0050674841
 197.7239876353  -0.0000000000  -0.0050574207
 198.1166867170  -0.0000000000  -0.0050473972
 198.5093857987  -0.0000000000  -0.0050374134
 198.9020848804  -0.0000000000  -0.0050274690
 199.2947839621  -0.0000000000  -0.0050175638
 199.6874830438  -0.0000000000  -0.0050076975
 200.0801821255  -0.0000000000  -0.0049978699
 200.4728812072  -0.0000000000  -0.0049880809
 200.8655802889  -0.0000000000  -0.0049783301
