   0.0000000000  -0.1676662822
   0.0250000000  -0.1675290693
   0.0500000000  -0.1683029238
   0.0750000000  -0.1674982946
   0.1000000000  -0.1682091962
   0.1250000000  -0.1672864785
   0.1500000000  -0.1677952793
   0.1750000000  -0.1665783871
   0.2000000000  -0.1666768847
   0.2250000000  -0.1649367662
   0.2500000000  -0.1643796582
   0.2750000000  -0.1618699909
   0.3000000000  -0.1604125223
   0.3250000000  -0.1569080364
   0.3500000000  -0.1543436135
   0.3750000000  -0.1496753213
   0.4000000000  -0.1458676096
   0.4250000000  -0.1399499847
   0.4500000000  -0.1348551820
   0.4750000000  -0.1277019009
   0.5000000000  -0.1213787003
   0.5250000000  -0.1131055749
   0.5500000000  -0.1057124121
   0.5750000000  -0.0965281797
   0.6000000000  -0.0883092605
   0.6250000000  -0.0784965635
   0.6500000000  -0.0697595600
   0.6750000000  -0.0596494978
   0.7000000000  -0.0507385236
   0.7250000000  -0.0406825051
   0.7500000000  -0.0319500221
   0.7750000000  -0.0222923856
   0.8000000000  -0.0140732066
   0.8250000000  -0.0051273718
   0.8500000000   0.0022828980
   0.8750000000   0.0102528992
   0.9000000000   0.0166135847
   0.9250000000   0.0234052992
   0.9500000000   0.0285400423
   0.9750000000   0.0340184478
   1.0000000000   0.0378185121
   1.0250000000   0.0419161183
   1.0500000000   0.0443384097
   1.0750000000   0.0470506364
   1.1000000000   0.0481115802
   1.1250000000   0.0494886782
   1.1500000000   0.0492552423
   1.1750000000   0.0493920800
   1.2000000000   0.0479712316
   1.2250000000   0.0469961962
   1.2500000000   0.0445239476
   1.2750000000   0.0425880225
   1.3000000000   0.0392190093
   1.3250000000   0.0364858369
   1.3500000000   0.0323841013
   1.3750000000   0.0290215520
   1.4000000000   0.0243529162
   1.4250000000   0.0205263956
   1.4500000000   0.0154525400
   1.4750000000   0.0113200154
   1.5000000000   0.0059941544
   1.5250000000   0.0017026899
   1.5500000000  -0.0037334154
   1.5750000000  -0.0080499355
   1.6000000000  -0.0134679563
   1.6250000000  -0.0176902635
   1.6500000000  -0.0229765977
   1.6750000000  -0.0270009414
   1.7000000000  -0.0320575798
   1.7250000000  -0.0357963143
   1.7500000000  -0.0405414405
   1.7750000000  -0.0439234085
   1.8000000000  -0.0482917915
   1.8250000000  -0.0512625218
   1.8500000000  -0.0552056834
   1.8750000000  -0.0577273559
   1.9000000000  -0.0612134472
   1.9250000000  -0.0632645481
   1.9500000000  -0.0662778637
   1.9750000000  -0.0678524630
   2.0000000000  -0.0703925429
   2.0250000000  -0.0714991614
   2.0500000000  -0.0735794723
   2.0750000000  -0.0742395482
   2.1000000000  -0.0758857823
   2.1250000000  -0.0761317954
   2.1500000000  -0.0773798638
   2.1750000000  -0.0772532079
   2.2000000000  -0.0781470342
   2.2250000000  -0.0776957488
   2.2500000000  -0.0782849752
   2.2750000000  -0.0775614510
   2.3000000000  -0.0778991708
   2.3250000000  -0.0769579338
   2.3500000000  -0.0770985445
   2.3750000000  -0.0759942064
   2.4000000000  -0.0759914617
   2.4250000000  -0.0747769035
   2.4500000000  -0.0746822170
   2.4750000000  -0.0734070481
   2.5000000000  -0.0732680832
   2.5250000000  -0.0719774011
   2.5500000000  -0.0718369623
   2.5750000000  -0.0705704193
   2.6000000000  -0.0704656445
   2.6250000000  -0.0692568157
   2.6500000000  -0.0692186594
   2.6750000000  -0.0680946941
   2.7000000000  -0.0681476813
   2.7250000000  -0.0671292135
   2.7500000000  -0.0672914370
   2.7750000000  -0.0663927242
   2.8000000000  -0.0666760543
   2.8250000000  -0.0659053098
   2.8500000000  -0.0663157808
   2.8750000000  -0.0656756611
   2.9000000000  -0.0662139975
   2.9250000000  -0.0657022077
   2.9500000000  -0.0663644539
   2.9750000000  -0.0659744333
   3.0000000000  -0.0667526495
   3.0250000000  -0.0664743024
   3.0500000000  -0.0673572958
   3.0750000000  -0.0671777374
   3.1000000000  -0.0681517987
   3.1250000000  -0.0680560889
   3.1500000000  -0.0691057102
   3.1750000000  -0.0690775548
   3.2000000000  -0.0701861113
   3.2250000000  -0.0702085147
   3.2500000000  -0.0713588946
   3.2750000000  -0.0714147534
   3.3000000000  -0.0725899267
   3.3250000000  -0.0726625561
   3.3500000000  -0.0738460774
   3.3750000000  -0.0739196671
   3.4000000000  -0.0750961068
   3.4250000000  -0.0751561045
   3.4500000000  -0.0763114088
   3.4750000000  -0.0763448305
   3.5000000000  -0.0774666076
   3.5250000000  -0.0774622756
   3.5500000000  -0.0785400103
   3.5750000000  -0.0784887196
   3.6000000000  -0.0795139162
   3.6250000000  -0.0794085315
   3.6500000000  -0.0803747871
   3.6750000000  -0.0802102722
   3.7000000000  -0.0811132835
   3.7250000000  -0.0808866669
   3.7500000000  -0.0817241738
   3.7750000000  -0.0814344558
   3.8000000000  -0.0822061277
   3.8250000000  -0.0818541344
   3.8500000000  -0.0825614062
   3.8750000000  -0.0821495988
   3.9000000000  -0.0827954648
   3.9250000000  -0.0823277129
   3.9500000000  -0.0829164888
   3.9750000000  -0.0823978187
   4.0000000000  -0.0829348821
   4.0250000000  -0.0823712097
   4.0500000000  -0.0828627299
   4.0750000000  -0.0822605908
   4.1000000000  -0.0827132595
   4.1250000000  -0.0820795448
   4.1500000000  -0.0825003172
   4.1750000000  -0.0818420259
   4.2000000000  -0.0822378810
   4.2250000000  -0.0815618966
   4.2500000000  -0.0819396241
   4.2750000000  -0.0812525203
   4.3000000000  -0.0816185396
   4.3250000000  -0.0809264204
   4.3500000000  -0.0812866337
   4.3750000000  -0.0805950096
   4.4000000000  -0.0809546921
   4.4250000000  -0.0802683918
   4.4500000000  -0.0806321159
   4.4750000000  -0.0799552329
   4.5000000000  -0.0803268274
   4.5250000000  -0.0796626972
   4.5500000000  -0.0800452347
   4.5750000000  -0.0793964403
   4.6000000000  -0.0797922513
   4.6250000000  -0.0791606511
   4.6500000000  -0.0795713588
   4.6750000000  -0.0789581329
   4.7000000000  -0.0793847040
   4.7250000000  -0.0787904133
   4.7500000000  -0.0792332209
   4.7750000000  -0.0786578762
   4.8000000000  -0.0791167695
   4.8250000000  -0.0785599047
   4.8500000000  -0.0790342833
   4.8750000000  -0.0784950306
   4.9000000000  -0.0789839189
   4.9250000000  -0.0784610833
   4.9500000000  -0.0789632036
   4.9750000000  -0.0784553343
   5.0000000000  -0.0789691765
