   0.0000000000  -0.1676662803
   0.0250000000  -0.1676850231
   0.0500000000  -0.1669018188
   0.0750000000  -0.1676631631
   0.1000000000  -0.1668283826
   0.1250000000  -0.1674745706
   0.1500000000  -0.1664489825
   0.1750000000  -0.1668020481
   0.2000000000  -0.1653779712
   0.2250000000  -0.1652054828
   0.2500000000  -0.1631391315
   0.2750000000  -0.1621897727
   0.3000000000  -0.1592390892
   0.3250000000  -0.1572811187
   0.3500000000  -0.1532433494
   0.3750000000  -0.1501002004
   0.4000000000  -0.1448437496
   0.4250000000  -0.1404217617
   0.4500000000  -0.1339080621
   0.4750000000  -0.1282128795
   0.5000000000  -0.1205058591
   0.5250000000  -0.1136460388
   0.5500000000  -0.1049088500
   0.5750000000  -0.0970872627
   0.6000000000  -0.0875678319
   0.6250000000  -0.0790631252
   0.6500000000  -0.0690714666
   0.6750000000  -0.0602129256
   0.7000000000  -0.0500938605
   0.7250000000  -0.0412333806
   0.7500000000  -0.0313383336
   0.7750000000  -0.0228229741
   0.8000000000  -0.0134840094
   0.8250000000  -0.0056319179
   0.8500000000   0.0028596568
   0.8750000000   0.0097780677
   0.9000000000   0.0171871535
   0.9250000000   0.0229618358
   0.9500000000   0.0291185867
   0.9750000000   0.0336061867
   1.0000000000   0.0384089287
   1.0250000000   0.0415333668
   1.0500000000   0.0449462266
   1.0750000000   0.0466945196
   1.1000000000   0.0487409315
   1.1250000000   0.0491554959
   1.1500000000   0.0499089027
   1.1750000000   0.0490776460
   1.2000000000   0.0486506993
   1.2250000000   0.0466961369
   1.2500000000   0.0452295630
   1.2750000000   0.0422980216
   1.3000000000   0.0399500999
   1.3250000000   0.0362018231
   1.3500000000   0.0331391446
   1.3750000000   0.0287398300
   1.4000000000   0.0251297129
   1.4250000000   0.0202437282
   1.4500000000   0.0162483905
   1.4750000000   0.0110336661
   1.5000000000   0.0068060319
   1.5250000000   0.0014104344
   1.5500000000  -0.0029087021
   1.5750000000  -0.0083498193
   1.6000000000  -0.0126336159
   1.6250000000  -0.0179990201
   1.6500000000  -0.0221357306
   1.6750000000  -0.0273193719
   1.7000000000  -0.0312130779
   1.7250000000  -0.0361248165
   1.7500000000  -0.0396959125
   1.7750000000  -0.0442620205
   1.8000000000  -0.0474475142
   1.8250000000  -0.0516109684
   1.8500000000  -0.0543645772
   1.8750000000  -0.0580850961
   1.9000000000  -0.0603770714
   1.9250000000  -0.0636308228
   1.9500000000  -0.0654474271
   1.9750000000  -0.0682263435
   2.0000000000  -0.0695689260
   2.0250000000  -0.0718795955
   2.0500000000  -0.0727632561
   2.0750000000  -0.0746254057
   2.1000000000  -0.0750772800
   2.1250000000  -0.0765219096
   2.1500000000  -0.0765791543
   2.1750000000  -0.0776464147
   2.2000000000  -0.0773539931
   2.2250000000  -0.0780909203
   2.2500000000  -0.0774993056
   2.2750000000  -0.0779575251
   2.3000000000  -0.0771204310
   2.3250000000  -0.0773539377
   2.3500000000  -0.0763261746
   2.3750000000  -0.0763892755
   2.4000000000  -0.0752248084
   2.4250000000  -0.0751702933
   2.4500000000  -0.0739205576
   2.4750000000  -0.0737981415
   2.5000000000  -0.0725106490
   2.5250000000  -0.0723657102
   2.5500000000  -0.0710829609
   2.5750000000  -0.0709555820
   2.6000000000  -0.0697142815
   2.6250000000  -0.0696385881
   2.6500000000  -0.0684691590
   2.6750000000  -0.0684729399
   2.7000000000  -0.0673993048
   2.7250000000  -0.0675038904
   2.7500000000  -0.0665435002
   2.7750000000  -0.0667638691
   2.8000000000  -0.0659279418
   2.8250000000  -0.0662730229
   2.8500000000  -0.0655669577
   2.8750000000  -0.0660400903
   2.9000000000  -0.0654640183
   2.9250000000  -0.0660635341
   2.9500000000  -0.0656129676
   2.9750000000  -0.0663328573
   3.0000000000  -0.0659994020
   3.0250000000  -0.0668300329
   3.0500000000  -0.0666021292
   3.0750000000  -0.0675309813
   3.1000000000  -0.0673946475
   3.1250000000  -0.0684070438
   3.1500000000  -0.0683465950
   3.1750000000  -0.0694264032
   3.2000000000  -0.0694251306
   3.2250000000  -0.0705554198
   3.2500000000  -0.0705962148
   3.2750000000  -0.0717598565
   3.3000000000  -0.0718257709
   3.3250000000  -0.0730059754
   3.3500000000  -0.0730807136
   3.3750000000  -0.0742614973
   3.4000000000  -0.0743298363
   3.4250000000  -0.0754964174
   3.4500000000  -0.0755445536
   3.4750000000  -0.0766836759
   3.5000000000  -0.0766994999
   3.5250000000  -0.0777996832
   3.5500000000  -0.0777729818
   3.5750000000  -0.0788247010
   3.6000000000  -0.0787472890
   3.6250000000  -0.0797430823
   3.6500000000  -0.0796088661
   3.6750000000  -0.0805433747
   3.7000000000  -0.0803483494
   3.7250000000  -0.0812182931
   3.7500000000  -0.0809604784
   3.7750000000  -0.0817645697
   3.8000000000  -0.0814438906
   3.8250000000  -0.0821826954
   3.8500000000  -0.0818008124
   3.8750000000  -0.0824765642
   3.9000000000  -0.0820366641
   3.9250000000  -0.0826530408
   3.9500000000  -0.0821595963
   3.9750000000  -0.0827214704
   4.0000000000  -0.0821799794
   4.0250000000  -0.0826931518
   4.0500000000  -0.0821098678
   4.0750000000  -0.0825807971
   4.1000000000  -0.0819624609
   4.1250000000  -0.0823979976
   4.1500000000  -0.0817515803
   4.1750000000  -0.0821587169
   4.2000000000  -0.0814911836
   4.2250000000  -0.0818768271
   4.2500000000  -0.0811949269
   4.2750000000  -0.0815657014
   4.3000000000  -0.0808757903
   4.3250000000  -0.0812378721
   4.3500000000  -0.0805457706
   4.3750000000  -0.0809047601
   4.4000000000  -0.0802156471
   4.4250000000  -0.0805764761
   4.4500000000  -0.0798948182
   4.4750000000  -0.0802616915
   4.5000000000  -0.0795912051
   4.5250000000  -0.0799675742
   4.5500000000  -0.0793112177
   4.5750000000  -0.0796997822
   4.6000000000  -0.0790597726
   4.6250000000  -0.0794625049
   4.6500000000  -0.0788403558
   4.6750000000  -0.0792585446
   4.7000000000  -0.0786551194
   4.7250000000  -0.0790894272
   4.7500000000  -0.0785050036
   4.7750000000  -0.0789555331
   4.8000000000  -0.0783898747
   4.8250000000  -0.0788562416
   4.8500000000  -0.0783086726
   4.8750000000  -0.0787900801
   4.9000000000  -0.0782595604
   4.9250000000  -0.0787548733
   4.9500000000  -0.0782400716
   4.9750000000  -0.0787478879
   5.0000000000  -0.0782472511
