   0.0000000000  -0.7591376693
   0.0250000000  -0.7583997136
   0.0500000000  -0.7571365275
   0.0750000000  -0.7527675837
   0.1000000000  -0.7478461349
   0.1250000000  -0.7399672802
   0.1500000000  -0.7317310326
   0.1750000000  -0.7207868038
   0.2000000000  -0.7097704907
   0.2250000000  -0.6963729066
   0.2500000000  -0.6832513848
   0.2750000000  -0.6681225719
   0.3000000000  -0.6536491170
   0.3250000000  -0.6375572696
   0.3500000000  -0.6224992096
   0.3750000000  -0.6061958376
   0.4000000000  -0.5912752087
   0.4250000000  -0.5754407831
   0.4500000000  -0.5612862791
   0.4750000000  -0.5464894908
   0.5000000000  -0.5336037079
   0.5250000000  -0.5202770417
   0.5500000000  -0.5090204016
   0.5750000000  -0.4974521320
   0.6000000000  -0.4880424167
   0.6250000000  -0.4783829380
   0.6500000000  -0.4709075143
   0.6750000000  -0.4631864527
   0.7000000000  -0.4576232121
   0.7250000000  -0.4517731327
   0.7500000000  -0.4480159427
   0.7750000000  -0.4438985927
   0.8000000000  -0.4417834809
   0.8250000000  -0.4392151821
   0.8500000000  -0.4385443318
   0.8750000000  -0.4373181055
   0.9000000000  -0.4378797671
   0.9250000000  -0.4377828133
   0.9500000000  -0.4393662430
   0.9750000000  -0.4401923289
   1.0000000000  -0.4425977041
   1.0250000000  -0.4441547527
   1.0500000000  -0.4471986333
   1.0750000000  -0.4493122975
   1.1000000000  -0.4528295793
   1.1250000000  -0.4553438543
   1.1500000000  -0.4591873236
   1.1750000000  -0.4619633199
   1.2000000000  -0.4660019044
   1.2250000000  -0.4689158147
   1.2500000000  -0.4730324776
   1.2750000000  -0.4759735764
   1.3000000000  -0.4800635647
   1.3250000000  -0.4829328126
   1.3500000000  -0.4869026883
   1.3750000000  -0.4896122244
   1.4000000000  -0.4933798185
   1.4250000000  -0.4958533475
   1.4500000000  -0.4993485247
   1.4750000000  -0.5015223812
   1.5000000000  -0.5046883110
   1.5250000000  -0.5065128349
   1.5500000000  -0.5093073643
   1.5750000000  -0.5107481653
   1.6000000000  -0.5131448778
   1.6250000000  -0.5141836031
   1.6500000000  -0.5161722238
   1.6750000000  -0.5168065488
   1.7000000000  -0.5183924892
   1.7250000000  -0.5186352052
   1.7500000000  -0.5198382022
   1.7750000000  -0.5197154337
   1.8000000000  -0.5205673891
   1.8250000000  -0.5201161113
   1.8500000000  -0.5206583531
   1.8750000000  -0.5199234701
   1.9000000000  -0.5202037221
   1.9250000000  -0.5192350010
   1.9500000000  -0.5193043508
   1.9750000000  -0.5181534877
   2.0000000000  -0.5180636063
   2.0250000000  -0.5167816435
   2.0500000000  -0.5165824352
   2.0750000000  -0.5152176691
   2.1000000000  -0.5149554511
   2.1250000000  -0.5135518881
   2.1500000000  -0.5132681189
   2.1750000000  -0.5118644656
   2.2000000000  -0.5115949807
   2.2250000000  -0.5102241049
   2.2500000000  -0.5099987797
   2.2750000000  -0.5086875490
   2.3000000000  -0.5085302881
   2.3250000000  -0.5072996866
   2.3500000000  -0.5072286438
   2.3750000000  -0.5060940729
   2.4000000000  -0.5061220149
   2.4250000000  -0.5050937043
   2.4500000000  -0.5052284541
   2.4750000000  -0.5043119256
   2.5000000000  -0.5045568393
   2.5250000000  -0.5037533908
   2.5500000000  -0.5041078426
   2.5750000000  -0.5034150317
   2.6000000000  -0.5038748959
   2.6250000000  -0.5032870187
   2.6500000000  -0.5038451457
   2.6750000000  -0.5033537116
   2.7000000000  -0.5040004024
   2.7250000000  -0.5035946099
   2.7500000000  -0.5043180941
   2.7750000000  -0.5039853119
   2.8000000000  -0.5047722338
   2.8250000000  -0.5044984917
   2.8500000000  -0.5053344050
   2.8750000000  -0.5051048930
   2.9000000000  -0.5059747632
   2.9250000000  -0.5057743347
   2.9500000000  -0.5066630419
   2.9750000000  -0.5064767138
   3.0000000000  -0.5073695462
   3.0250000000  -0.5071829821
   3.0500000000  -0.5080661060
   3.0750000000  -0.5078660701
   3.1000000000  -0.5087269624
   3.1250000000  -0.5085017253
   3.1500000000  -0.5093295502
   3.1750000000  -0.5090692329
   3.2000000000  -0.5098551476
   3.2250000000  -0.5095519861
   3.2500000000  -0.5102893625
   3.2750000000  -0.5099378822
   3.3000000000  -0.5106224318
   3.3250000000  -0.5102195232
   3.3500000000  -0.5108493219
   3.3750000000  -0.5103942138
   3.4000000000  -0.5109696248
   3.4250000000  -0.5104637584
   3.4500000000  -0.5109872597
   3.4750000000  -0.5104340716
   3.5000000000  -0.5109099980
   3.5250000000  -0.5103146260
   3.5500000000  -0.5107488431
   3.5750000000  -0.5101177731
   3.6000000000  -0.5105173016
   3.6250000000  -0.5098579758
   3.6500000000  -0.5102305904
   3.6750000000  -0.5095510005
   3.7000000000  -0.5099048232
   3.7250000000  -0.5092131111
   3.7500000000  -0.5095562233
   3.7750000000  -0.5088603090
   3.8000000000  -0.5092004004
   3.8250000000  -0.5085076556
   3.8500000000  -0.5088517260
   3.8750000000  -0.5081687068
   3.9000000000  -0.5085228318
   3.9250000000  -0.5078550791
   3.9500000000  -0.5082242456
   3.9750000000  -0.5075761569
   4.0000000000  -0.5079641714
   4.0250000000  -0.5073389433
   4.0500000000  -0.5077484079
   4.0750000000  -0.5071480446
   4.1000000000  -0.5075803951
   4.1250000000  -0.5070057743
   4.1500000000  -0.5074613711
   4.1750000000  -0.5069123560
   4.2000000000  -0.5073906149
   4.2250000000  -0.5068662012
   4.2500000000  -0.5073657530
   4.2750000000  -0.5068642379
   4.3000000000  -0.5073831037
   4.3250000000  -0.5069022646
   4.3500000000  -0.5074380351
   4.3750000000  -0.5069753073
   4.4000000000  -0.5075253170
   4.4250000000  -0.5070779613
   4.4500000000  -0.5076394475
   4.4750000000  -0.5072047000
   4.5000000000  -0.5077749421
   4.5250000000  -0.5073501417
   4.5500000000  -0.5079265755
   4.5750000000  -0.5075092646
   4.6000000000  -0.5080895702
   4.6250000000  -0.5076775690
   4.6500000000  -0.5082597309
   4.6750000000  -0.5078511843
   4.7000000000  -0.5084335260
   4.7250000000  -0.5080269263
   4.7500000000  -0.5086081208
   4.7750000000  -0.5082023071
   4.8000000000  -0.5087813674
   4.8250000000  -0.5083755073
   4.8500000000  -0.5089517595
   4.8750000000  -0.5085453157
   4.9000000000  -0.5091183603
   4.9250000000  -0.5087110468
   4.9500000000  -0.5092807108
   4.9750000000  -0.5088724421
   5.0000000000  -0.5094387267
