   0.0250000000  -0.7589487179
   0.0500000000  -0.7583242018
   0.0750000000  -0.7589397530
   0.1000000000  -0.7582915773
   0.1250000000  -0.7588509279
   0.1500000000  -0.7581096745
   0.1750000000  -0.7585234966
   0.2000000000  -0.7575825163
   0.2250000000  -0.7577299479
   0.2500000000  -0.7564575976
   0.2750000000  -0.7561999431
   0.3000000000  -0.7544542833
   0.3250000000  -0.7536502170
   0.3500000000  -0.7512942280
   0.3750000000  -0.7498145461
   0.4000000000  -0.7467299720
   0.4250000000  -0.7444701363
   0.4500000000  -0.7405684032
   0.4750000000  -0.7374575793
   0.5000000000  -0.7326867806
   0.5250000000  -0.7286926811
   0.5500000000  -0.7230402702
   0.5750000000  -0.7181697629
   0.6000000000  -0.7116612124
   0.6250000000  -0.7059572216
   0.6500000000  -0.6986514034
   0.6750000000  -0.6921870379
   0.7000000000  -0.6841693870
   0.7250000000  -0.6770404324
   0.7500000000  -0.6684150566
   0.7750000000  -0.6607319749
   0.8000000000  -0.6516137919
   0.8250000000  -0.6434942147
   0.8500000000  -0.6340019839
   0.8750000000  -0.6255644277
   0.9000000000  -0.6158152542
   0.9250000000  -0.6071744806
   0.9500000000  -0.5972800631
   0.9750000000  -0.5885442117
   1.0000000000  -0.5786088264
   1.0250000000  -0.5698781930
   1.0500000000  -0.5599981854
   1.0750000000  -0.5513653301
   1.1000000000  -0.5416297307
   1.1250000000  -0.5331804853
   1.1500000000  -0.5236722878
   1.1750000000  -0.5154871862
   1.2000000000  -0.5062848153
   1.2250000000  -0.4984404911
   1.2500000000  -0.4896190322
   1.2750000000  -0.4821891969
   1.3000000000  -0.4738210539
   1.3250000000  -0.4668767818
   1.3500000000  -0.4590315520
   1.3750000000  -0.4526407277
   1.4000000000  -0.4453842231
   1.4250000000  -0.4396101524
   1.4500000000  -0.4330026334
   1.4750000000  -0.4279019485
   1.5000000000  -0.4219957602
   1.5250000000  -0.4176158578
   1.5500000000  -0.4124527496
   1.5750000000  -0.4088290744
   1.6000000000  -0.4044375327
   1.6250000000  -0.4015910453
   1.6500000000  -0.3979839779
   1.6750000000  -0.3959191297
   1.7000000000  -0.3930921990
   1.7250000000  -0.3917956807
   1.7500000000  -0.3897265117
   1.7750000000  -0.3891669526
   1.8000000000  -0.3878153432
   1.8250000000  -0.3879440366
   1.8500000000  -0.3872531893
   1.8750000000  -0.3880058107
   1.9000000000  -0.3879045052
   1.9250000000  -0.3892036959
   1.9500000000  -0.3896092331
   1.9750000000  -0.3913678467
   2.0000000000  -0.3921895351
   2.0250000000  -0.3943142990
   2.0500000000  -0.3954572235
   2.0750000000  -0.3978525474
   2.1000000000  -0.3992213548
   2.1250000000  -0.4017930325
   2.1500000000  -0.4032954926
   2.1750000000  -0.4059540730
   2.2000000000  -0.4075042160
   2.2250000000  -0.4101678695
   2.2500000000  -0.4116885530
   2.2750000000  -0.4142853181
   2.3000000000  -0.4157101384
   2.3250000000  -0.4181794910
   2.3500000000  -0.4194540105
   2.3750000000  -0.4217477547
   2.4000000000  -0.4228300677
   2.4250000000  -0.4249125927
   2.4500000000  -0.4257732924
   2.4750000000  -0.4276212732
   2.5000000000  -0.4282429122
   2.5250000000  -0.4298445558
   2.5500000000  -0.4302207049
   2.5750000000  -0.4315746502
   2.6000000000  -0.4317086675
   2.6250000000  -0.4328226490
   2.6500000000  -0.4327262628
   2.6750000000  -0.4336156369
   2.7000000000  -0.4333074360
   2.7250000000  -0.4339936552
   2.7500000000  -0.4334975645
   2.7750000000  -0.4340066674
   2.8000000000  -0.4333504655
   2.8250000000  -0.4337116344
   2.8500000000  -0.4329255591
   2.8750000000  -0.4331697794
   2.9000000000  -0.4322852467
   2.9250000000  -0.4324440906
   2.9500000000  -0.4314925461
   2.9750000000  -0.4315970929
   3.0000000000  -0.4306090027
   3.0250000000  -0.4306889013
   3.0500000000  -0.4296928858
   3.0750000000  -0.4297755608
   3.1000000000  -0.4287976732
   3.1250000000  -0.4289076747
   3.1500000000  -0.4279708222
   3.1750000000  -0.4281293183
   3.2000000000  -0.4272528255
   3.2250000000  -0.4274772366
   3.2500000000  -0.4266765503
   3.2750000000  -0.4269803238
   3.3000000000  -0.4262668568
   3.3250000000  -0.4266593797
   3.3500000000  -0.4260404911
   3.3750000000  -0.4265271355
   3.4000000000  -0.4260062405
   3.4250000000  -0.4265885358
   3.4500000000  -0.4261653368
   3.4750000000  -0.4268412569
   3.5000000000  -0.4265120827
   3.5250000000  -0.4272764332
   3.5500000000  -0.4270346702
   3.5750000000  -0.4278795578
   3.6000000000  -0.4277161523
   3.6250000000  -0.4286315146
   3.6500000000  -0.4285355240
   3.6750000000  -0.4295096957
   3.7000000000  -0.4294688634
   3.7250000000  -0.4304891544
   3.7500000000  -0.4304904849
   3.7750000000  -0.4315437455
   3.8000000000  -0.4315740546
   3.8250000000  -0.4326472061
   3.8500000000  -0.4326936264
   3.8750000000  -0.4337741369
   3.9000000000  -0.4338245601
   3.9250000000  -0.4349008502
   3.9500000000  -0.4349442942
   3.9750000000  -0.4360060624
   4.0000000000  -0.4360329528
   4.0250000000  -0.4370714137
   4.0500000000  -0.4370737789
   4.0750000000  -0.4380818145
   4.1000000000  -0.4380533936
   4.1250000000  -0.4390256194
   4.1500000000  -0.4389618888
   4.1750000000  -0.4398946435
   4.2000000000  -0.4397927715
   4.2250000000  -0.4406840389
   4.2500000000  -0.4405427785
   4.2750000000  -0.4413920539
   4.3000000000  -0.4412115864
   4.3250000000  -0.4420197015
   4.3500000000  -0.4418014445
   4.3750000000  -0.4425703617
   4.4000000000  -0.4423167546
   4.4250000000  -0.4430493458
   4.4500000000  -0.4427636236
   4.4750000000  -0.4434634431
   4.5000000000  -0.4431494114
   4.5250000000  -0.4438204741
   4.5500000000  -0.4434822926
   4.5750000000  -0.4441288654
   4.6000000000  -0.4437708484
   4.6250000000  -0.4443972609
   4.6500000000  -0.4440236999
   4.6750000000  -0.4446341795
   4.7000000000  -0.4442491913
   4.7250000000  -0.4448477257
   4.7500000000  -0.4444551291
   4.7750000000  -0.4450453566
   4.8000000000  -0.4446485770
   4.8250000000  -0.4452337057
   4.8500000000  -0.4448357082
   4.8750000000  -0.4454184622
   4.9000000000  -0.4450217107
   4.9250000000  -0.4456043015
   4.9500000000  -0.4452107417
   4.9750000000  -0.4457948625
   5.0000000000  -0.4454059262
