   0.0000000000  -0.7591376440
   0.0250000000  -0.7590240164
   0.0500000000  -0.7565118226
   0.0750000000  -0.7533891561
   0.1000000000  -0.7472218350
   0.1250000000  -0.7405861801
   0.1500000000  -0.7311072063
   0.1750000000  -0.7214031281
   0.2000000000  -0.7091472438
   0.2250000000  -0.6969867864
   0.2500000000  -0.6826288544
   0.2750000000  -0.6687341656
   0.3000000000  -0.6530274633
   0.3250000000  -0.6381667546
   0.3500000000  -0.6218786081
   0.3750000000  -0.6068034018
   0.4000000000  -0.5906558413
   0.4250000000  -0.5760466165
   0.4500000000  -0.5606683259
   0.4750000000  -0.5470937777
   0.5000000000  -0.5329873405
   0.5250000000  -0.5208799548
   0.5500000000  -0.5084057770
   0.5750000000  -0.4980538264
   0.6000000000  -0.4874296728
   0.6250000000  -0.4789835483
   0.6500000000  -0.4702967672
   0.6750000000  -0.4637860901
   0.7000000000  -0.4570145539
   0.7250000000  -0.4523718838
   0.7500000000  -0.4474094410
   0.7750000000  -0.4444965197
   0.8000000000  -0.4411791792
   0.8250000000  -0.4398123233
   0.8500000000  -0.4379422500
   0.8750000000  -0.4379144762
   0.9000000000  -0.4372799036
   0.9250000000  -0.4383784081
   0.9500000000  -0.4387685761
   0.9750000000  -0.4407871235
   1.0000000000  -0.4420021946
   1.0250000000  -0.4447487065
   1.0500000000  -0.4466052269
   1.0750000000  -0.4499053562
   1.1000000000  -0.4522382094
   1.1250000000  -0.4559359528
   1.1500000000  -0.4585979140
   1.1750000000  -0.4625543849
   1.2000000000  -0.4654143723
   1.2250000000  -0.4695057678
   1.2500000000  -0.4724467365
   1.2750000000  -0.4765623371
   1.3000000000  -0.4794795270
   1.3250000000  -0.4835203009
   1.3500000000  -0.4863202682
   1.3750000000  -0.4901983632
   1.4000000000  -0.4927989344
   1.4250000000  -0.4964380654
   1.4500000000  -0.4987691014
   1.4750000000  -0.5021056139
   1.5000000000  -0.5041102813
   1.5250000000  -0.5070945270
   1.5500000000  -0.5087306700
   1.5750000000  -0.5113282711
   1.6000000000  -0.5125694710
   1.6250000000  -0.5147620873
   1.6500000000  -0.5155980669
   1.6750000000  -0.5173833866
   1.7000000000  -0.5178195550
   1.7250000000  -0.5192103818
   1.7500000000  -0.5192664734
   1.7750000000  -0.5202889439
   1.8000000000  -0.5199968571
   1.8250000000  -0.5206879582
   1.8500000000  -0.5200890176
   1.8750000000  -0.5204936645
   1.9000000000  -0.5196355894
   1.9250000000  -0.5198035595
   1.9500000000  -0.5187374329
   1.9750000000  -0.5187204321
   2.0000000000  -0.5174979195
   2.0250000000  -0.5173469991
   2.0500000000  -0.5160179987
   2.0750000000  -0.5157814637
   2.1000000000  -0.5143922863
   2.1250000000  -0.5141141509
   2.1500000000  -0.5127062479
   2.1750000000  -0.5124252261
   2.2000000000  -0.5110344260
   2.2250000000  -0.5107833923
   2.2500000000  -0.5094395628
   2.2750000000  -0.5092453914
   2.3000000000  -0.5079724293
   2.3250000000  -0.5078561103
   2.3500000000  -0.5066721612
   2.3750000000  -0.5066491021
   2.4000000000  -0.5055669247
   2.4250000000  -0.5056473606
   2.4500000000  -0.5046747695
   2.4750000000  -0.5048642280
   2.5000000000  -0.5040045708
   2.5250000000  -0.5043043549
   2.5500000000  -0.5035569977
   2.5750000000  -0.5039646704
   2.6000000000  -0.5033254791
   2.6250000000  -0.5038353418
   2.6500000000  -0.5032971586
   2.6750000000  -0.5039007261
   2.7000000000  -0.5034538439
   2.7250000000  -0.5041403200
   2.7500000000  -0.5037729604
   2.7750000000  -0.5045297195
   2.8000000000  -0.5042285189
   2.8250000000  -0.5050415964
   2.8500000000  -0.5047921009
   2.8750000000  -0.5056466926
   2.9000000000  -0.5054338605
   2.9250000000  -0.5063148259
   2.9500000000  -0.5061235299
   2.9750000000  -0.5070158921
   3.0000000000  -0.5068314134
   3.0250000000  -0.5077208425
   3.0500000000  -0.5075293406
   3.0750000000  -0.5084026073
   3.1000000000  -0.5081915525
   3.1250000000  -0.5090369342
   3.1500000000  -0.5087954842
   3.1750000000  -0.5096031088
   3.2000000000  -0.5093224146
   3.2250000000  -0.5100845252
   3.2500000000  -0.5097579521
   3.2750000000  -0.5104690814
   3.3000000000  -0.5100923350
   3.3250000000  -0.5107493804
   3.3500000000  -0.5103205305
   3.3750000000  -0.5109227282
   3.4000000000  -0.5104421320
   3.4250000000  -0.5109909304
   3.4500000000  -0.5104610597
   3.4750000000  -0.5109599026
   3.5000000000  -0.5103850862
   3.5250000000  -0.5108391187
   3.5500000000  -0.5102252159
   3.5750000000  -0.5106409309
   3.6000000000  -0.5099949566
   3.6250000000  -0.5103798032
   3.6500000000  -0.5097095256
   3.6750000000  -0.5100715026
   3.7000000000  -0.5093850375
   3.7250000000  -0.5097322935
   3.7500000000  -0.5090377159
   3.7750000000  -0.5093781776
   3.8000000000  -0.5086831710
   3.8250000000  -0.5090242168
   3.8500000000  -0.5083357744
   3.8750000000  -0.5086839668
   3.9000000000  -0.5080081578
   3.9250000000  -0.5083690441
   3.9500000000  -0.5077108489
   3.9750000000  -0.5080888330
   4.0000000000  -0.5074520514
   4.0250000000  -0.5078503363
   4.0500000000  -0.5072375638
   4.0750000000  -0.5076581599
   4.1000000000  -0.5070708260
   4.1250000000  -0.5075146170
   4.1500000000  -0.5069530753
   4.1750000000  -0.5074199308
   4.2000000000  -0.5068835907
   4.2250000000  -0.5073725125
   4.2500000000  -0.5068599982
   4.2750000000  -0.5073692897
   4.3000000000  -0.5068786157
   4.3250000000  -0.5074060604
   4.3500000000  -0.5069348113
   4.3750000000  -0.5074778506
   4.4000000000  -0.5070233542
   4.4250000000  -0.5075792551
   4.4500000000  -0.5071387424
   4.4750000000  -0.5077047473
   4.5000000000  -0.5072754915
   4.5250000000  -0.5078489452
   4.5500000000  -0.5074283758
   4.5750000000  -0.5080068270
   4.6000000000  -0.5075926178
   4.6250000000  -0.5081738929
   4.6500000000  -0.5077640222
   4.6750000000  -0.5083462724
   4.7000000000  -0.5079390575
   4.7250000000  -0.5085207810
   4.7500000000  -0.5081148889
   4.7750000000  -0.5086949312
   4.8000000000  -0.5082893686
   4.8250000000  -0.5088669033
   4.8500000000  -0.5084609903
   4.8750000000  -0.5090354865
   4.9000000000  -0.5086288174
   4.9250000000  -0.5091999950
   4.9500000000  -0.5087923907
   4.9750000000  -0.5093601705
   5.0000000000  -0.5089516263
