   0.0250000000  -0.7589486605
   0.0500000000  -0.7595720533
   0.0750000000  -0.7589416538
   0.1000000000  -0.7595387067
   0.1250000000  -0.7588555237
   0.1500000000  -0.7593565315
   0.1750000000  -0.7585308469
   0.2000000000  -0.7588287187
   0.2250000000  -0.7577391520
   0.2500000000  -0.7577017064
   0.2750000000  -0.7562089786
   0.3000000000  -0.7556937082
   0.3250000000  -0.7536559148
   0.3500000000  -0.7525252708
   0.3750000000  -0.7498126989
   0.4000000000  -0.7479479962
   0.4250000000  -0.7444557234
   0.4500000000  -0.7417681047
   0.4750000000  -0.7374250750
   0.5000000000  -0.7338625245
   0.5250000000  -0.7286364107
   0.5500000000  -0.7241864552
   0.5750000000  -0.7180842672
   0.6000000000  -0.7127726267
   0.6250000000  -0.7058375966
   0.6500000000  -0.6997235415
   0.6750000000  -0.6920292234
   0.7000000000  -0.6851987052
   0.7250000000  -0.6768414320
   0.7500000000  -0.6693991550
   0.7750000000  -0.6604899985
   0.8000000000  -0.6525515179
   0.8250000000  -0.6432087434
   0.8500000000  -0.6348934595
   0.8750000000  -0.6252362049
   0.9000000000  -0.6166618335
   0.9250000000  -0.6068054385
   0.9500000000  -0.5980842305
   0.9750000000  -0.5881373435
   1.0000000000  -0.5793740470
   1.0250000000  -0.5694373834
   1.0500000000  -0.5607287183
   1.0750000000  -0.5508951544
   1.1000000000  -0.5423304175
   1.1250000000  -0.5326859896
   1.1500000000  -0.5243483279
   1.1750000000  -0.5149736600
   1.2000000000  -0.5069415379
   1.2250000000  -0.4979132413
   1.2500000000  -0.4902616758
   1.2750000000  -0.4816533349
   1.3000000000  -0.4744545634
   1.3250000000  -0.4663370323
   1.3500000000  -0.4596604015
   1.3750000000  -0.4521012675
   1.4000000000  -0.4460122724
   1.4250000000  -0.4390744866
   1.4500000000  -0.4336330245
   1.4750000000  -0.4273728279
   1.5000000000  -0.4226308570
   1.5250000000  -0.4170952410
   1.5500000000  -0.4130941213
   1.5750000000  -0.4083181330
   1.6000000000  -0.4050859800
   1.6250000000  -0.4010902092
   1.6500000000  -0.3986395963
   1.6750000000  -0.3954281668
   1.7000000000  -0.3937544720
   1.7250000000  -0.3913138021
   1.7500000000  -0.3903944258
   1.7750000000  -0.3886929349
   1.8000000000  -0.3884875144
   1.8250000000  -0.3874763504
   1.8500000000  -0.3879279919
   1.8750000000  -0.3875427472
   1.9000000000  -0.3885801939
   1.9250000000  -0.3887434834
   1.9500000000  -0.3902840518
   1.9750000000  -0.3909087508
   2.0000000000  -0.3928618084
   2.0250000000  -0.3938547033
   2.0500000000  -0.3961254257
   2.0750000000  -0.3973910128
   2.1000000000  -0.3998841590
   2.1250000000  -0.4013283353
   2.1500000000  -0.4039517992
   2.1750000000  -0.4054852241
   2.2000000000  -0.4081531630
   2.2250000000  -0.4096941178
   2.2500000000  -0.4123295132
   2.2750000000  -0.4138061414
   2.3000000000  -0.4163427054
   2.3250000000  -0.4176945784
   2.3500000000  -0.4200779781
   2.3750000000  -0.4212569841
   2.4000000000  -0.4234454058
   2.4250000000  -0.4244160053
   2.4500000000  -0.4263801220
   2.4750000000  -0.4271190494
   2.5000000000  -0.4288414811
   2.5250000000  -0.4293369916
   2.5500000000  -0.4308113658
   2.5750000000  -0.4310621366
   2.6000000000  -0.4322918585
   2.6250000000  -0.4323056539
   2.6500000000  -0.4333024911
   2.6750000000  -0.4330946900
   2.7000000000  -0.4338772637
   2.7250000000  -0.4334693348
   2.7500000000  -0.4340615960
   2.7750000000  -0.4334795887
   2.8000000000  -0.4339093372
   2.8250000000  -0.4331824393
   2.8500000000  -0.4334799286
   2.8750000000  -0.4326391260
   2.9000000000  -0.4328357832
   2.9250000000  -0.4319126438
   2.9500000000  -0.4320399203
   2.9750000000  -0.4310655140
   3.0000000000  -0.4311538766
   3.0250000000  -0.4301578376
   3.0500000000  -0.4302359025
   3.0750000000  -0.4292456356
   3.1000000000  -0.4293394464
   3.1250000000  -0.4283794767
   3.1500000000  -0.4285119263
   3.1750000000  -0.4276033921
   3.2000000000  -0.4277937862
   3.2250000000  -0.4269540737
   3.2500000000  -0.4272178363
   3.2750000000  -0.4264603553
   3.3000000000  -0.4268088733
   3.3250000000  -0.4261429699
   3.3500000000  -0.4265835741
   3.3750000000  -0.4260145781
   3.4000000000  -0.4265506541
   3.4250000000  -0.4260800520
   3.4500000000  -0.4267112725
   3.4750000000  -0.4263369951
   3.5000000000  -0.4270596600
   3.5250000000  -0.4267764715
   3.5500000000  -0.4275839405
   3.5750000000  -0.4273839084
   3.6000000000  -0.4282671036
   3.6250000000  -0.4281401296
   3.6500000000  -0.4290880876
   3.6750000000  -0.4290224744
   3.7000000000  -0.4300229224
   3.7250000000  -0.4300059519
   3.7500000000  -0.4310458821
   3.7750000000  -0.4310643817
   3.8000000000  -0.4321306024
   3.8250000000  -0.4321714748
   3.8500000000  -0.4332511158
   3.8750000000  -0.4333018152
   3.9000000000  -0.4343827697
   3.9250000000  -0.4344317070
   3.9500000000  -0.4355029983
   3.9750000000  -0.4355398663
   4.0000000000  -0.4365919291
   4.0250000000  -0.4366079401
   4.0500000000  -0.4376328147
   4.0750000000  -0.4376208510
   4.1000000000  -0.4386122910
   4.1250000000  -0.4385669707
   4.1500000000  -0.4395204689
   4.1750000000  -0.4394381348
   4.2000000000  -0.4403508769
   4.2250000000  -0.4402295179
   4.2500000000  -0.4411002749
   4.2750000000  -0.4409393922
   4.3000000000  -0.4417683638
   4.3250000000  -0.4415687945
   4.3500000000  -0.4423574164
   4.3750000000  -0.4421211283
   4.4000000000  -0.4428718571
   4.4250000000  -0.4426017265
   4.4500000000  -0.4433178140
   4.4750000000  -0.4430173989
   4.5000000000  -0.4437026660
   4.5250000000  -0.4433759838
   4.5500000000  -0.4440346044
   4.5750000000  -0.4436859233
   4.6000000000  -0.4443222245
   4.6250000000  -0.4439558739
   4.6500000000  -0.4445741589
   4.6750000000  -0.4441943650
   4.7000000000  -0.4447987609
   4.7250000000  -0.4444095088
   4.7500000000  -0.4450038433
   4.7750000000  -0.4446087676
   4.8000000000  -0.4451964741
   4.8250000000  -0.4447987779
   4.8500000000  -0.4453828284
   4.8750000000  -0.4449852300
   4.9000000000  -0.4455680941
   4.9250000000  -0.4451727984
   4.9500000000  -0.4457564269
   4.9750000000  -0.4453651195
   5.0000000000  -0.4459509486
