-200.8655802889   0.0000000000   0.0000119395
-200.4728812072   0.0000000000   0.0000358395
-200.0801821255   0.0000000000   0.0000597558
-199.6874830438   0.0000000000   0.0000836843
-199.2947839621   0.0000000000   0.0001076222
-198.9020848804   0.0000000000   0.0001315677
-198.5093857987   0.0000000000   0.0001555199
-198.1166867170   0.0000000000   0.0001794780
-197.7239876353   0.0000000000   0.0002034418
-197.3312885536   0.0000000000   0.0002274112
-196.9385894719   0.0000000000   0.0002513863
-196.5458903902   0.0000000000   0.0002753672
-196.1531913085   0.0000000000   0.0002993541
-195.7604922268   0.0000000000   0.0003233474
-195.3677931451   0.0000000000   0.0003473474
-194.9750940634   0.0000000000   0.0003713545
-194.5823949817   0.0000000000   0.0003953689
-194.1896959000   0.0000000000   0.0004193912
-193.7969968183   0.0000000000   0.0004434217
-193.4042977366   0.0000000000   0.0004674607
-193.0115986549   0.0000000000   0.0004915089
-192.6188995732   0.0000000000   0.0005155664
-192.2262004915   0.0000000000   0.0005396339
-191.8335014098   0.0000000000   0.0005637118
-191.4408023281   0.0000000000   0.0005878004
-191.0481032464   0.0000000000   0.0006119002
-190.6554041647   0.0000000000   0.0006360118
-190.2627050830   0.0000000000   0.0006601354
-189.8700060013   0.0000000000   0.0006842716
-189.4773069196   0.0000000000   0.0007084209
-189.0846078379   0.0000000000   0.0007325836
-188.6919087562   0.0000000000   0.0007567604
-188.2992096745   0.0000000000   0.0007809515
-187.9065105928   0.0000000000   0.0008051575
-187.5138115111   0.0000000000   0.0008293788
-187.1211124294   0.0000000000   0.0008536160
-186.7284133477   0.0000000000   0.0008778694
-186.3357142660   0.0000000000   0.0009021396
-185.9430151843   0.0000000000   0.0009264270
-185.5503161026   0.0000000000   0.0009507320
-185.1576170209   0.0000000000   0.0009750553
-184.7649179392   0.0000000000   0.0009993972
-184.3722188576   0.0000000000   0.0010237582
-183.9795197759   0.0000000000   0.0010481387
-183.5868206942   0.0000000000   0.0010725394
-183.1941216125   0.0000000000   0.0010969607
-182.8014225308   0.0000000000   0.0011214029
-182.4087234491   0.0000000000   0.0011458667
-182.0160243674   0.0000000000   0.0011703526
-181.6233252857   0.0000000000   0.0011948609
-181.2306262040   0.0000000000   0.0012193922
-180.8379271223   0.0000000000   0.0012439471
-180.4452280406   0.0000000000   0.0012685259
-180.0525289589   0.0000000000   0.0012931292
-179.6598298772   0.0000000000   0.0013177575
-179.2671307955   0.0000000000   0.0013424113
-178.8744317138   0.0000000000   0.0013670910
-178.4817326321   0.0000000000   0.0013917973
-178.0890335504   0.0000000000   0.0014165306
-177.6963344687   0.0000000000   0.0014412913
-177.3036353870   0.0000000000   0.0014660801
-176.9109363053   0.0000000000   0.0014908975
-176.5182372236   0.0000000000   0.0015157439
-176.1255381419   0.0000000000   0.0015406198
-175.7328390602   0.0000000000   0.0015655259
-175.3401399785   0.0000000000   0.0015904625
-174.9474408968   0.0000000000   0.0016154304
-174.5547418151   0.0000000000   0.0016404298
-174.1620427334   0.0000000000   0.0016654615
-173.7693436517   0.0000000000   0.0016905260
-173.3766445700   0.0000000000   0.0017156236
-172.9839454883   0.0000000000   0.0017407552
-172.5912464066   0.0000000000   0.0017659210
-172.1985473249   0.0000000000   0.0017911218
-171.8058482432   0.0000000000   0.0018163580
-171.4131491615   0.0000000000   0.0018416302
-171.0204500798   0.0000000000   0.0018669389
-170.6277509981   0.0000000000   0.0018922847
-170.2350519164   0.0000000000   0.0019176682
-169.8423528347   0.0000000000   0.0019430900
-169.4496537530   0.0000000000   0.0019685505
-169.0569546713   0.0000000000   0.0019940504
-168.6642555896   0.0000000000   0.0020195902
-168.2715565079   0.0000000000   0.0020451705
-167.8788574262   0.0000000000   0.0020707919
-167.4861583445   0.0000000000   0.0020964549
-167.0934592628   0.0000000000   0.0021221602
-166.7007601811   0.0000000000   0.0021479084
-166.3080610994   0.0000000000   0.0021736999
-165.9153620177   0.0000000000   0.0021995355
-165.5226629360   0.0000000000   0.0022254158
-165.1299638543   0.0000000000   0.0022513412
-164.7372647726   0.0000000000   0.0022773125
-164.3445656909   0.0000000000   0.0023033303
-163.9518666092   0.0000000000   0.0023293951
-163.5591675275   0.0000000000   0.0023555076
-163.1664684458   0.0000000000   0.0023816684
-162.7737693641   0.0000000000   0.0024078781
-162.3810702824   0.0000000000   0.0024341374
-161.9883712007   0.0000000000   0.0024604469
-161.5956721190   0.0000000000   0.0024868072
-161.2029730373   0.0000000000   0.0025132190
-160.8102739556   0.0000000000   0.0025396830
-160.4175748739   0.0000000000   0.0025661997
-160.0248757922   0.0000000000   0.0025927699
-159.6321767105   0.0000000000   0.0026193942
-159.2394776288   0.0000000000   0.0026460733
-158.8467785471   0.0000000000   0.0026728078
-158.4540794654   0.0000000000   0.0026995984
-158.0613803837   0.0000000000   0.0027264459
-157.6686813020   0.0000000000   0.0027533508
-157.2759822203   0.0000000000   0.0027803139
-156.8832831386   0.0000000000   0.0028073359
-156.4905840569   0.0000000000   0.0028344175
-156.0978849752   0.0000000000   0.0028615594
-155.7051858935   0.0000000000   0.0028887623
-155.3124868118   0.0000000000   0.0029160269
-154.9197877301   0.0000000000   0.0029433540
-154.5270886484   0.0000000000   0.0029707442
-154.1343895667   0.0000000000   0.0029981984
-153.7416904851   0.0000000000   0.0030257172
-153.3489914034   0.0000000000   0.0030533015
-152.9562923217   0.0000000000   0.0030809519
-152.5635932400   0.0000000000   0.0031086692
-152.1708941583   0.0000000000   0.0031364542
-151.7781950766   0.0000000000   0.0031643076
-151.3854959949   0.0000000000   0.0031922303
-150.9927969132   0.0000000000   0.0032202230
-150.6000978315   0.0000000000   0.0032482866
-150.2073987498   0.0000000000   0.0032764217
-149.8146996681   0.0000000000   0.0033046293
-149.4220005864   0.0000000000   0.0033329101
-149.0293015047   0.0000000000   0.0033612649
-148.6366024230   0.0000000000   0.0033896946
-148.2439033413   0.0000000000   0.0034182000
-147.8512042596   0.0000000000   0.0034467820
-147.4585051779   0.0000000000   0.0034754414
-147.0658060962   0.0000000000   0.0035041790
-146.6731070145   0.0000000000   0.0035329957
-146.2804079328   0.0000000000   0.0035618924
-145.8877088511   0.0000000000   0.0035908700
-145.4950097694   0.0000000000   0.0036199294
-145.1023106877   0.0000000000   0.0036490714
-144.7096116060   0.0000000000   0.0036782969
-144.3169125243   0.0000000000   0.0037076069
-143.9242134426   0.0000000000   0.0037370023
-143.5315143609   0.0000000000   0.0037664840
-143.1388152792   0.0000000000   0.0037960529
-142.7461161975   0.0000000000   0.0038257101
-142.3534171158   0.0000000000   0.0038554563
-141.9607180341   0.0000000000   0.0038852927
-141.5680189524   0.0000000000   0.0039152202
-141.1753198707   0.0000000000   0.0039452397
-140.7826207890   0.0000000000   0.0039753524
-140.3899217073   0.0000000000   0.0040055590
-139.9972226256   0.0000000000   0.0040358608
-139.6045235439   0.0000000000   0.0040662586
-139.2118244622   0.0000000000   0.0040967536
-138.8191253805   0.0000000000   0.0041273467
-138.4264262988   0.0000000000   0.0041580390
-138.0337272171   0.0000000000   0.0041888317
-137.6410281354   0.0000000000   0.0042197257
-137.2483290537   0.0000000000   0.0042507221
-136.8556299720   0.0000000000   0.0042818221
-136.4629308903   0.0000000000   0.0043130267
-136.0702318086   0.0000000000   0.0043443371
-135.6775327269   0.0000000000   0.0043757543
-135.2848336452   0.0000000000   0.0044072796
-134.8921345635   0.0000000000   0.0044389141
-134.4994354818   0.0000000000   0.0044706590
-134.1067364001   0.0000000000   0.0045025153
-133.7140373184   0.0000000000   0.0045344844
-133.3213382367   0.0000000000   0.0045665675
-132.9286391550   0.0000000000   0.0045987656
-132.5359400733   0.0000000000   0.0046310801
-132.1432409916   0.0000000000   0.0046635123
-131.7505419099   0.0000000000   0.0046960633
-131.3578428282   0.0000000000   0.0047287344
-130.9651437465   0.0000000000   0.0047615270
-130.5724446648   0.0000000000   0.0047944423
-130.1797455831   0.0000000000   0.0048274816
-129.7870465014   0.0000000000   0.0048606463
-129.3943474197   0.0000000000   0.0048939376
-129.0016483380   0.0000000000   0.0049273571
-128.6089492563   0.0000000000   0.0049609059
-128.2162501746   0.0000000000   0.0049945855
-127.8235510929   0.0000000000   0.0050283974
-127.4308520112   0.0000000000   0.0050623429
-127.0381529295   0.0000000000   0.0050964235
-126.6454538478   0.0000000000   0.0051306406
-126.2527547661   0.0000000000   0.0051649957
-125.8600556844   0.0000000000   0.0051994902
-125.4673566027   0.0000000000   0.0052341257
-125.0746575210   0.0000000000   0.0052689038
-124.6819584393   0.0000000000   0.0053038258
-124.2892593576   0.0000000000   0.0053388935
-123.8965602759   0.0000000000   0.0053741083
-123.5038611942   0.0000000000   0.0054094719
-123.1111621125   0.0000000000   0.0054449858
-122.7184630309   0.0000000000   0.0054806518
-122.3257639492   0.0000000000   0.0055164714
-121.9330648675   0.0000000000   0.0055524463
-121.5403657858   0.0000000000   0.0055885783
-121.1476667041   0.0000000000   0.0056248690
-120.7549676224   0.0000000000   0.0056613201
-120.3622685407   0.0000000000   0.0056979335
-119.9695694590   0.0000000000   0.0057347109
-119.5768703773   0.0000000000   0.0057716541
-119.1841712956   0.0000000000   0.0058087649
-118.7914722139   0.0000000000   0.0058460451
-118.3987731322   0.0000000000   0.0058834967
-118.0060740505   0.0000000000   0.0059211216
-117.6133749688   0.0000000000   0.0059589216
-117.2206758871   0.0000000000   0.0059968986
-116.8279768054   0.0000000000   0.0060350547
-116.4352777237   0.0000000000   0.0060733918
-116.0425786420   0.0000000000   0.0061119120
-115.6498795603   0.0000000000   0.0061506173
-115.2571804786   0.0000000000   0.0061895098
-114.8644813969   0.0000000000   0.0062285915
-114.4717823152   0.0000000000   0.0062678646
-114.0790832335   0.0000000000   0.0063073312
-113.6863841518   0.0000000000   0.0063469935
-113.2936850701   0.0000000000   0.0063868538
-112.9009859884   0.0000000000   0.0064269142
-112.5082869067   0.0000000000   0.0064671771
-112.1155878250   0.0000000000   0.0065076447
-111.7228887433   0.0000000000   0.0065483194
-111.3301896616   0.0000000000   0.0065892034
-110.9374905799   0.0000000000   0.0066302993
-110.5447914982   0.0000000000   0.0066716095
-110.1520924165   0.0000000000   0.0067131363
-109.7593933348   0.0000000000   0.0067548823
-109.3666942531   0.0000000000   0.0067968501
-108.9739951714   0.0000000000   0.0068390422
-108.5812960897   0.0000000000   0.0068814611
-108.1885970080   0.0000000000   0.0069241096
-107.7958979263   0.0000000000   0.0069669903
-107.4031988446   0.0000000000   0.0070101060
-107.0104997629   0.0000000000   0.0070534592
-106.6178006812   0.0000000000   0.0070970530
-106.2251015995   0.0000000000   0.0071408900
-105.8324025178   0.0000000000   0.0071849732
-105.4397034361   0.0000000000   0.0072293055
-105.0470043544   0.0000000000   0.0072738898
-104.6543052727   0.0000000000   0.0073187291
-104.2616061910   0.0000000000   0.0073638265
-103.8689071093   0.0000000000   0.0074091850
-103.4762080276   0.0000000000   0.0074548078
-103.0835089459   0.0000000000   0.0075006981
-102.6908098642   0.0000000000   0.0075468591
-102.2981107825   0.0000000000   0.0075932940
-101.9054117008   0.0000000000   0.0076400063
-101.5127126191   0.0000000000   0.0076869992
-101.1200135374   0.0000000000   0.0077342762
-100.7273144557   0.0000000000   0.0077818407
-100.3346153740   0.0000000000   0.0078296964
 -99.9419162923   0.0000000000   0.0078778467
 -99.5492172106   0.0000000000   0.0079262954
 -99.1565181289   0.0000000000   0.0079750461
 -98.7638190472   0.0000000000   0.0080241026
 -98.3711199655   0.0000000000   0.0080734686
 -97.9784208838   0.0000000000   0.0081231482
 -97.5857218021   0.0000000000   0.0081731451
 -97.1930227204   0.0000000000   0.0082234634
 -96.8003236387   0.0000000000   0.0082741072
 -96.4076245570   0.0000000000   0.0083250805
 -96.0149254753   0.0000000000   0.0083763876
 -95.6222263936   0.0000000000   0.0084280327
 -95.2295273119   0.0000000000   0.0084800202
 -94.8368282302   0.0000000000   0.0085323545
 -94.4441291485   0.0000000000   0.0085850400
 -94.0514300668   0.0000000000   0.0086380812
 -93.6587309851   0.0000000000   0.0086914828
 -93.2660319034   0.0000000000   0.0087452495
 -92.8733328217   0.0000000000   0.0087993861
 -92.4806337400   0.0000000000   0.0088538973
 -92.0879346584   0.0000000000   0.0089087883
 -91.6952355767   0.0000000000   0.0089640638
 -91.3025364950   0.0000000000   0.0090197291
 -90.9098374133   0.0000000000   0.0090757894
 -90.5171383316   0.0000000000   0.0091322499
 -90.1244392499   0.0000000000   0.0091891159
 -89.7317401682   0.0000000000   0.0092463931
 -89.3390410865   0.0000000000   0.0093040868
 -88.9463420048   0.0000000000   0.0093622028
 -88.5536429231   0.0000000000   0.0094207468
 -88.1609438414   0.0000000000   0.0094797247
 -87.7682447597   0.0000000000   0.0095391424
 -87.3755456780   0.0000000000   0.0095990059
 -86.9828465963   0.0000000000   0.0096593215
 -86.5901475146   0.0000000000   0.0097200955
 -86.1974484329   0.0000000000   0.0097813341
 -85.8047493512   0.0000000000   0.0098430440
 -85.4120502695   0.0000000000   0.0099052317
 -85.0193511878   0.0000000000   0.0099679040
 -84.6266521061   0.0000000000   0.0100310678
 -84.2339530244   0.0000000000   0.0100947300
 -83.8412539427   0.0000000000   0.0101588979
 -83.4485548610   0.0000000000   0.0102235785
 -83.0558557793   0.0000000000   0.0102887794
 -82.6631566976   0.0000000000   0.0103545081
 -82.2704576159   0.0000000000   0.0104207722
 -81.8777585342   0.0000000000   0.0104875796
 -81.4850594525   0.0000000000   0.0105549383
 -81.0923603708   0.0000000000   0.0106228562
 -80.6996612891   0.0000000000   0.0106913418
 -80.3069622074   0.0000000000   0.0107604035
 -79.9142631257   0.0000000000   0.0108300499
 -79.5215640440   0.0000000000   0.0109002897
 -79.1288649623   0.0000000000   0.0109711319
 -78.7361658806   0.0000000000   0.0110425855
 -78.3434667989   0.0000000000   0.0111146600
 -77.9507677172   0.0000000000   0.0111873648
 -77.5580686355   0.0000000000   0.0112607095
 -77.1653695538   0.0000000000   0.0113347041
 -76.7726704721   0.0000000000   0.0114093586
 -76.3799713904   0.0000000000   0.0114846832
 -75.9872723087   0.0000000000   0.0115606885
 -75.5945732270   0.0000000000   0.0116373852
 -75.2018741453   0.0000000000   0.0117147841
 -74.8091750636   0.0000000000   0.0117928964
 -74.4164759819   0.0000000000   0.0118717336
 -74.0237769002   0.0000000000   0.0119513072
 -73.6310778185   0.0000000000   0.0120316291
 -73.2383787368   0.0000000000   0.0121127113
 -72.8456796551   0.0000000000   0.0121945664
 -72.4529805734   0.0000000000   0.0122772069
 -72.0602814917   0.0000000000   0.0123606457
 -71.6675824100   0.0000000000   0.0124448961
 -71.2748833283   0.0000000000   0.0125299714
 -70.8821842466   0.0000000000   0.0126158856
 -70.4894851649   0.0000000000   0.0127026526
 -70.0967860832   0.0000000000   0.0127902868
 -69.7040870015   0.0000000000   0.0128788031
 -69.3113879198   0.0000000000   0.0129682163
 -68.9186888381   0.0000000000   0.0130585420
 -68.5259897564   0.0000000000   0.0131497958
 -68.1332906747   0.0000000000   0.0132419938
 -67.7405915930   0.0000000000   0.0133351525
 -67.3478925113   0.0000000000   0.0134292887
 -66.9551934296   0.0000000000   0.0135244197
 -66.5624943479   0.0000000000   0.0136205631
 -66.1697952662   0.0000000000   0.0137177369
 -65.7770961845   0.0000000000   0.0138159597
 -65.3843971028   0.0000000000   0.0139152503
 -64.9916980211   0.0000000000   0.0140156280
 -64.5989989394   0.0000000000   0.0141171128
 -64.2062998577   0.0000000000   0.0142197250
 -63.8136007760   0.0000000000   0.0143234853
 -63.4209016943   0.0000000000   0.0144284150
 -63.0282026126   0.0000000000   0.0145345361
 -62.6355035309   0.0000000000   0.0146418708
 -62.2428044492   0.0000000000   0.0147504422
 -61.8501053675   0.0000000000   0.0148602738
 -61.4574062859   0.0000000000   0.0149713896
 -61.0647072042   0.0000000000   0.0150838145
 -60.6720081225   0.0000000000   0.0151975737
 -60.2793090408   0.0000000000   0.0153126933
 -59.8866099591   0.0000000000   0.0154291999
 -59.4939108774   0.0000000000   0.0155471210
 -59.1012117957   0.0000000000   0.0156664847
 -58.7085127140   0.0000000000   0.0157873198
 -58.3158136323   0.0000000000   0.0159096559
 -57.9231145506   0.0000000000   0.0160335234
 -57.5304154689   0.0000000000   0.0161589536
 -57.1377163872   0.0000000000   0.0162859786
 -56.7450173055   0.0000000000   0.0164146313
 -56.3523182238   0.0000000000   0.0165449455
 -55.9596191421   0.0000000000   0.0166769562
 -55.5669200604   0.0000000000   0.0168106990
 -55.1742209787   0.0000000000   0.0169462107
 -54.7815218970   0.0000000000   0.0170835292
 -54.3888228153   0.0000000000   0.0172226934
 -53.9961237336   0.0000000000   0.0173637432
 -53.6034246519   0.0000000000   0.0175067199
 -53.2107255702   0.0000000000   0.0176516659
 -52.8180264885   0.0000000000   0.0177986247
 -52.4253274068   0.0000000000   0.0179476413
 -52.0326283251   0.0000000000   0.0180987619
 -51.6399292434   0.0000000000   0.0182520342
 -51.2472301617   0.0000000000   0.0184075072
 -50.8545310800   0.0000000000   0.0185652315
 -50.4618319983   0.0000000000   0.0187252592
 -50.0691329166   0.0000000000   0.0188876441
 -49.6764338349   0.0000000000   0.0190524415
 -49.2837347532   0.0000000000   0.0192197087
 -48.8910356715   0.0000000000   0.0193895045
 -48.4983365898   0.0000000000   0.0195618898
 -48.1056375081   0.0000000000   0.0197369274
 -47.7129384264   0.0000000000   0.0199146821
 -47.3202393447   0.0000000000   0.0200952209
 -46.9275402630   0.0000000000   0.0202786129
 -46.5348411813   0.0000000000   0.0204649295
 -46.1421420996   0.0000000000   0.0206542446
 -45.7494430179   0.0000000000   0.0208466346
 -45.3567439362   0.0000000000   0.0210421783
 -44.9640448545   0.0000000000   0.0212409574
 -44.5713457728   0.0000000000   0.0214430563
 -44.1786466911   0.0000000000   0.0216485625
 -43.7859476094   0.0000000000   0.0218575665
 -43.3932485277   0.0000000000   0.0220701619
 -43.0005494460   0.0000000000   0.0222864458
 -42.6078503643   0.0000000000   0.0225065188
 -42.2151512826   0.0000000000   0.0227304852
 -41.8224522009   0.0000000000   0.0229584530
 -41.4297531192   0.0000000000   0.0231905343
 -41.0370540375   0.0000000000   0.0234268454
 -40.6443549558   0.0000000000   0.0236675070
 -40.2516558741   0.0000000000   0.0239126444
 -39.8589567924   0.0000000000   0.0241623878
 -39.4662577107   0.0000000000   0.0244168723
 -39.0735586290   0.0000000000   0.0246762385
 -38.6808595473   0.0000000000   0.0249406325
 -38.2881604656   0.0000000000   0.0252102061
 -37.8954613839   0.0000000000   0.0254851176
 -37.5027623022   0.0000000000   0.0257655314
 -37.1100632205   0.0000000000   0.0260516189
 -36.7173641388   0.0000000000   0.0263435586
 -36.3246650571   0.0000000000   0.0266415364
 -35.9319659754   0.0000000000   0.0269457464
 -35.5392668937   0.0000000000   0.0272563906
 -35.1465678120   0.0000000000   0.0275736803
 -34.7538687303   0.0000000000   0.0278978357
 -34.3611696486   0.0000000000   0.0282290869
 -33.9684705669   0.0000000000   0.0285676743
 -33.5757714852   0.0000000000   0.0289138492
 -33.1830724035   0.0000000000   0.0292678746
 -32.7903733218   0.0000000000   0.0296300255
 -32.3976742401   0.0000000000   0.0300005897
 -32.0049751584   0.0000000000   0.0303798690
 -31.6122760767   0.0000000000   0.0307681795
 -31.2195769950   0.0000000000   0.0311658525
 -30.8268779133   0.0000000000   0.0315732358
 -30.4341788317   0.0000000000   0.0319906945
 -30.0414797500   0.0000000000   0.0324186119
 -29.6487806683   0.0000000000   0.0328573910
 -29.2560815866   0.0000000000   0.0333074555
 -28.8633825049   0.0000000000   0.0337692512
 -28.4706834232   0.0000000000   0.0342432474
 -28.0779843415   0.0000000001   0.0347299389
 -27.6852852598   0.0000000001   0.0352298468
 -27.2925861781   0.0000000001   0.0357435213
 -26.8998870964   0.0000000001   0.0362715430
 -26.5071880147   0.0000000001   0.0368145252
 -26.1144889330   0.0000000001   0.0373731165
 -25.7217898513   0.0000000001   0.0379480030
 -25.3290907696   0.0000000001   0.0385399111
 -24.9363916879   0.0000000001   0.0391496104
 -24.5436926062   0.0000000001   0.0397779172
 -24.1509935245   0.0000000001   0.0404256978
 -23.7582944428   0.0000000001   0.0410938723
 -23.3655953611   0.0000000001   0.0417834190
 -22.9728962794   0.0000000001   0.0424953788
 -22.5801971977   0.0000000001   0.0432308603
 -22.1874981160   0.0000000001   0.0439910453
 -21.7947990343   0.0000000001   0.0447771948
 -21.4020999526   0.0000000001   0.0455906557
 -21.0094008709   0.0000000001   0.0464328680
 -20.6167017892   0.0000000001   0.0473053728
 -20.2240027075   0.0000000001   0.0482098216
 -19.8313036258   0.0000000001   0.0491479852
 -19.4386045441   0.0000000001   0.0501217656
 -19.0459054624   0.0000000001   0.0511332069
 -18.6532063807   0.0000000001   0.0521845096
 -18.2605072990   0.0000000001   0.0532780446
 -17.8678082173   0.0000000001   0.0544163699
 -17.4751091356   0.0000000001   0.0556022491
 -17.0824100539   0.0000000002   0.0568386712
 -16.6897109722   0.0000000002   0.0581288740
 -16.2970118905   0.0000000002   0.0594763690
 -15.9043128088   0.0000000002   0.0608849704
 -15.5116137271   0.0000000002   0.0623588265
 -15.1189146454   0.0000000002   0.0639024559
 -14.7262155637   0.0000000002   0.0655207879
 -14.3335164820   0.0000000002   0.0672192073
 -13.9408174003   0.0000000003   0.0690036060
 -13.5481183186   0.0000000003   0.0708804401
 -13.1554192369   0.0000000003   0.0728567947
 -12.7627201552   0.0000000003   0.0749404569
 -12.3700210735   0.0000000003   0.0771399980
 -11.9773219918   0.0000000004   0.0794648658
 -11.5846229101   0.0000000004   0.0819254885
 -11.1919238284   0.0000000004   0.0845333905
 -10.7992247467   0.0000000005   0.0873013219
 -10.4065256650   0.0000000005   0.0902434012
 -10.0138265833   0.0000000006   0.0933752719
  -9.6211275016   0.0000000007   0.0967142706
  -9.2284284199   0.0000000008   0.1002796046
  -8.8357293382   0.0000000008   0.1040925311
  -8.4430302565   0.0000000010   0.1081765275
  -8.0503311748   0.0000000011   0.1125574323
  -7.6576320931   0.0000000012   0.1172635239
  -7.2649330114   0.0000000014   0.1223254847
  -6.8722339297   0.0000000017   0.1277761621
  -6.4795348480   0.0000000019   0.1336499888
  -6.0868357663   0.0000000023   0.1399818371
  -5.6941366846   0.0000000027   0.1468049435
  -5.3014376029   0.0000000033   0.1541473162
  -4.9087385212   0.0000000039   0.1620256630
  -4.5160394395   0.0000000048   0.1704352605
  -4.1233403578   0.0000000060   0.1793331432
  -3.7306412761   0.0000000075   0.1886102387
  -3.3379421944   0.0000000094   0.1980450877
  -2.9452431127   0.0000000120   0.2072267134
  -2.5525440310   0.0000000155   0.2154256355
  -2.1598449493   0.0000000202   0.2213779296
  -1.7671458676   0.0000000265   0.2229255125
  -1.3744467859   0.0000000346   0.2164280103
  -0.9817477042   0.0000000446   0.1958481441
  -0.5890486225   0.0000000556   0.1515085197
  -0.1963495408   0.0000000641   0.0690569828
   0.1963495408   0.0000000641  -0.0690569828
   0.5890486225   0.0000000556  -0.1515085197
   0.9817477042   0.0000000446  -0.1958481441
   1.3744467859   0.0000000346  -0.2164280103
   1.7671458676   0.0000000265  -0.2229255125
   2.1598449493   0.0000000202  -0.2213779296
   2.5525440310   0.0000000155  -0.2154256355
   2.9452431127   0.0000000120  -0.2072267134
   3.3379421944   0.0000000094  -0.1980450877
   3.7306412761   0.0000000075  -0.1886102387
   4.1233403578   0.0000000060  -0.1793331432
   4.5160394395   0.0000000048  -0.1704352605
   4.9087385212   0.0000000039  -0.1620256630
   5.3014376029   0.0000000033  -0.1541473162
   5.6941366846   0.0000000027  -0.1468049435
   6.0868357663   0.0000000023  -0.1399818371
   6.4795348480   0.0000000019  -0.1336499888
   6.8722339297   0.0000000017  -0.1277761621
   7.2649330114   0.0000000014  -0.1223254847
   7.6576320931   0.0000000012  -0.1172635239
   8.0503311748   0.0000000011  -0.1125574323
   8.4430302565   0.0000000010  -0.1081765275
   8.8357293382   0.0000000008  -0.1040925311
   9.2284284199   0.0000000008  -0.1002796046
   9.6211275016   0.0000000007  -0.0967142706
  10.0138265833   0.0000000006  -0.0933752719
  10.4065256650   0.0000000005  -0.0902434012
  10.7992247467   0.0000000005  -0.0873013219
  11.1919238284   0.0000000004  -0.0845333905
  11.5846229101   0.0000000004  -0.0819254885
  11.9773219918   0.0000000004  -0.0794648658
  12.3700210735   0.0000000003  -0.0771399980
  12.7627201552   0.0000000003  -0.0749404569
  13.1554192369   0.0000000003  -0.0728567947
  13.5481183186   0.0000000003  -0.0708804401
  13.9408174003   0.0000000003  -0.0690036060
  14.3335164820   0.0000000002  -0.0672192073
  14.7262155637   0.0000000002  -0.0655207879
  15.1189146454   0.0000000002  -0.0639024559
  15.5116137271   0.0000000002  -0.0623588265
  15.9043128088   0.0000000002  -0.0608849704
  16.2970118905   0.0000000002  -0.0594763690
  16.6897109722   0.0000000002  -0.0581288740
  17.0824100539   0.0000000002  -0.0568386712
  17.4751091356   0.0000000001  -0.0556022491
  17.8678082173   0.0000000001  -0.0544163699
  18.2605072990   0.0000000001  -0.0532780446
  18.6532063807   0.0000000001  -0.0521845096
  19.0459054624   0.0000000001  -0.0511332069
  19.4386045441   0.0000000001  -0.0501217656
  19.8313036258   0.0000000001  -0.0491479852
  20.2240027075   0.0000000001  -0.0482098216
  20.6167017892   0.0000000001  -0.0473053728
  21.0094008709   0.0000000001  -0.0464328680
  21.4020999526   0.0000000001  -0.0455906557
  21.7947990343   0.0000000001  -0.0447771948
  22.1874981160   0.0000000001  -0.0439910453
  22.5801971977   0.0000000001  -0.0432308603
  22.9728962794   0.0000000001  -0.0424953788
  23.3655953611   0.0000000001  -0.0417834190
  23.7582944428   0.0000000001  -0.0410938723
  24.1509935245   0.0000000001  -0.0404256978
  24.5436926062   0.0000000001  -0.0397779172
  24.9363916879   0.0000000001  -0.0391496104
  25.3290907696   0.0000000001  -0.0385399111
  25.7217898513   0.0000000001  -0.0379480030
  26.1144889330   0.0000000001  -0.0373731165
  26.5071880147   0.0000000001  -0.0368145252
  26.8998870964   0.0000000001  -0.0362715430
  27.2925861781   0.0000000001  -0.0357435213
  27.6852852598   0.0000000001  -0.0352298468
  28.0779843415   0.0000000001  -0.0347299389
  28.4706834232   0.0000000000  -0.0342432474
  28.8633825049   0.0000000000  -0.0337692512
  29.2560815866   0.0000000000  -0.0333074555
  29.6487806683   0.0000000000  -0.0328573910
  30.0414797500   0.0000000000  -0.0324186119
  30.4341788317   0.0000000000  -0.0319906945
  30.8268779133   0.0000000000  -0.0315732358
  31.2195769950   0.0000000000  -0.0311658525
  31.6122760767   0.0000000000  -0.0307681795
  32.0049751584   0.0000000000  -0.0303798690
  32.3976742401   0.0000000000  -0.0300005897
  32.7903733218   0.0000000000  -0.0296300255
  33.1830724035   0.0000000000  -0.0292678746
  33.5757714852   0.0000000000  -0.0289138492
  33.9684705669   0.0000000000  -0.0285676743
  34.3611696486   0.0000000000  -0.0282290869
  34.7538687303   0.0000000000  -0.0278978357
  35.1465678120   0.0000000000  -0.0275736803
  35.5392668937   0.0000000000  -0.0272563906
  35.9319659754   0.0000000000  -0.0269457464
  36.3246650571   0.0000000000  -0.0266415364
  36.7173641388   0.0000000000  -0.0263435586
  37.1100632205   0.0000000000  -0.0260516189
  37.5027623022   0.0000000000  -0.0257655314
  37.8954613839   0.0000000000  -0.0254851176
  38.2881604656   0.0000000000  -0.0252102061
  38.6808595473   0.0000000000  -0.0249406325
  39.0735586290   0.0000000000  -0.0246762385
  39.4662577107   0.0000000000  -0.0244168723
  39.8589567924   0.0000000000  -0.0241623878
  40.2516558741   0.0000000000  -0.0239126444
  40.6443549558   0.0000000000  -0.0236675070
  41.0370540375   0.0000000000  -0.0234268454
  41.4297531192   0.0000000000  -0.0231905343
  41.8224522009   0.0000000000  -0.0229584530
  42.2151512826   0.0000000000  -0.0227304852
  42.6078503643   0.0000000000  -0.0225065188
  43.0005494460   0.0000000000  -0.0222864458
  43.3932485277   0.0000000000  -0.0220701619
  43.7859476094   0.0000000000  -0.0218575665
  44.1786466911   0.0000000000  -0.0216485625
  44.5713457728   0.0000000000  -0.0214430563
  44.9640448545   0.0000000000  -0.0212409574
  45.3567439362   0.0000000000  -0.0210421783
  45.7494430179   0.0000000000  -0.0208466346
  46.1421420996   0.0000000000  -0.0206542446
  46.5348411813   0.0000000000  -0.0204649295
  46.9275402630   0.0000000000  -0.0202786129
  47.3202393447   0.0000000000  -0.0200952209
  47.7129384264   0.0000000000  -0.0199146821
  48.1056375081   0.0000000000  -0.0197369274
  48.4983365898   0.0000000000  -0.0195618898
  48.8910356715   0.0000000000  -0.0193895045
  49.2837347532   0.0000000000  -0.0192197087
  49.6764338349   0.0000000000  -0.0190524415
  50.0691329166   0.0000000000  -0.0188876441
  50.4618319983   0.0000000000  -0.0187252592
  50.8545310800   0.0000000000  -0.0185652315
  51.2472301617   0.0000000000  -0.0184075072
  51.6399292434   0.0000000000  -0.0182520342
  52.0326283251   0.0000000000  -0.0180987619
  52.4253274068   0.0000000000  -0.0179476413
  52.8180264885   0.0000000000  -0.0177986247
  53.2107255702   0.0000000000  -0.0176516659
  53.6034246519   0.0000000000  -0.0175067199
  53.9961237336   0.0000000000  -0.0173637432
  54.3888228153   0.0000000000  -0.0172226934
  54.7815218970   0.0000000000  -0.0170835292
  55.1742209787   0.0000000000  -0.0169462107
  55.5669200604   0.0000000000  -0.0168106990
  55.9596191421   0.0000000000  -0.0166769562
  56.3523182238   0.0000000000  -0.0165449455
  56.7450173055   0.0000000000  -0.0164146313
  57.1377163872   0.0000000000  -0.0162859786
  57.5304154689   0.0000000000  -0.0161589536
  57.9231145506   0.0000000000  -0.0160335234
  58.3158136323   0.0000000000  -0.0159096559
  58.7085127140   0.0000000000  -0.0157873198
  59.1012117957   0.0000000000  -0.0156664847
  59.4939108774   0.0000000000  -0.0155471210
  59.8866099591   0.0000000000  -0.0154291999
  60.2793090408   0.0000000000  -0.0153126933
  60.6720081225   0.0000000000  -0.0151975737
  61.0647072042   0.0000000000  -0.0150838145
  61.4574062859   0.0000000000  -0.0149713896
  61.8501053675   0.0000000000  -0.0148602738
  62.2428044492   0.0000000000  -0.0147504422
  62.6355035309   0.0000000000  -0.0146418708
  63.0282026126   0.0000000000  -0.0145345361
  63.4209016943   0.0000000000  -0.0144284150
  63.8136007760   0.0000000000  -0.0143234853
  64.2062998577   0.0000000000  -0.0142197250
  64.5989989394   0.0000000000  -0.0141171128
  64.9916980211   0.0000000000  -0.0140156280
  65.3843971028   0.0000000000  -0.0139152503
  65.7770961845   0.0000000000  -0.0138159597
  66.1697952662   0.0000000000  -0.0137177369
  66.5624943479   0.0000000000  -0.0136205631
  66.9551934296   0.0000000000  -0.0135244197
  67.3478925113   0.0000000000  -0.0134292887
  67.7405915930   0.0000000000  -0.0133351525
  68.1332906747   0.0000000000  -0.0132419938
  68.5259897564   0.0000000000  -0.0131497958
  68.9186888381   0.0000000000  -0.0130585420
  69.3113879198   0.0000000000  -0.0129682163
  69.7040870015   0.0000000000  -0.0128788031
  70.0967860832   0.0000000000  -0.0127902868
  70.4894851649   0.0000000000  -0.0127026526
  70.8821842466   0.0000000000  -0.0126158856
  71.2748833283   0.0000000000  -0.0125299714
  71.6675824100   0.0000000000  -0.0124448961
  72.0602814917   0.0000000000  -0.0123606457
  72.4529805734   0.0000000000  -0.0122772069
  72.8456796551   0.0000000000  -0.0121945664
  73.2383787368   0.0000000000  -0.0121127113
  73.6310778185   0.0000000000  -0.0120316291
  74.0237769002   0.0000000000  -0.0119513072
  74.4164759819   0.0000000000  -0.0118717336
  74.8091750636   0.0000000000  -0.0117928964
  75.2018741453   0.0000000000  -0.0117147841
  75.5945732270   0.0000000000  -0.0116373852
  75.9872723087   0.0000000000  -0.0115606885
  76.3799713904   0.0000000000  -0.0114846832
  76.7726704721   0.0000000000  -0.0114093586
  77.1653695538   0.0000000000  -0.0113347041
  77.5580686355   0.0000000000  -0.0112607095
  77.9507677172   0.0000000000  -0.0111873648
  78.3434667989   0.0000000000  -0.0111146600
  78.7361658806   0.0000000000  -0.0110425855
  79.1288649623   0.0000000000  -0.0109711319
  79.5215640440   0.0000000000  -0.0109002897
  79.9142631257   0.0000000000  -0.0108300499
  80.3069622074   0.0000000000  -0.0107604035
  80.6996612891   0.0000000000  -0.0106913418
  81.0923603708   0.0000000000  -0.0106228562
  81.4850594525   0.0000000000  -0.0105549383
  81.8777585342   0.0000000000  -0.0104875796
  82.2704576159   0.0000000000  -0.0104207722
  82.6631566976   0.0000000000  -0.0103545081
  83.0558557793   0.0000000000  -0.0102887794
  83.4485548610   0.0000000000  -0.0102235785
  83.8412539427   0.0000000000  -0.0101588979
  84.2339530244   0.0000000000  -0.0100947300
  84.6266521061   0.0000000000  -0.0100310678
  85.0193511878   0.0000000000  -0.0099679040
  85.4120502695   0.0000000000  -0.0099052317
  85.8047493512   0.0000000000  -0.0098430440
  86.1974484329   0.0000000000  -0.0097813341
  86.5901475146   0.0000000000  -0.0097200955
  86.9828465963   0.0000000000  -0.0096593215
  87.3755456780   0.0000000000  -0.0095990059
  87.7682447597   0.0000000000  -0.0095391424
  88.1609438414   0.0000000000  -0.0094797247
  88.5536429231   0.0000000000  -0.0094207468
  88.9463420048   0.0000000000  -0.0093622028
  89.3390410865   0.0000000000  -0.0093040868
  89.7317401682   0.0000000000  -0.0092463931
  90.1244392499   0.0000000000  -0.0091891159
  90.5171383316   0.0000000000  -0.0091322499
  90.9098374133   0.0000000000  -0.0090757894
  91.3025364950   0.0000000000  -0.0090197291
  91.6952355767   0.0000000000  -0.0089640638
  92.0879346584   0.0000000000  -0.0089087883
  92.4806337400   0.0000000000  -0.0088538973
  92.8733328217   0.0000000000  -0.0087993861
  93.2660319034   0.0000000000  -0.0087452495
  93.6587309851   0.0000000000  -0.0086914828
  94.0514300668   0.0000000000  -0.0086380812
  94.4441291485   0.0000000000  -0.0085850400
  94.8368282302   0.0000000000  -0.0085323545
  95.2295273119   0.0000000000  -0.0084800202
  95.6222263936   0.0000000000  -0.0084280327
  96.0149254753   0.0000000000  -0.0083763876
  96.4076245570   0.0000000000  -0.0083250805
  96.8003236387   0.0000000000  -0.0082741072
  97.1930227204   0.0000000000  -0.0082234634
  97.5857218021   0.0000000000  -0.0081731451
  97.9784208838   0.0000000000  -0.0081231482
  98.3711199655   0.0000000000  -0.0080734686
  98.7638190472   0.0000000000  -0.0080241026
  99.1565181289   0.0000000000  -0.0079750461
  99.5492172106   0.0000000000  -0.0079262954
  99.9419162923   0.0000000000  -0.0078778467
 100.3346153740   0.0000000000  -0.0078296964
 100.7273144557   0.0000000000  -0.0077818407
 101.1200135374   0.0000000000  -0.0077342762
 101.5127126191   0.0000000000  -0.0076869992
 101.9054117008   0.0000000000  -0.0076400063
 102.2981107825   0.0000000000  -0.0075932940
 102.6908098642   0.0000000000  -0.0075468591
 103.0835089459   0.0000000000  -0.0075006981
 103.4762080276   0.0000000000  -0.0074548078
 103.8689071093   0.0000000000  -0.0074091850
 104.2616061910   0.0000000000  -0.0073638265
 104.6543052727   0.0000000000  -0.0073187291
 105.0470043544   0.0000000000  -0.0072738898
 105.4397034361   0.0000000000  -0.0072293055
 105.8324025178   0.0000000000  -0.0071849732
 106.2251015995   0.0000000000  -0.0071408900
 106.6178006812   0.0000000000  -0.0070970530
 107.0104997629   0.0000000000  -0.0070534592
 107.4031988446   0.0000000000  -0.0070101060
 107.7958979263   0.0000000000  -0.0069669903
 108.1885970080   0.0000000000  -0.0069241096
 108.5812960897   0.0000000000  -0.0068814611
 108.9739951714   0.0000000000  -0.0068390422
 109.3666942531   0.0000000000  -0.0067968501
 109.7593933348   0.0000000000  -0.0067548823
 110.1520924165   0.0000000000  -0.0067131363
 110.5447914982   0.0000000000  -0.0066716095
 110.9374905799   0.0000000000  -0.0066302993
 111.3301896616   0.0000000000  -0.0065892034
 111.7228887433   0.0000000000  -0.0065483194
 112.1155878250   0.0000000000  -0.0065076447
 112.5082869067   0.0000000000  -0.0064671771
 112.9009859884   0.0000000000  -0.0064269142
 113.2936850701   0.0000000000  -0.0063868538
 113.6863841518   0.0000000000  -0.0063469935
 114.0790832335   0.0000000000  -0.0063073312
 114.4717823152   0.0000000000  -0.0062678646
 114.8644813969   0.0000000000  -0.0062285915
 115.2571804786   0.0000000000  -0.0061895098
 115.6498795603   0.0000000000  -0.0061506173
 116.0425786420   0.0000000000  -0.0061119120
 116.4352777237   0.0000000000  -0.0060733918
 116.8279768054   0.0000000000  -0.0060350547
 117.2206758871   0.0000000000  -0.0059968986
 117.6133749688   0.0000000000  -0.0059589216
 118.0060740505   0.0000000000  -0.0059211216
 118.3987731322   0.0000000000  -0.0058834967
 118.7914722139   0.0000000000  -0.0058460451
 119.1841712956   0.0000000000  -0.0058087649
 119.5768703773   0.0000000000  -0.0057716541
 119.9695694590   0.0000000000  -0.0057347109
 120.3622685407   0.0000000000  -0.0056979335
 120.7549676224   0.0000000000  -0.0056613201
 121.1476667041   0.0000000000  -0.0056248690
 121.5403657858   0.0000000000  -0.0055885783
 121.9330648675   0.0000000000  -0.0055524463
 122.3257639492   0.0000000000  -0.0055164714
 122.7184630309   0.0000000000  -0.0054806518
 123.1111621125   0.0000000000  -0.0054449858
 123.5038611942   0.0000000000  -0.0054094719
 123.8965602759   0.0000000000  -0.0053741083
 124.2892593576   0.0000000000  -0.0053388935
 124.6819584393   0.0000000000  -0.0053038258
 125.0746575210   0.0000000000  -0.0052689038
 125.4673566027   0.0000000000  -0.0052341257
 125.8600556844   0.0000000000  -0.0051994902
 126.2527547661   0.0000000000  -0.0051649957
 126.6454538478   0.0000000000  -0.0051306406
 127.0381529295   0.0000000000  -0.0050964235
 127.4308520112   0.0000000000  -0.0050623429
 127.8235510929   0.0000000000  -0.0050283974
 128.2162501746   0.0000000000  -0.0049945855
 128.6089492563   0.0000000000  -0.0049609059
 129.0016483380   0.0000000000  -0.0049273571
 129.3943474197   0.0000000000  -0.0048939376
 129.7870465014   0.0000000000  -0.0048606463
 130.1797455831   0.0000000000  -0.0048274816
 130.5724446648   0.0000000000  -0.0047944423
 130.9651437465   0.0000000000  -0.0047615270
 131.3578428282   0.0000000000  -0.0047287344
 131.7505419099   0.0000000000  -0.0046960633
 132.1432409916   0.0000000000  -0.0046635123
 132.5359400733   0.0000000000  -0.0046310801
 132.9286391550   0.0000000000  -0.0045987656
 133.3213382367   0.0000000000  -0.0045665675
 133.7140373184   0.0000000000  -0.0045344844
 134.1067364001   0.0000000000  -0.0045025153
 134.4994354818   0.0000000000  -0.0044706590
 134.8921345635   0.0000000000  -0.0044389141
 135.2848336452   0.0000000000  -0.0044072796
 135.6775327269   0.0000000000  -0.0043757543
 136.0702318086   0.0000000000  -0.0043443371
 136.4629308903   0.0000000000  -0.0043130267
 136.8556299720   0.0000000000  -0.0042818221
 137.2483290537   0.0000000000  -0.0042507221
 137.6410281354   0.0000000000  -0.0042197257
 138.0337272171   0.0000000000  -0.0041888317
 138.4264262988   0.0000000000  -0.0041580390
 138.8191253805   0.0000000000  -0.0041273467
 139.2118244622   0.0000000000  -0.0040967536
 139.6045235439   0.0000000000  -0.0040662586
 139.9972226256   0.0000000000  -0.0040358608
 140.3899217073   0.0000000000  -0.0040055590
 140.7826207890   0.0000000000  -0.0039753524
 141.1753198707   0.0000000000  -0.0039452397
 141.5680189524   0.0000000000  -0.0039152202
 141.9607180341   0.0000000000  -0.0038852927
 142.3534171158   0.0000000000  -0.0038554563
 142.7461161975   0.0000000000  -0.0038257101
 143.1388152792   0.0000000000  -0.0037960529
 143.5315143609   0.0000000000  -0.0037664840
 143.9242134426   0.0000000000  -0.0037370023
 144.3169125243   0.0000000000  -0.0037076069
 144.7096116060   0.0000000000  -0.0036782969
 145.1023106877   0.0000000000  -0.0036490714
 145.4950097694   0.0000000000  -0.0036199294
 145.8877088511   0.0000000000  -0.0035908700
 146.2804079328   0.0000000000  -0.0035618924
 146.6731070145   0.0000000000  -0.0035329957
 147.0658060962   0.0000000000  -0.0035041790
 147.4585051779   0.0000000000  -0.0034754414
 147.8512042596   0.0000000000  -0.0034467820
 148.2439033413   0.0000000000  -0.0034182000
 148.6366024230   0.0000000000  -0.0033896946
 149.0293015047   0.0000000000  -0.0033612649
 149.4220005864   0.0000000000  -0.0033329101
 149.8146996681   0.0000000000  -0.0033046293
 150.2073987498   0.0000000000  -0.0032764217
 150.6000978315   0.0000000000  -0.0032482866
 150.9927969132   0.0000000000  -0.0032202230
 151.3854959949   0.0000000000  -0.0031922303
 151.7781950766   0.0000000000  -0.0031643076
 152.1708941583   0.0000000000  -0.0031364542
 152.5635932400   0.0000000000  -0.0031086692
 152.9562923217   0.0000000000  -0.0030809519
 153.3489914034   0.0000000000  -0.0030533015
 153.7416904851   0.0000000000  -0.0030257172
 154.1343895667   0.0000000000  -0.0029981984
 154.5270886484   0.0000000000  -0.0029707442
 154.9197877301   0.0000000000  -0.0029433540
 155.3124868118   0.0000000000  -0.0029160269
 155.7051858935   0.0000000000  -0.0028887623
 156.0978849752   0.0000000000  -0.0028615594
 156.4905840569   0.0000000000  -0.0028344175
 156.8832831386   0.0000000000  -0.0028073359
 157.2759822203   0.0000000000  -0.0027803139
 157.6686813020   0.0000000000  -0.0027533508
 158.0613803837   0.0000000000  -0.0027264459
 158.4540794654   0.0000000000  -0.0026995984
 158.8467785471   0.0000000000  -0.0026728078
 159.2394776288   0.0000000000  -0.0026460733
 159.6321767105   0.0000000000  -0.0026193942
 160.0248757922   0.0000000000  -0.0025927699
 160.4175748739   0.0000000000  -0.0025661997
 160.8102739556   0.0000000000  -0.0025396830
 161.2029730373   0.0000000000  -0.0025132190
 161.5956721190   0.0000000000  -0.0024868072
 161.9883712007   0.0000000000  -0.0024604469
 162.3810702824   0.0000000000  -0.0024341374
 162.7737693641   0.0000000000  -0.0024078781
 163.1664684458   0.0000000000  -0.0023816684
 163.5591675275   0.0000000000  -0.0023555076
 163.9518666092   0.0000000000  -0.0023293951
 164.3445656909   0.0000000000  -0.0023033303
 164.7372647726   0.0000000000  -0.0022773125
 165.1299638543   0.0000000000  -0.0022513412
 165.5226629360   0.0000000000  -0.0022254158
 165.9153620177   0.0000000000  -0.0021995355
 166.3080610994   0.0000000000  -0.0021736999
 166.7007601811   0.0000000000  -0.0021479084
 167.0934592628   0.0000000000  -0.0021221602
 167.4861583445   0.0000000000  -0.0020964549
 167.8788574262   0.0000000000  -0.0020707919
 168.2715565079   0.0000000000  -0.0020451705
 168.6642555896   0.0000000000  -0.0020195902
 169.0569546713   0.0000000000  -0.0019940504
 169.4496537530   0.0000000000  -0.0019685505
 169.8423528347   0.0000000000  -0.0019430900
 170.2350519164   0.0000000000  -0.0019176682
 170.6277509981   0.0000000000  -0.0018922847
 171.0204500798   0.0000000000  -0.0018669389
 171.4131491615   0.0000000000  -0.0018416302
 171.8058482432   0.0000000000  -0.0018163580
 172.1985473249   0.0000000000  -0.0017911218
 172.5912464066   0.0000000000  -0.0017659210
 172.9839454883   0.0000000000  -0.0017407552
 173.3766445700   0.0000000000  -0.0017156236
 173.7693436517   0.0000000000  -0.0016905260
 174.1620427334   0.0000000000  -0.0016654615
 174.5547418151   0.0000000000  -0.0016404298
 174.9474408968   0.0000000000  -0.0016154304
 175.3401399785   0.0000000000  -0.0015904625
 175.7328390602   0.0000000000  -0.0015655259
 176.1255381419   0.0000000000  -0.0015406198
 176.5182372236   0.0000000000  -0.0015157439
 176.9109363053   0.0000000000  -0.0014908975
 177.3036353870   0.0000000000  -0.0014660801
 177.6963344687   0.0000000000  -0.0014412913
 178.0890335504   0.0000000000  -0.0014165306
 178.4817326321   0.0000000000  -0.0013917973
 178.8744317138   0.0000000000  -0.0013670910
 179.2671307955   0.0000000000  -0.0013424113
 179.6598298772   0.0000000000  -0.0013177575
 180.0525289589   0.0000000000  -0.0012931292
 180.4452280406   0.0000000000  -0.0012685259
 180.8379271223   0.0000000000  -0.0012439471
 181.2306262040   0.0000000000  -0.0012193922
 181.6233252857   0.0000000000  -0.0011948609
 182.0160243674   0.0000000000  -0.0011703526
 182.4087234491   0.0000000000  -0.0011458667
 182.8014225308   0.0000000000  -0.0011214029
 183.1941216125   0.0000000000  -0.0010969607
 183.5868206942   0.0000000000  -0.0010725394
 183.9795197759   0.0000000000  -0.0010481387
 184.3722188576   0.0000000000  -0.0010237582
 184.7649179392   0.0000000000  -0.0009993972
 185.1576170209   0.0000000000  -0.0009750553
 185.5503161026   0.0000000000  -0.0009507320
 185.9430151843   0.0000000000  -0.0009264270
 186.3357142660   0.0000000000  -0.0009021396
 186.7284133477   0.0000000000  -0.0008778694
 187.1211124294   0.0000000000  -0.0008536160
 187.5138115111   0.0000000000  -0.0008293788
 187.9065105928   0.0000000000  -0.0008051575
 188.2992096745   0.0000000000  -0.0007809515
 188.6919087562   0.0000000000  -0.0007567604
 189.0846078379   0.0000000000  -0.0007325836
 189.4773069196   0.0000000000  -0.0007084209
 189.8700060013   0.0000000000  -0.0006842716
 190.2627050830   0.0000000000  -0.0006601354
 190.6554041647   0.0000000000  -0.0006360118
 191.0481032464   0.0000000000  -0.0006119002
 191.4408023281   0.0000000000  -0.0005878004
 191.8335014098   0.0000000000  -0.0005637118
 192.2262004915   0.0000000000  -0.0005396339
 192.6188995732   0.0000000000  -0.0005155664
 193.0115986549   0.0000000000  -0.0004915089
 193.4042977366   0.0000000000  -0.0004674607
 193.7969968183   0.0000000000  -0.0004434217
 194.1896959000   0.0000000000  -0.0004193912
 194.5823949817   0.0000000000  -0.0003953689
 194.9750940634   0.0000000000  -0.0003713545
 195.3677931451   0.0000000000  -0.0003473474
 195.7604922268   0.0000000000  -0.0003233474
 196.1531913085   0.0000000000  -0.0002993541
 196.5458903902   0.0000000000  -0.0002753672
 196.9385894719   0.0000000000  -0.0002513863
 197.3312885536   0.0000000000  -0.0002274112
 197.7239876353   0.0000000000  -0.0002034418
 198.1166867170   0.0000000000  -0.0001794780
 198.5093857987   0.0000000000  -0.0001555199
 198.9020848804   0.0000000000  -0.0001315677
 199.2947839621   0.0000000000  -0.0001076222
 199.6874830438   0.0000000000  -0.0000836843
 200.0801821255   0.0000000000  -0.0000597558
 200.4728812072   0.0000000000  -0.0000358395
 200.8655802889   0.0000000000  -0.0000119395
