   0.0000000000  -0.9268039243
   0.0250000000  -0.9267090394
   0.0500000000  -0.9234136414
   0.0750000000  -0.9210523192
   0.1000000000  -0.9140502176
   0.1250000000  -0.9080607508
   0.1500000000  -0.8975561887
   0.1750000000  -0.8882051762
   0.2000000000  -0.8745252151
   0.2250000000  -0.8621922692
   0.2500000000  -0.8457679858
   0.2750000000  -0.8309239382
   0.3000000000  -0.8122665526
   0.3250000000  -0.7954478733
   0.3500000000  -0.7751219575
   0.3750000000  -0.7569036022
   0.4000000000  -0.7354995909
   0.4250000000  -0.7164683782
   0.4500000000  -0.6945763880
   0.4750000000  -0.6753066573
   0.5000000000  -0.6534931996
   0.5250000000  -0.6345259935
   0.5500000000  -0.6133146269
   0.5750000000  -0.5951410891
   0.6000000000  -0.5749975048
   0.6250000000  -0.5580466736
   0.6500000000  -0.5393682338
   0.6750000000  -0.5239990157
   0.7000000000  -0.5071084144
   0.7250000000  -0.4936052644
   0.7500000000  -0.4787477747
   0.7750000000  -0.4673194939
   0.8000000000  -0.4546631886
   0.8250000000  -0.4454442412
   0.8500000000  -0.4350825933
   0.8750000000  -0.4281364085
   0.9000000000  -0.4200927501
   0.9250000000  -0.4154165722
   0.9500000000  -0.4096499894
   0.9750000000  -0.4071809368
   1.0000000000  -0.4035932659
   1.0250000000  -0.4032153397
   1.0500000000  -0.4016590003
   1.0750000000  -0.4032108366
   1.1000000000  -0.4034972779
   1.1250000000  -0.4067804569
   1.1500000000  -0.4086890113
   1.1750000000  -0.4134767388
   1.2000000000  -0.4167636730
   1.2250000000  -0.4228096310
   1.2500000000  -0.4272171735
   1.2750000000  -0.4342643155
   1.3000000000  -0.4395294271
   1.3250000000  -0.4473184777
   1.3500000000  -0.4531811235
   1.3750000000  -0.4614585333
   1.4000000000  -0.4676692216
   1.4250000000  -0.4761943372
   1.4500000000  -0.4825207109
   1.4750000000  -0.4910719478
   1.5000000000  -0.4973042494
   1.5250000000  -0.5056840926
   1.5500000000  -0.5116393721
   1.5750000000  -0.5196780904
   1.6000000000  -0.5252030869
   1.6250000000  -0.5327611075
   1.6500000000  -0.5377337975
   1.6750000000  -0.5447027585
   1.7000000000  -0.5490326329
   1.7250000000  -0.5553351983
   1.7500000000  -0.5589623858
   1.7750000000  -0.5645509644
   1.8000000000  -0.5674443713
   1.8250000000  -0.5722989267
   1.8500000000  -0.5744535948
   1.8750000000  -0.5785787606
   1.9000000000  -0.5800126608
   1.9250000000  -0.5834343824
   1.9500000000  -0.5841848600
   1.9750000000  -0.5869467756
   2.0000000000  -0.5870668455
   2.0250000000  -0.5892265946
   2.0500000000  -0.5887812548
   2.0750000000  -0.5904068694
   2.1000000000  -0.5894695663
   2.1250000000  -0.5906360605
   2.1500000000  -0.5892854022
   2.1750000000  -0.5900716408
   2.2000000000  -0.5883884191
   2.2250000000  -0.5888743127
   2.2500000000  -0.5869388684
   2.2750000000  -0.5872029165
   2.3000000000  -0.5850928603
   2.3250000000  -0.5852100480
   2.3500000000  -0.5829983358
   2.3750000000  -0.5830383776
   2.4000000000  -0.5807917330
   2.4250000000  -0.5808176539
   2.4500000000  -0.5785953271
   2.4750000000  -0.5786623695
   2.5000000000  -0.5765152198
   2.5250000000  -0.5766700651
   2.5500000000  -0.5746399586
   2.5750000000  -0.5749202524
   2.6000000000  -0.5730397607
   2.6250000000  -0.5734739299
   2.6500000000  -0.5717663176
   2.6750000000  -0.5723736660
   2.7000000000  -0.5708531487
   2.7250000000  -0.5716442104
   2.7500000000  -0.5703164605
   2.7750000000  -0.5712935886
   2.8000000000  -0.5701564607
   2.8250000000  -0.5713146193
   2.8500000000  -0.5703590587
   2.8750000000  -0.5716867829
   2.9000000000  -0.5708978788
   2.9250000000  -0.5723783599
   2.9500000000  -0.5717364975
   2.9750000000  -0.5733487494
   3.0000000000  -0.5728308154
   3.0250000000  -0.5745508753
   3.0500000000  -0.5741314699
   3.0750000000  -0.5759335886
   3.1000000000  -0.5755862000
   3.1250000000  -0.5774439780
   3.1500000000  -0.5771420792
   3.1750000000  -0.5790295120
   3.2000000000  -0.5787475452
   3.2250000000  -0.5806399450
   3.2500000000  -0.5803541669
   3.2750000000  -0.5822289379
   3.3000000000  -0.5819181059
   3.3250000000  -0.5837553559
   3.3500000000  -0.5834012442
   3.3750000000  -0.5851842255
   3.4000000000  -0.5847719683
   3.4250000000  -0.5864873478
   3.4500000000  -0.5860056133
   3.4750000000  -0.5876435785
   3.5000000000  -0.5870845860
   3.5250000000  -0.5886388019
   3.5500000000  -0.5879981977
   3.5750000000  -0.5894656319
   3.6000000000  -0.5887422456
   3.6250000000  -0.5901228855
   3.6500000000  -0.5893183917
   3.6750000000  -0.5906148773
   3.7000000000  -0.5897333868
   3.7250000000  -0.5909505865
   3.7500000000  -0.5899981944
   3.7750000000  -0.5911427473
   3.8000000000  -0.5901270617
   3.8250000000  -0.5912069122
   3.8500000000  -0.5901365869
   3.8750000000  -0.5911605310
   3.9000000000  -0.5900448219
   3.9250000000  -0.5910220850
   3.9500000000  -0.5898704452
   3.9750000000  -0.5908103034
   4.0000000000  -0.5896320308
   4.0250000000  -0.5905434881
   4.0500000000  -0.5893474316
   4.0750000000  -0.5902389570
   4.1000000000  -0.5890332868
   4.1250000000  -0.5899126146
   4.1500000000  -0.5887046556
   4.1750000000  -0.5895786477
   4.2000000000  -0.5883747742
   4.2250000000  -0.5892493396
   4.2500000000  -0.5880549251
   4.2750000000  -0.5889349911
   4.3000000000  -0.5877544060
   4.3250000000  -0.5886439325
   4.3500000000  -0.5874805819
   4.3750000000  -0.5883826107
   4.4000000000  -0.5872390013
   4.4250000000  -0.5881557312
   4.4500000000  -0.5870335607
   4.4750000000  -0.5879664388
   4.5000000000  -0.5868666966
   4.5250000000  -0.5878165194
   4.5500000000  -0.5867395935
   4.5750000000  -0.5877066091
   4.6000000000  -0.5866523904
   4.6250000000  -0.5876363977
   4.6500000000  -0.5866043780
   4.6750000000  -0.5876048170
   4.7000000000  -0.5865941769
   4.7250000000  -0.5876102082
   4.7500000000  -0.5866198925
   4.7750000000  -0.5876504643
   4.8000000000  -0.5866792432
   4.8250000000  -0.5877231449
   4.8500000000  -0.5867696629
   4.8750000000  -0.5878255666
   4.9000000000  -0.5868883778
   4.9250000000  -0.5879548683
   4.9500000000  -0.5870324623
   4.9750000000  -0.5881080584
   5.0000000000  -0.5871988774
