   0.0000000000  -0.9268039514
   0.0250000000  -0.9259287829
   0.0500000000  -0.9254394512
   0.0750000000  -0.9202658782
   0.1000000000  -0.9160553311
   0.1250000000  -0.9072537587
   0.1500000000  -0.8995263118
   0.1750000000  -0.8873651909
   0.2000000000  -0.8764473753
   0.2250000000  -0.8613096728
   0.2500000000  -0.8476310430
   0.2750000000  -0.8299925628
   0.3000000000  -0.8140616393
   0.3250000000  -0.7944653060
   0.3500000000  -0.7768428231
   0.3750000000  -0.7558711589
   0.4000000000  -0.7371428184
   0.4250000000  -0.7153907678
   0.4500000000  -0.6961414611
   0.4750000000  -0.6741913917
   0.5000000000  -0.6549824082
   0.5250000000  -0.6333826166
   0.5500000000  -0.6147328138
   0.5750000000  -0.5939803116
   0.6000000000  -0.5763516772
   0.6250000000  -0.5568795016
   0.6500000000  -0.5406670743
   0.6750000000  -0.5228359505
   0.7000000000  -0.5083617357
   0.7250000000  -0.4924556378
   0.7500000000  -0.4799659648
   0.7750000000  -0.4661909782
   0.8000000000  -0.4558566876
   0.8250000000  -0.4443425539
   0.8500000000  -0.4362614338
   0.8750000000  -0.4270652063
   0.9000000000  -0.4212661825
   0.9250000000  -0.4143775142
   0.9500000000  -0.4108262007
   0.9750000000  -0.4061738811
   1.0000000000  -0.4047791920
   1.0250000000  -0.4022386345
   1.0500000000  -0.4028602237
   1.0750000000  -0.4022616610
   1.1000000000  -0.4047179991
   1.1250000000  -0.4058551761
   1.1500000000  -0.4099320813
   1.1750000000  -0.4125712399
   1.2000000000  -0.4180306728
   1.2250000000  -0.4219196185
   1.2500000000  -0.4285085300
   1.2750000000  -0.4333855539
   1.3000000000  -0.4408445554
   1.3250000000  -0.4464469757
   1.3500000000  -0.4545185870
   1.3750000000  -0.4605906724
   1.4000000000  -0.4690269023
   1.4250000000  -0.4753269519
   1.4500000000  -0.4838959847
   1.4750000000  -0.4902023658
   1.5000000000  -0.4986941566
   1.5250000000  -0.5048101449
   1.5500000000  -0.5130407797
   1.5750000000  -0.5187981008
   1.6000000000  -0.5266128342
   1.6250000000  -0.5318738666
   1.6500000000  -0.5391488214
   1.6750000000  -0.5438074902
   1.7000000000  -0.5504500690
   1.7250000000  -0.5544315195
   1.7500000000  -0.5603796427
   1.7750000000  -0.5636388422
   1.8000000000  -0.5688591806
   1.8250000000  -0.5713786331
   1.8500000000  -0.5758640364
   1.8750000000  -0.5776508260
   1.9000000000  -0.5814171693
   1.9250000000  -0.5824995490
   1.9500000000  -0.5855822145
   1.9750000000  -0.5860059507
   2.0000000000  -0.5884561492
   2.0250000000  -0.5882808049
   2.0500000000  -0.5901619075
   2.0750000000  -0.5894572174
   2.1000000000  -0.5908412334
   2.1250000000  -0.5896836835
   2.1500000000  -0.5906479827
   2.1750000000  -0.5891176735
   2.2000000000  -0.5897420149
   2.2250000000  -0.5879198537
   2.2500000000  -0.5882837549
   2.2750000000  -0.5862490001
   2.3000000000  -0.5864294589
   2.3250000000  -0.5842576203
   2.3500000000  -0.5843271883
   2.3750000000  -0.5820882793
   2.4000000000  -0.5821134767
   2.4250000000  -0.5798706078
   2.4500000000  -0.5799106711
   2.4750000000  -0.5777189737
   2.5000000000  -0.5778249225
   2.5250000000  -0.5757307919
   2.5500000000  -0.5759448049
   2.5750000000  -0.5739854510
   2.6000000000  -0.5743405404
   2.6250000000  -0.5725438344
   2.6500000000  -0.5730638051
   2.6750000000  -0.5714484058
   2.7000000000  -0.5721480837
   2.7250000000  -0.5707238234
   2.7500000000  -0.5716095311
   2.7750000000  -0.5703780361
   2.8000000000  -0.5714482881
   2.8250000000  -0.5704038016
   2.8500000000  -0.5716501858
   2.8750000000  -0.5707805541
   2.9000000000  -0.5721887607
   2.9250000000  -0.5714765424
   2.9500000000  -0.5730274959
   2.9750000000  -0.5724511471
   3.0000000000  -0.5741221956
   3.0250000000  -0.5736572845
   3.0500000000  -0.5754234019
   3.0750000000  -0.5750438075
   3.1000000000  -0.5768787611
   3.1250000000  -0.5765578142
   3.1500000000  -0.5784352604
   3.1750000000  -0.5781467876
   3.2000000000  -0.5800412590
   3.2250000000  -0.5797605009
   3.2500000000  -0.5816482571
   3.2750000000  -0.5813526357
   3.3000000000  -0.5832123585
   3.3250000000  -0.5828820794
   3.3500000000  -0.5846953993
   3.3750000000  -0.5843138809
   3.4000000000  -0.5860657317
   3.4250000000  -0.5856198629
   3.4500000000  -0.5872986685
   3.4750000000  -0.5867789021
   3.5000000000  -0.5883766056
   3.5250000000  -0.5877769017
   3.5500000000  -0.5892888533
   3.5750000000  -0.5886064927
   3.6000000000  -0.5900312178
   3.6250000000  -0.5892665074
   3.6500000000  -0.5906053775
   3.6750000000  -0.5897612728
   3.7000000000  -0.5910181067
   3.7250000000  -0.5900997780
   3.7500000000  -0.5912803971
   3.7750000000  -0.5902947648
   3.8000000000  -0.5914065281
   3.8250000000  -0.5903617900
   3.8500000000  -0.5914131322
   3.8750000000  -0.5903183056
   3.9000000000  -0.5913182965
   3.9250000000  -0.5901827920
   3.9500000000  -0.5911407345
   3.9750000000  -0.5899739756
   4.0000000000  -0.5908990535
   4.0250000000  -0.5897101530
   4.0500000000  -0.5906111378
   4.0750000000  -0.5894086354
   4.1000000000  -0.5902936547
   4.1250000000  -0.5890853191
   4.1500000000  -0.5899616883
   4.1750000000  -0.5887543819
   4.2000000000  -0.5896284959
   4.2250000000  -0.5884280978
   4.2500000000  -0.5893053771
   4.2750000000  -0.5881167582
   4.3000000000  -0.5890016433
   4.3250000000  -0.5878286850
   4.3500000000  -0.5887246689
   4.3750000000  -0.5875703170
   4.4000000000  -0.5884800091
   4.4250000000  -0.5873463531
   4.4500000000  -0.5882715634
   4.4750000000  -0.5871599330
   4.5000000000  -0.5881017695
   4.5250000000  -0.5870128389
   4.5500000000  -0.5879718102
   4.5750000000  -0.5869057049
   4.6000000000  -0.5878818215
   4.6250000000  -0.5868382201
   4.6500000000  -0.5878310897
   4.6750000000  -0.5868093172
   4.7000000000  -0.5878182300
   4.7250000000  -0.5868173396
   4.7500000000  -0.5878413417
   4.7750000000  -0.5868601833
   4.8000000000  -0.5878981369
   4.8250000000  -0.5869354120
   4.8500000000  -0.5879860428
   4.8750000000  -0.5870403464
   4.9000000000  -0.5881022792
   4.9250000000  -0.5871721301
   4.9500000000  -0.5882439144
   4.9750000000  -0.5873277764
   5.0000000000  -0.5884079032
