-200.8655802889  -0.0000000000   0.0049783304
-200.4728812072  -0.0000000000   0.0049880817
-200.0801821255  -0.0000000000   0.0049978714
-199.6874830438  -0.0000000000   0.0050076996
-199.2947839621  -0.0000000000   0.0050175665
-198.9020848804  -0.0000000000   0.0050274723
-198.5093857987  -0.0000000000   0.0050374174
-198.1166867170  -0.0000000000   0.0050474018
-197.7239876353  -0.0000000000   0.0050574259
-197.3312885536  -0.0000000000   0.0050674899
-196.9385894719  -0.0000000000   0.0050775941
-196.5458903902  -0.0000000000   0.0050877386
-196.1531913085  -0.0000000000   0.0050979237
-195.7604922268  -0.0000000000   0.0051081497
-195.3677931451  -0.0000000000   0.0051184168
-194.9750940634  -0.0000000000   0.0051287253
-194.5823949817  -0.0000000000   0.0051390754
-194.1896959000  -0.0000000000   0.0051494673
-193.7969968183  -0.0000000000   0.0051599013
-193.4042977366  -0.0000000000   0.0051703777
-193.0115986549  -0.0000000000   0.0051808967
-192.6188995732  -0.0000000000   0.0051914586
-192.2262004915  -0.0000000000   0.0052020637
-191.8335014098  -0.0000000000   0.0052127122
-191.4408023281  -0.0000000000   0.0052234043
-191.0481032464  -0.0000000000   0.0052341404
-190.6554041647  -0.0000000000   0.0052449208
-190.2627050830  -0.0000000000   0.0052557456
-189.8700060013  -0.0000000000   0.0052666152
-189.4773069196  -0.0000000000   0.0052775299
-189.0846078379  -0.0000000000   0.0052884899
-188.6919087562  -0.0000000000   0.0052994955
-188.2992096745  -0.0000000000   0.0053105470
-187.9065105928  -0.0000000000   0.0053216447
-187.5138115111  -0.0000000000   0.0053327888
-187.1211124294  -0.0000000000   0.0053439798
-186.7284133477  -0.0000000000   0.0053552178
-186.3357142660  -0.0000000000   0.0053665032
-185.9430151843  -0.0000000000   0.0053778362
-185.5503161026  -0.0000000000   0.0053892172
-185.1576170209  -0.0000000000   0.0054006465
-184.7649179392  -0.0000000000   0.0054121243
-184.3722188576  -0.0000000000   0.0054236511
-183.9795197759  -0.0000000000   0.0054352270
-183.5868206942  -0.0000000000   0.0054468525
-183.1941216125  -0.0000000000   0.0054585278
-182.8014225308  -0.0000000000   0.0054702533
-182.4087234491  -0.0000000000   0.0054820292
-182.0160243674  -0.0000000000   0.0054938559
-181.6233252857  -0.0000000000   0.0055057338
-181.2306262040  -0.0000000000   0.0055176632
-180.8379271223  -0.0000000000   0.0055296444
-180.4452280406  -0.0000000000   0.0055416777
-180.0525289589  -0.0000000000   0.0055537635
-179.6598298772  -0.0000000000   0.0055659021
-179.2671307955  -0.0000000000   0.0055780939
-178.8744317138  -0.0000000000   0.0055903392
-178.4817326321  -0.0000000000   0.0056026384
-178.0890335504  -0.0000000000   0.0056149919
-177.6963344687  -0.0000000000   0.0056273999
-177.3036353870  -0.0000000000   0.0056398629
-176.9109363053  -0.0000000000   0.0056523812
-176.5182372236  -0.0000000000   0.0056649552
-176.1255381419  -0.0000000000   0.0056775853
-175.7328390602  -0.0000000000   0.0056902718
-175.3401399785  -0.0000000000   0.0057030152
-174.9474408968  -0.0000000000   0.0057158157
-174.5547418151  -0.0000000000   0.0057286738
-174.1620427334  -0.0000000000   0.0057415900
-173.7693436517  -0.0000000000   0.0057545644
-173.3766445700  -0.0000000000   0.0057675977
-172.9839454883  -0.0000000000   0.0057806901
-172.5912464066  -0.0000000000   0.0057938421
-172.1985473249  -0.0000000000   0.0058070541
-171.8058482432  -0.0000000000   0.0058203265
-171.4131491615  -0.0000000000   0.0058336596
-171.0204500798  -0.0000000000   0.0058470540
-170.6277509981  -0.0000000000   0.0058605101
-170.2350519164  -0.0000000000   0.0058740282
-169.8423528347  -0.0000000000   0.0058876088
-169.4496537530  -0.0000000000   0.0059012524
-169.0569546713  -0.0000000000   0.0059149593
-168.6642555896  -0.0000000000   0.0059287301
-168.2715565079  -0.0000000000   0.0059425651
-167.8788574262  -0.0000000000   0.0059564649
-167.4861583445  -0.0000000000   0.0059704298
-167.0934592628  -0.0000000000   0.0059844604
-166.7007601811  -0.0000000000   0.0059985570
-166.3080610994  -0.0000000000   0.0060127203
-165.9153620177  -0.0000000000   0.0060269505
-165.5226629360  -0.0000000000   0.0060412483
-165.1299638543  -0.0000000000   0.0060556141
-164.7372647726  -0.0000000000   0.0060700483
-164.3445656909  -0.0000000000   0.0060845515
-163.9518666092  -0.0000000000   0.0060991242
-163.5591675275  -0.0000000000   0.0061137669
-163.1664684458  -0.0000000000   0.0061284800
-162.7737693641  -0.0000000000   0.0061432641
-162.3810702824  -0.0000000000   0.0061581198
-161.9883712007  -0.0000000000   0.0061730474
-161.5956721190  -0.0000000000   0.0061880476
-161.2029730373  -0.0000000000   0.0062031208
-160.8102739556  -0.0000000000   0.0062182677
-160.4175748739  -0.0000000000   0.0062334887
-160.0248757922  -0.0000000000   0.0062487844
-159.6321767105  -0.0000000000   0.0062641554
-159.2394776288  -0.0000000000   0.0062796022
-158.8467785471  -0.0000000000   0.0062951253
-158.4540794654  -0.0000000000   0.0063107253
-158.0613803837  -0.0000000000   0.0063264029
-157.6686813020  -0.0000000000   0.0063421586
-157.2759822203  -0.0000000000   0.0063579929
-156.8832831386  -0.0000000000   0.0063739065
-156.4905840569  -0.0000000000   0.0063898999
-156.0978849752  -0.0000000000   0.0064059738
-155.7051858935  -0.0000000000   0.0064221288
-155.3124868118  -0.0000000000   0.0064383654
-154.9197877301  -0.0000000000   0.0064546844
-154.5270886484  -0.0000000000   0.0064710863
-154.1343895667  -0.0000000000   0.0064875718
-153.7416904851  -0.0000000000   0.0065041414
-153.3489914034  -0.0000000000   0.0065207959
-152.9562923217  -0.0000000000   0.0065375360
-152.5635932400  -0.0000000000   0.0065543622
-152.1708941583  -0.0000000000   0.0065712752
-151.7781950766  -0.0000000000   0.0065882757
-151.3854959949  -0.0000000000   0.0066053644
-150.9927969132  -0.0000000000   0.0066225420
-150.6000978315  -0.0000000000   0.0066398092
-150.2073987498  -0.0000000000   0.0066571666
-149.8146996681  -0.0000000000   0.0066746151
-149.4220005864  -0.0000000000   0.0066921552
-149.0293015047  -0.0000000000   0.0067097877
-148.6366024230  -0.0000000000   0.0067275134
-148.2439033413  -0.0000000000   0.0067453331
-147.8512042596  -0.0000000000   0.0067632473
-147.4585051779  -0.0000000000   0.0067812570
-147.0658060962  -0.0000000000   0.0067993628
-146.6731070145  -0.0000000000   0.0068175656
-146.2804079328  -0.0000000000   0.0068358660
-145.8877088511  -0.0000000000   0.0068542650
-145.4950097694  -0.0000000000   0.0068727633
-145.1023106877  -0.0000000000   0.0068913617
-144.7096116060  -0.0000000000   0.0069100611
-144.3169125243  -0.0000000000   0.0069288621
-143.9242134426  -0.0000000000   0.0069477658
-143.5315143609  -0.0000000000   0.0069667729
-143.1388152792  -0.0000000000   0.0069858843
-142.7461161975  -0.0000000000   0.0070051008
-142.3534171158  -0.0000000000   0.0070244233
-141.9607180341  -0.0000000000   0.0070438527
-141.5680189524  -0.0000000000   0.0070633899
-141.1753198707  -0.0000000000   0.0070830357
-140.7826207890  -0.0000000000   0.0071027911
-140.3899217073  -0.0000000000   0.0071226571
-139.9972226256  -0.0000000000   0.0071426344
-139.6045235439  -0.0000000000   0.0071627242
-139.2118244622  -0.0000000000   0.0071829272
-138.8191253805  -0.0000000000   0.0072032446
-138.4264262988  -0.0000000000   0.0072236772
-138.0337272171  -0.0000000000   0.0072442261
-137.6410281354  -0.0000000000   0.0072648921
-137.2483290537  -0.0000000000   0.0072856765
-136.8556299720  -0.0000000000   0.0073065800
-136.4629308903  -0.0000000000   0.0073276039
-136.0702318086  -0.0000000000   0.0073487491
-135.6775327269  -0.0000000000   0.0073700167
-135.2848336452  -0.0000000000   0.0073914078
-134.8921345635  -0.0000000000   0.0074129233
-134.4994354818  -0.0000000000   0.0074345645
-134.1067364001  -0.0000000000   0.0074563324
-133.7140373184  -0.0000000000   0.0074782282
-133.3213382367  -0.0000000000   0.0075002529
-132.9286391550  -0.0000000000   0.0075224077
-132.5359400733  -0.0000000000   0.0075446938
-132.1432409916  -0.0000000000   0.0075671123
-131.7505419099  -0.0000000000   0.0075896644
-131.3578428282  -0.0000000000   0.0076123514
-130.9651437465  -0.0000000000   0.0076351743
-130.5724446648  -0.0000000000   0.0076581346
-130.1797455831  -0.0000000000   0.0076812333
-129.7870465014  -0.0000000000   0.0077044718
-129.3943474197  -0.0000000000   0.0077278514
-129.0016483380  -0.0000000000   0.0077513732
-128.6089492563  -0.0000000000   0.0077750386
-128.2162501746  -0.0000000000   0.0077988490
-127.8235510929  -0.0000000000   0.0078228057
-127.4308520112  -0.0000000000   0.0078469100
-127.0381529295  -0.0000000000   0.0078711633
-126.6454538478  -0.0000000000   0.0078955670
-126.2527547661  -0.0000000000   0.0079201224
-125.8600556844  -0.0000000000   0.0079448311
-125.4673566027  -0.0000000000   0.0079696944
-125.0746575210  -0.0000000000   0.0079947138
-124.6819584393  -0.0000000000   0.0080198907
-124.2892593576  -0.0000000000   0.0080452268
-123.8965602759  -0.0000000000   0.0080707234
-123.5038611942  -0.0000000000   0.0080963821
-123.1111621125  -0.0000000000   0.0081222045
-122.7184630309  -0.0000000000   0.0081481921
-122.3257639492  -0.0000000000   0.0081743465
-121.9330648675  -0.0000000000   0.0082006694
-121.5403657858  -0.0000000000   0.0082271623
-121.1476667041  -0.0000000000   0.0082538270
-120.7549676224  -0.0000000000   0.0082806650
-120.3622685407  -0.0000000000   0.0083076781
-119.9695694590  -0.0000000000   0.0083348681
-119.5768703773  -0.0000000000   0.0083622366
-119.1841712956  -0.0000000000   0.0083897854
-118.7914722139  -0.0000000000   0.0084175163
-118.3987731322  -0.0000000000   0.0084454311
-118.0060740505  -0.0000000000   0.0084735316
-117.6133749688  -0.0000000000   0.0085018198
-117.2206758871  -0.0000000000   0.0085302975
-116.8279768054  -0.0000000000   0.0085589666
-116.4352777237  -0.0000000000   0.0085878290
-116.0425786420  -0.0000000000   0.0086168867
-115.6498795603  -0.0000000000   0.0086461417
-115.2571804786  -0.0000000000   0.0086755960
-114.8644813969  -0.0000000000   0.0087052517
-114.4717823152  -0.0000000000   0.0087351108
-114.0790832335  -0.0000000000   0.0087651754
-113.6863841518  -0.0000000000   0.0087954477
-113.2936850701  -0.0000000000   0.0088259298
-112.9009859884  -0.0000000000   0.0088566238
-112.5082869067  -0.0000000000   0.0088875321
-112.1155878250  -0.0000000000   0.0089186569
-111.7228887433  -0.0000000000   0.0089500004
-111.3301896616  -0.0000000000   0.0089815650
-110.9374905799  -0.0000000000   0.0090133530
-110.5447914982  -0.0000000000   0.0090453668
-110.1520924165  -0.0000000000   0.0090776088
-109.7593933348  -0.0000000000   0.0091100814
-109.3666942531  -0.0000000000   0.0091427872
-108.9739951714  -0.0000000000   0.0091757287
-108.5812960897  -0.0000000000   0.0092089083
-108.1885970080  -0.0000000000   0.0092423288
-107.7958979263  -0.0000000000   0.0092759927
-107.4031988446  -0.0000000000   0.0093099027
-107.0104997629  -0.0000000000   0.0093440615
-106.6178006812  -0.0000000000   0.0093784719
-106.2251015995  -0.0000000000   0.0094131367
-105.8324025178  -0.0000000000   0.0094480586
-105.4397034361  -0.0000000000   0.0094832406
-105.0470043544  -0.0000000000   0.0095186855
-104.6543052727  -0.0000000000   0.0095543964
-104.2616061910  -0.0000000000   0.0095903762
-103.8689071093  -0.0000000000   0.0096266280
-103.4762080276  -0.0000000000   0.0096631549
-103.0835089459  -0.0000000000   0.0096999600
-102.6908098642  -0.0000000000   0.0097370466
-102.2981107825  -0.0000000000   0.0097744177
-101.9054117008  -0.0000000000   0.0098120768
-101.5127126191  -0.0000000000   0.0098500272
-101.1200135374  -0.0000000000   0.0098882723
-100.7273144557  -0.0000000000   0.0099268155
-100.3346153740  -0.0000000000   0.0099656603
 -99.9419162923  -0.0000000000   0.0100048103
 -99.5492172106  -0.0000000000   0.0100442690
 -99.1565181289  -0.0000000000   0.0100840403
 -98.7638190472  -0.0000000000   0.0101241276
 -98.3711199655  -0.0000000000   0.0101645350
 -97.9784208838  -0.0000000000   0.0102052661
 -97.5857218021  -0.0000000000   0.0102463250
 -97.1930227204  -0.0000000000   0.0102877156
 -96.8003236387  -0.0000000000   0.0103294418
 -96.4076245570  -0.0000000000   0.0103715079
 -96.0149254753  -0.0000000000   0.0104139180
 -95.6222263936  -0.0000000000   0.0104566763
 -95.2295273119  -0.0000000000   0.0104997871
 -94.8368282302  -0.0000000000   0.0105432549
 -94.4441291485  -0.0000000000   0.0105870839
 -94.0514300668  -0.0000000000   0.0106312789
 -93.6587309851  -0.0000000000   0.0106758444
 -93.2660319034  -0.0000000000   0.0107207850
 -92.8733328217  -0.0000000000   0.0107661055
 -92.4806337400  -0.0000000000   0.0108118108
 -92.0879346584  -0.0000000000   0.0108579058
 -91.6952355767  -0.0000000000   0.0109043954
 -91.3025364950  -0.0000000000   0.0109512848
 -90.9098374133  -0.0000000000   0.0109985792
 -90.5171383316  -0.0000000000   0.0110462837
 -90.1244392499  -0.0000000000   0.0110944039
 -89.7317401682  -0.0000000000   0.0111429450
 -89.3390410865  -0.0000000000   0.0111919128
 -88.9463420048  -0.0000000000   0.0112413127
 -88.5536429231  -0.0000000000   0.0112911507
 -88.1609438414  -0.0000000000   0.0113414324
 -87.7682447597  -0.0000000000   0.0113921639
 -87.3755456780  -0.0000000000   0.0114433513
 -86.9828465963  -0.0000000000   0.0114950007
 -86.5901475146  -0.0000000000   0.0115471183
 -86.1974484329  -0.0000000000   0.0115997107
 -85.8047493512  -0.0000000000   0.0116527842
 -85.4120502695  -0.0000000000   0.0117063456
 -85.0193511878  -0.0000000000   0.0117604015
 -84.6266521061  -0.0000000000   0.0118149590
 -84.2339530244  -0.0000000000   0.0118700249
 -83.8412539427  -0.0000000000   0.0119256064
 -83.4485548610  -0.0000000000   0.0119817109
 -83.0558557793  -0.0000000000   0.0120383456
 -82.6631566976  -0.0000000000   0.0120955182
 -82.2704576159  -0.0000000000   0.0121532364
 -81.8777585342  -0.0000000000   0.0122115079
 -81.4850594525  -0.0000000000   0.0122703409
 -81.0923603708  -0.0000000000   0.0123297434
 -80.6996612891  -0.0000000000   0.0123897238
 -80.3069622074  -0.0000000000   0.0124502905
 -79.9142631257  -0.0000000000   0.0125114522
 -79.5215640440  -0.0000000000   0.0125732177
 -79.1288649623  -0.0000000000   0.0126355959
 -78.7361658806  -0.0000000000   0.0126985961
 -78.3434667989  -0.0000000000   0.0127622275
 -77.9507677172  -0.0000000000   0.0128264998
 -77.5580686355  -0.0000000000   0.0128914226
 -77.1653695538  -0.0000000000   0.0129570058
 -76.7726704721  -0.0000000000   0.0130232596
 -76.3799713904  -0.0000000000   0.0130901944
 -75.9872723087  -0.0000000000   0.0131578206
 -75.5945732270  -0.0000000000   0.0132261491
 -75.2018741453  -0.0000000000   0.0132951908
 -74.8091750636  -0.0000000000   0.0133649570
 -74.4164759819  -0.0000000000   0.0134354591
 -74.0237769002  -0.0000000000   0.0135067088
 -73.6310778185  -0.0000000000   0.0135787181
 -73.2383787368  -0.0000000000   0.0136514992
 -72.8456796551  -0.0000000000   0.0137250645
 -72.4529805734  -0.0000000000   0.0137994269
 -72.0602814917  -0.0000000000   0.0138745993
 -71.6675824100  -0.0000000000   0.0139505950
 -71.2748833283  -0.0000000000   0.0140274276
 -70.8821842466  -0.0000000000   0.0141051111
 -70.4894851649  -0.0000000000   0.0141836596
 -70.0967860832  -0.0000000000   0.0142630876
 -69.7040870015  -0.0000000000   0.0143434101
 -69.3113879198  -0.0000000000   0.0144246422
 -68.9186888381  -0.0000000000   0.0145067994
 -68.5259897564  -0.0000000000   0.0145898976
 -68.1332906747  -0.0000000000   0.0146739532
 -67.7405915930  -0.0000000000   0.0147589826
 -67.3478925113  -0.0000000000   0.0148450031
 -66.9551934296  -0.0000000000   0.0149320318
 -66.5624943479  -0.0000000000   0.0150200868
 -66.1697952662  -0.0000000000   0.0151091862
 -65.7770961845  -0.0000000000   0.0151993488
 -65.3843971028  -0.0000000000   0.0152905937
 -64.9916980211  -0.0000000000   0.0153829404
 -64.5989989394  -0.0000000000   0.0154764091
 -64.2062998577  -0.0000000000   0.0155710203
 -63.8136007760  -0.0000000000   0.0156667951
 -63.4209016943  -0.0000000000   0.0157637551
 -63.0282026126  -0.0000000000   0.0158619224
 -62.6355035309  -0.0000000000   0.0159613197
 -62.2428044492  -0.0000000000   0.0160619703
 -61.8501053675  -0.0000000000   0.0161638979
 -61.4574062859  -0.0000000000   0.0162671272
 -61.0647072042  -0.0000000000   0.0163716831
 -60.6720081225  -0.0000000000   0.0164775914
 -60.2793090408  -0.0000000000   0.0165848784
 -59.8866099591  -0.0000000000   0.0166935714
 -59.4939108774  -0.0000000000   0.0168036980
 -59.1012117957  -0.0000000000   0.0169152868
 -58.7085127140  -0.0000000000   0.0170283672
 -58.3158136323  -0.0000000000   0.0171429692
 -57.9231145506  -0.0000000000   0.0172591238
 -57.5304154689  -0.0000000000   0.0173768627
 -57.1377163872  -0.0000000000   0.0174962185
 -56.7450173055  -0.0000000000   0.0176172247
 -56.3523182238  -0.0000000000   0.0177399159
 -55.9596191421  -0.0000000000   0.0178643275
 -55.5669200604  -0.0000000000   0.0179904958
 -55.1742209787  -0.0000000000   0.0181184583
 -54.7815218970  -0.0000000000   0.0182482536
 -54.3888228153  -0.0000000000   0.0183799213
 -53.9961237336  -0.0000000000   0.0185135023
 -53.6034246519  -0.0000000000   0.0186490384
 -53.2107255702  -0.0000000000   0.0187865730
 -52.8180264885  -0.0000000000   0.0189261506
 -52.4253274068  -0.0000000000   0.0190678169
 -52.0326283251  -0.0000000000   0.0192116192
 -51.6399292434  -0.0000000000   0.0193576062
 -51.2472301617  -0.0000000000   0.0195058280
 -50.8545310800  -0.0000000000   0.0196563364
 -50.4618319983  -0.0000000000   0.0198091845
 -50.0691329166  -0.0000000000   0.0199644275
 -49.6764338349  -0.0000000000   0.0201221219
 -49.2837347532  -0.0000000000   0.0202823263
 -48.8910356715  -0.0000000000   0.0204451010
 -48.4983365898  -0.0000000000   0.0206105085
 -48.1056375081  -0.0000000000   0.0207786130
 -47.7129384264  -0.0000000000   0.0209494811
 -47.3202393447  -0.0000000000   0.0211231814
 -46.9275402630  -0.0000000000   0.0212997849
 -46.5348411813  -0.0000000000   0.0214793650
 -46.1421420996  -0.0000000000   0.0216619975
 -45.7494430179  -0.0000000000   0.0218477609
 -45.3567439362  -0.0000000001   0.0220367363
 -44.9640448545  -0.0000000001   0.0222290078
 -44.5713457728  -0.0000000001   0.0224246623
 -44.1786466911  -0.0000000001   0.0226237898
 -43.7859476094  -0.0000000001   0.0228264835
 -43.3932485277  -0.0000000001   0.0230328402
 -43.0005494460  -0.0000000001   0.0232429599
 -42.6078503643  -0.0000000001   0.0234569464
 -42.2151512826  -0.0000000001   0.0236749075
 -41.8224522009  -0.0000000001   0.0238969548
 -41.4297531192  -0.0000000001   0.0241232042
 -41.0370540375  -0.0000000001   0.0243537762
 -40.6443549558  -0.0000000001   0.0245887958
 -40.2516558741  -0.0000000001   0.0248283926
 -39.8589567924  -0.0000000001   0.0250727019
 -39.4662577107  -0.0000000001   0.0253218637
 -39.0735586290  -0.0000000001   0.0255760242
 -38.6808595473  -0.0000000001   0.0258353350
 -38.2881604656  -0.0000000001   0.0260999544
 -37.8954613839  -0.0000000001   0.0263700467
 -37.5027623022  -0.0000000001   0.0266457836
 -37.1100632205  -0.0000000001   0.0269273437
 -36.7173641388  -0.0000000001   0.0272149132
 -36.3246650571  -0.0000000001   0.0275086866
 -35.9319659754  -0.0000000001   0.0278088665
 -35.5392668937  -0.0000000001   0.0281156648
 -35.1465678120  -0.0000000001   0.0284293025
 -34.7538687303  -0.0000000001   0.0287500107
 -34.3611696486  -0.0000000001   0.0290780312
 -33.9684705669  -0.0000000001   0.0294136165
 -33.5757714852  -0.0000000001   0.0297570312
 -33.1830724035  -0.0000000001   0.0301085524
 -32.7903733218  -0.0000000001   0.0304684701
 -32.3976742401  -0.0000000001   0.0308370887
 -32.0049751584  -0.0000000001   0.0312147271
 -31.6122760767  -0.0000000001   0.0316017201
 -31.2195769950  -0.0000000001   0.0319984195
 -30.8268779133  -0.0000000001   0.0324051946
 -30.4341788317  -0.0000000001   0.0328224337
 -30.0414797500  -0.0000000001   0.0332505456
 -29.6487806683  -0.0000000001   0.0336899602
 -29.2560815866  -0.0000000001   0.0341411308
 -28.8633825049  -0.0000000001   0.0346045348
 -28.4706834232  -0.0000000001   0.0350806761
 -28.0779843415  -0.0000000001   0.0355700864
 -27.6852852598  -0.0000000001   0.0360733277
 -27.2925861781  -0.0000000001   0.0365909937
 -26.8998870964  -0.0000000001   0.0371237128
 -26.5071880147  -0.0000000001   0.0376721504
 -26.1144889330  -0.0000000001   0.0382370116
 -25.7217898513  -0.0000000002   0.0388190442
 -25.3290907696  -0.0000000002   0.0394190421
 -24.9363916879  -0.0000000002   0.0400378488
 -24.5436926062  -0.0000000002   0.0406763612
 -24.1509935245  -0.0000000002   0.0413355344
 -23.7582944428  -0.0000000002   0.0420163858
 -23.3655953611  -0.0000000002   0.0427200008
 -22.9728962794  -0.0000000002   0.0434475383
 -22.5801971977  -0.0000000002   0.0442002369
 -22.1874981160  -0.0000000002   0.0449794223
 -21.7947990343  -0.0000000002   0.0457865146
 -21.4020999526  -0.0000000002   0.0466230372
 -21.0094008709  -0.0000000002   0.0474906262
 -20.6167017892  -0.0000000002   0.0483910407
 -20.2240027075  -0.0000000002   0.0493261752
 -19.8313036258  -0.0000000003   0.0502980722
 -19.4386045441  -0.0000000003   0.0513089375
 -19.0459054624  -0.0000000003   0.0523611562
 -18.6532063807  -0.0000000003   0.0534573116
 -18.2605072990  -0.0000000003   0.0546002062
 -17.8678082173  -0.0000000003   0.0557928854
 -17.4751091356  -0.0000000003   0.0570386639
 -17.0824100539  -0.0000000003   0.0583411565
 -16.6897109722  -0.0000000004   0.0597043127
 -16.2970118905  -0.0000000004   0.0611324560
 -15.9043128088  -0.0000000004   0.0626303289
 -15.5116137271  -0.0000000004   0.0642031455
 -15.1189146454  -0.0000000004   0.0658566505
 -14.7262155637  -0.0000000005   0.0675971885
 -14.3335164820  -0.0000000005   0.0694317841
 -13.9408174003  -0.0000000005   0.0713682352
 -13.5481183186  -0.0000000005   0.0734152215
 -13.1554192369  -0.0000000006   0.0755824321
 -12.7627201552  -0.0000000006   0.0778807164
 -12.3700210735  -0.0000000006   0.0803222612
 -11.9773219918  -0.0000000007   0.0829208025
 -11.5846229101  -0.0000000007   0.0856918781
 -11.1919238284  -0.0000000008   0.0886531305
 -10.7992247467  -0.0000000008   0.0918246733
 -10.4065256650  -0.0000000009   0.0952295356
 -10.0138265833  -0.0000000009   0.0988942053
  -9.6211275016  -0.0000000010   0.1028492975
  -9.2284284199  -0.0000000011   0.1071303826
  -8.8357293382  -0.0000000012   0.1117790190
  -8.4430302565  -0.0000000013   0.1168440534
  -8.0503311748  -0.0000000014   0.1223832697
  -7.6576320931  -0.0000000015   0.1284655003
  -7.2649330114  -0.0000000016   0.1351733561
  -6.8722339297  -0.0000000018   0.1426067930
  -6.4795348480  -0.0000000019   0.1508878241
  -6.0868357663  -0.0000000021   0.1601668215
  -5.6941366846  -0.0000000023   0.1706310526
  -5.3014376029  -0.0000000026   0.1825164055
  -4.9087385212  -0.0000000028   0.1961237337
  -4.5160394395  -0.0000000031   0.2118419955
  -4.1233403578  -0.0000000033   0.2301815485
  -3.7306412761  -0.0000000035   0.2518228340
  -3.3379421944  -0.0000000036   0.2776886502
  -2.9452431127  -0.0000000034   0.3090526942
  -2.5525440310  -0.0000000025   0.3477030245
  -2.1598449493  -0.0000000002   0.3961835527
  -1.7671458676   0.0000000054   0.4581234381
  -1.3744467859   0.0000000185   0.5385641649
  -0.9817477042   0.0000000487   0.6437423593
  -0.5890486225   0.0000001133   0.7781363101
  -0.1963495408   0.0000002168   0.9324766663
   0.1963495408   0.0000002168  -0.9324766663
   0.5890486225   0.0000001133  -0.7781363101
   0.9817477042   0.0000000487  -0.6437423593
   1.3744467859   0.0000000185  -0.5385641649
   1.7671458676   0.0000000054  -0.4581234381
   2.1598449493  -0.0000000002  -0.3961835527
   2.5525440310  -0.0000000025  -0.3477030245
   2.9452431127  -0.0000000034  -0.3090526942
   3.3379421944  -0.0000000036  -0.2776886502
   3.7306412761  -0.0000000035  -0.2518228340
   4.1233403578  -0.0000000033  -0.2301815485
   4.5160394395  -0.0000000031  -0.2118419955
   4.9087385212  -0.0000000028  -0.1961237337
   5.3014376029  -0.0000000026  -0.1825164055
   5.6941366846  -0.0000000023  -0.1706310526
   6.0868357663  -0.0000000021  -0.1601668215
   6.4795348480  -0.0000000019  -0.1508878241
   6.8722339297  -0.0000000018  -0.1426067930
   7.2649330114  -0.0000000016  -0.1351733561
   7.6576320931  -0.0000000015  -0.1284655003
   8.0503311748  -0.0000000014  -0.1223832697
   8.4430302565  -0.0000000013  -0.1168440534
   8.8357293382  -0.0000000012  -0.1117790190
   9.2284284199  -0.0000000011  -0.1071303826
   9.6211275016  -0.0000000010  -0.1028492975
  10.0138265833  -0.0000000009  -0.0988942053
  10.4065256650  -0.0000000009  -0.0952295356
  10.7992247467  -0.0000000008  -0.0918246733
  11.1919238284  -0.0000000008  -0.0886531305
  11.5846229101  -0.0000000007  -0.0856918781
  11.9773219918  -0.0000000007  -0.0829208025
  12.3700210735  -0.0000000006  -0.0803222612
  12.7627201552  -0.0000000006  -0.0778807164
  13.1554192369  -0.0000000006  -0.0755824321
  13.5481183186  -0.0000000005  -0.0734152215
  13.9408174003  -0.0000000005  -0.0713682352
  14.3335164820  -0.0000000005  -0.0694317841
  14.7262155637  -0.0000000005  -0.0675971885
  15.1189146454  -0.0000000004  -0.0658566505
  15.5116137271  -0.0000000004  -0.0642031455
  15.9043128088  -0.0000000004  -0.0626303289
  16.2970118905  -0.0000000004  -0.0611324560
  16.6897109722  -0.0000000004  -0.0597043127
  17.0824100539  -0.0000000003  -0.0583411565
  17.4751091356  -0.0000000003  -0.0570386639
  17.8678082173  -0.0000000003  -0.0557928854
  18.2605072990  -0.0000000003  -0.0546002062
  18.6532063807  -0.0000000003  -0.0534573116
  19.0459054624  -0.0000000003  -0.0523611562
  19.4386045441  -0.0000000003  -0.0513089375
  19.8313036258  -0.0000000003  -0.0502980722
  20.2240027075  -0.0000000002  -0.0493261752
  20.6167017892  -0.0000000002  -0.0483910407
  21.0094008709  -0.0000000002  -0.0474906262
  21.4020999526  -0.0000000002  -0.0466230372
  21.7947990343  -0.0000000002  -0.0457865146
  22.1874981160  -0.0000000002  -0.0449794223
  22.5801971977  -0.0000000002  -0.0442002369
  22.9728962794  -0.0000000002  -0.0434475383
  23.3655953611  -0.0000000002  -0.0427200008
  23.7582944428  -0.0000000002  -0.0420163858
  24.1509935245  -0.0000000002  -0.0413355344
  24.5436926062  -0.0000000002  -0.0406763612
  24.9363916879  -0.0000000002  -0.0400378488
  25.3290907696  -0.0000000002  -0.0394190421
  25.7217898513  -0.0000000002  -0.0388190442
  26.1144889330  -0.0000000001  -0.0382370116
  26.5071880147  -0.0000000001  -0.0376721504
  26.8998870964  -0.0000000001  -0.0371237128
  27.2925861781  -0.0000000001  -0.0365909937
  27.6852852598  -0.0000000001  -0.0360733277
  28.0779843415  -0.0000000001  -0.0355700864
  28.4706834232  -0.0000000001  -0.0350806761
  28.8633825049  -0.0000000001  -0.0346045348
  29.2560815866  -0.0000000001  -0.0341411308
  29.6487806683  -0.0000000001  -0.0336899602
  30.0414797500  -0.0000000001  -0.0332505456
  30.4341788317  -0.0000000001  -0.0328224337
  30.8268779133  -0.0000000001  -0.0324051946
  31.2195769950  -0.0000000001  -0.0319984195
  31.6122760767  -0.0000000001  -0.0316017201
  32.0049751584  -0.0000000001  -0.0312147271
  32.3976742401  -0.0000000001  -0.0308370887
  32.7903733218  -0.0000000001  -0.0304684701
  33.1830724035  -0.0000000001  -0.0301085524
  33.5757714852  -0.0000000001  -0.0297570312
  33.9684705669  -0.0000000001  -0.0294136165
  34.3611696486  -0.0000000001  -0.0290780312
  34.7538687303  -0.0000000001  -0.0287500107
  35.1465678120  -0.0000000001  -0.0284293025
  35.5392668937  -0.0000000001  -0.0281156648
  35.9319659754  -0.0000000001  -0.0278088665
  36.3246650571  -0.0000000001  -0.0275086866
  36.7173641388  -0.0000000001  -0.0272149132
  37.1100632205  -0.0000000001  -0.0269273437
  37.5027623022  -0.0000000001  -0.0266457836
  37.8954613839  -0.0000000001  -0.0263700467
  38.2881604656  -0.0000000001  -0.0260999544
  38.6808595473  -0.0000000001  -0.0258353350
  39.0735586290  -0.0000000001  -0.0255760242
  39.4662577107  -0.0000000001  -0.0253218637
  39.8589567924  -0.0000000001  -0.0250727019
  40.2516558741  -0.0000000001  -0.0248283926
  40.6443549558  -0.0000000001  -0.0245887958
  41.0370540375  -0.0000000001  -0.0243537762
  41.4297531192  -0.0000000001  -0.0241232042
  41.8224522009  -0.0000000001  -0.0238969548
  42.2151512826  -0.0000000001  -0.0236749075
  42.6078503643  -0.0000000001  -0.0234569464
  43.0005494460  -0.0000000001  -0.0232429599
  43.3932485277  -0.0000000001  -0.0230328402
  43.7859476094  -0.0000000001  -0.0228264835
  44.1786466911  -0.0000000001  -0.0226237898
  44.5713457728  -0.0000000001  -0.0224246623
  44.9640448545  -0.0000000001  -0.0222290078
  45.3567439362  -0.0000000001  -0.0220367363
  45.7494430179  -0.0000000000  -0.0218477609
  46.1421420996  -0.0000000000  -0.0216619975
  46.5348411813  -0.0000000000  -0.0214793650
  46.9275402630  -0.0000000000  -0.0212997849
  47.3202393447  -0.0000000000  -0.0211231814
  47.7129384264  -0.0000000000  -0.0209494811
  48.1056375081  -0.0000000000  -0.0207786130
  48.4983365898  -0.0000000000  -0.0206105085
  48.8910356715  -0.0000000000  -0.0204451010
  49.2837347532  -0.0000000000  -0.0202823263
  49.6764338349  -0.0000000000  -0.0201221219
  50.0691329166  -0.0000000000  -0.0199644275
  50.4618319983  -0.0000000000  -0.0198091845
  50.8545310800  -0.0000000000  -0.0196563364
  51.2472301617  -0.0000000000  -0.0195058280
  51.6399292434  -0.0000000000  -0.0193576062
  52.0326283251  -0.0000000000  -0.0192116192
  52.4253274068  -0.0000000000  -0.0190678169
  52.8180264885  -0.0000000000  -0.0189261506
  53.2107255702  -0.0000000000  -0.0187865730
  53.6034246519  -0.0000000000  -0.0186490384
  53.9961237336  -0.0000000000  -0.0185135023
  54.3888228153  -0.0000000000  -0.0183799213
  54.7815218970  -0.0000000000  -0.0182482536
  55.1742209787  -0.0000000000  -0.0181184583
  55.5669200604  -0.0000000000  -0.0179904958
  55.9596191421  -0.0000000000  -0.0178643275
  56.3523182238  -0.0000000000  -0.0177399159
  56.7450173055  -0.0000000000  -0.0176172247
  57.1377163872  -0.0000000000  -0.0174962185
  57.5304154689  -0.0000000000  -0.0173768627
  57.9231145506  -0.0000000000  -0.0172591238
  58.3158136323  -0.0000000000  -0.0171429692
  58.7085127140  -0.0000000000  -0.0170283672
  59.1012117957  -0.0000000000  -0.0169152868
  59.4939108774  -0.0000000000  -0.0168036980
  59.8866099591  -0.0000000000  -0.0166935714
  60.2793090408  -0.0000000000  -0.0165848784
  60.6720081225  -0.0000000000  -0.0164775914
  61.0647072042  -0.0000000000  -0.0163716831
  61.4574062859  -0.0000000000  -0.0162671272
  61.8501053675  -0.0000000000  -0.0161638979
  62.2428044492  -0.0000000000  -0.0160619703
  62.6355035309  -0.0000000000  -0.0159613197
  63.0282026126  -0.0000000000  -0.0158619224
  63.4209016943  -0.0000000000  -0.0157637551
  63.8136007760  -0.0000000000  -0.0156667951
  64.2062998577  -0.0000000000  -0.0155710203
  64.5989989394  -0.0000000000  -0.0154764091
  64.9916980211  -0.0000000000  -0.0153829404
  65.3843971028  -0.0000000000  -0.0152905937
  65.7770961845  -0.0000000000  -0.0151993488
  66.1697952662  -0.0000000000  -0.0151091862
  66.5624943479  -0.0000000000  -0.0150200868
  66.9551934296  -0.0000000000  -0.0149320318
  67.3478925113  -0.0000000000  -0.0148450031
  67.7405915930  -0.0000000000  -0.0147589826
  68.1332906747  -0.0000000000  -0.0146739532
  68.5259897564  -0.0000000000  -0.0145898976
  68.9186888381  -0.0000000000  -0.0145067994
  69.3113879198  -0.0000000000  -0.0144246422
  69.7040870015  -0.0000000000  -0.0143434101
  70.0967860832  -0.0000000000  -0.0142630876
  70.4894851649  -0.0000000000  -0.0141836596
  70.8821842466  -0.0000000000  -0.0141051111
  71.2748833283  -0.0000000000  -0.0140274276
  71.6675824100  -0.0000000000  -0.0139505950
  72.0602814917  -0.0000000000  -0.0138745993
  72.4529805734  -0.0000000000  -0.0137994269
  72.8456796551  -0.0000000000  -0.0137250645
  73.2383787368  -0.0000000000  -0.0136514992
  73.6310778185  -0.0000000000  -0.0135787181
  74.0237769002  -0.0000000000  -0.0135067088
  74.4164759819  -0.0000000000  -0.0134354591
  74.8091750636  -0.0000000000  -0.0133649570
  75.2018741453  -0.0000000000  -0.0132951908
  75.5945732270  -0.0000000000  -0.0132261491
  75.9872723087  -0.0000000000  -0.0131578206
  76.3799713904  -0.0000000000  -0.0130901944
  76.7726704721  -0.0000000000  -0.0130232596
  77.1653695538  -0.0000000000  -0.0129570058
  77.5580686355  -0.0000000000  -0.0128914226
  77.9507677172  -0.0000000000  -0.0128264998
  78.3434667989  -0.0000000000  -0.0127622275
  78.7361658806  -0.0000000000  -0.0126985961
  79.1288649623  -0.0000000000  -0.0126355959
  79.5215640440  -0.0000000000  -0.0125732177
  79.9142631257  -0.0000000000  -0.0125114522
  80.3069622074  -0.0000000000  -0.0124502905
  80.6996612891  -0.0000000000  -0.0123897238
  81.0923603708  -0.0000000000  -0.0123297434
  81.4850594525  -0.0000000000  -0.0122703409
  81.8777585342  -0.0000000000  -0.0122115079
  82.2704576159  -0.0000000000  -0.0121532364
  82.6631566976  -0.0000000000  -0.0120955182
  83.0558557793  -0.0000000000  -0.0120383456
  83.4485548610  -0.0000000000  -0.0119817109
  83.8412539427  -0.0000000000  -0.0119256064
  84.2339530244  -0.0000000000  -0.0118700249
  84.6266521061  -0.0000000000  -0.0118149590
  85.0193511878  -0.0000000000  -0.0117604015
  85.4120502695  -0.0000000000  -0.0117063456
  85.8047493512  -0.0000000000  -0.0116527842
  86.1974484329  -0.0000000000  -0.0115997107
  86.5901475146  -0.0000000000  -0.0115471183
  86.9828465963  -0.0000000000  -0.0114950007
  87.3755456780  -0.0000000000  -0.0114433513
  87.7682447597  -0.0000000000  -0.0113921639
  88.1609438414  -0.0000000000  -0.0113414324
  88.5536429231  -0.0000000000  -0.0112911507
  88.9463420048  -0.0000000000  -0.0112413127
  89.3390410865  -0.0000000000  -0.0111919128
  89.7317401682  -0.0000000000  -0.0111429450
  90.1244392499  -0.0000000000  -0.0110944039
  90.5171383316  -0.0000000000  -0.0110462837
  90.9098374133  -0.0000000000  -0.0109985792
  91.3025364950  -0.0000000000  -0.0109512848
  91.6952355767  -0.0000000000  -0.0109043954
  92.0879346584  -0.0000000000  -0.0108579058
  92.4806337400  -0.0000000000  -0.0108118108
  92.8733328217  -0.0000000000  -0.0107661055
  93.2660319034  -0.0000000000  -0.0107207850
  93.6587309851  -0.0000000000  -0.0106758444
  94.0514300668  -0.0000000000  -0.0106312789
  94.4441291485  -0.0000000000  -0.0105870839
  94.8368282302  -0.0000000000  -0.0105432549
  95.2295273119  -0.0000000000  -0.0104997871
  95.6222263936  -0.0000000000  -0.0104566763
  96.0149254753  -0.0000000000  -0.0104139180
  96.4076245570  -0.0000000000  -0.0103715079
  96.8003236387  -0.0000000000  -0.0103294418
  97.1930227204  -0.0000000000  -0.0102877156
  97.5857218021  -0.0000000000  -0.0102463250
  97.9784208838  -0.0000000000  -0.0102052661
  98.3711199655  -0.0000000000  -0.0101645350
  98.7638190472  -0.0000000000  -0.0101241276
  99.1565181289  -0.0000000000  -0.0100840403
  99.5492172106  -0.0000000000  -0.0100442690
  99.9419162923  -0.0000000000  -0.0100048103
 100.3346153740  -0.0000000000  -0.0099656603
 100.7273144557  -0.0000000000  -0.0099268155
 101.1200135374  -0.0000000000  -0.0098882723
 101.5127126191  -0.0000000000  -0.0098500272
 101.9054117008  -0.0000000000  -0.0098120768
 102.2981107825  -0.0000000000  -0.0097744177
 102.6908098642  -0.0000000000  -0.0097370466
 103.0835089459  -0.0000000000  -0.0096999600
 103.4762080276  -0.0000000000  -0.0096631549
 103.8689071093  -0.0000000000  -0.0096266280
 104.2616061910  -0.0000000000  -0.0095903762
 104.6543052727  -0.0000000000  -0.0095543964
 105.0470043544  -0.0000000000  -0.0095186855
 105.4397034361  -0.0000000000  -0.0094832406
 105.8324025178  -0.0000000000  -0.0094480586
 106.2251015995  -0.0000000000  -0.0094131367
 106.6178006812  -0.0000000000  -0.0093784719
 107.0104997629  -0.0000000000  -0.0093440615
 107.4031988446  -0.0000000000  -0.0093099027
 107.7958979263  -0.0000000000  -0.0092759927
 108.1885970080  -0.0000000000  -0.0092423288
 108.5812960897  -0.0000000000  -0.0092089083
 108.9739951714  -0.0000000000  -0.0091757287
 109.3666942531  -0.0000000000  -0.0091427872
 109.7593933348  -0.0000000000  -0.0091100814
 110.1520924165  -0.0000000000  -0.0090776088
 110.5447914982  -0.0000000000  -0.0090453668
 110.9374905799  -0.0000000000  -0.0090133530
 111.3301896616  -0.0000000000  -0.0089815650
 111.7228887433  -0.0000000000  -0.0089500004
 112.1155878250  -0.0000000000  -0.0089186569
 112.5082869067  -0.0000000000  -0.0088875321
 112.9009859884  -0.0000000000  -0.0088566238
 113.2936850701  -0.0000000000  -0.0088259298
 113.6863841518  -0.0000000000  -0.0087954477
 114.0790832335  -0.0000000000  -0.0087651754
 114.4717823152  -0.0000000000  -0.0087351108
 114.8644813969  -0.0000000000  -0.0087052517
 115.2571804786  -0.0000000000  -0.0086755960
 115.6498795603  -0.0000000000  -0.0086461417
 116.0425786420  -0.0000000000  -0.0086168867
 116.4352777237  -0.0000000000  -0.0085878290
 116.8279768054  -0.0000000000  -0.0085589666
 117.2206758871  -0.0000000000  -0.0085302975
 117.6133749688  -0.0000000000  -0.0085018198
 118.0060740505  -0.0000000000  -0.0084735316
 118.3987731322  -0.0000000000  -0.0084454311
 118.7914722139  -0.0000000000  -0.0084175163
 119.1841712956  -0.0000000000  -0.0083897854
 119.5768703773  -0.0000000000  -0.0083622366
 119.9695694590  -0.0000000000  -0.0083348681
 120.3622685407  -0.0000000000  -0.0083076781
 120.7549676224  -0.0000000000  -0.0082806650
 121.1476667041  -0.0000000000  -0.0082538270
 121.5403657858  -0.0000000000  -0.0082271623
 121.9330648675  -0.0000000000  -0.0082006694
 122.3257639492  -0.0000000000  -0.0081743465
 122.7184630309  -0.0000000000  -0.0081481921
 123.1111621125  -0.0000000000  -0.0081222045
 123.5038611942  -0.0000000000  -0.0080963821
 123.8965602759  -0.0000000000  -0.0080707234
 124.2892593576  -0.0000000000  -0.0080452268
 124.6819584393  -0.0000000000  -0.0080198907
 125.0746575210  -0.0000000000  -0.0079947138
 125.4673566027  -0.0000000000  -0.0079696944
 125.8600556844  -0.0000000000  -0.0079448311
 126.2527547661  -0.0000000000  -0.0079201224
 126.6454538478  -0.0000000000  -0.0078955670
 127.0381529295  -0.0000000000  -0.0078711633
 127.4308520112  -0.0000000000  -0.0078469100
 127.8235510929  -0.0000000000  -0.0078228057
 128.2162501746  -0.0000000000  -0.0077988490
 128.6089492563  -0.0000000000  -0.0077750386
 129.0016483380  -0.0000000000  -0.0077513732
 129.3943474197  -0.0000000000  -0.0077278514
 129.7870465014  -0.0000000000  -0.0077044718
 130.1797455831  -0.0000000000  -0.0076812333
 130.5724446648  -0.0000000000  -0.0076581346
 130.9651437465  -0.0000000000  -0.0076351743
 131.3578428282  -0.0000000000  -0.0076123514
 131.7505419099  -0.0000000000  -0.0075896644
 132.1432409916  -0.0000000000  -0.0075671123
 132.5359400733  -0.0000000000  -0.0075446938
 132.9286391550  -0.0000000000  -0.0075224077
 133.3213382367  -0.0000000000  -0.0075002529
 133.7140373184  -0.0000000000  -0.0074782282
 134.1067364001  -0.0000000000  -0.0074563324
 134.4994354818  -0.0000000000  -0.0074345645
 134.8921345635  -0.0000000000  -0.0074129233
 135.2848336452  -0.0000000000  -0.0073914078
 135.6775327269  -0.0000000000  -0.0073700167
 136.0702318086  -0.0000000000  -0.0073487491
 136.4629308903  -0.0000000000  -0.0073276039
 136.8556299720  -0.0000000000  -0.0073065800
 137.2483290537  -0.0000000000  -0.0072856765
 137.6410281354  -0.0000000000  -0.0072648921
 138.0337272171  -0.0000000000  -0.0072442261
 138.4264262988  -0.0000000000  -0.0072236772
 138.8191253805  -0.0000000000  -0.0072032446
 139.2118244622  -0.0000000000  -0.0071829272
 139.6045235439  -0.0000000000  -0.0071627242
 139.9972226256  -0.0000000000  -0.0071426344
 140.3899217073  -0.0000000000  -0.0071226571
 140.7826207890  -0.0000000000  -0.0071027911
 141.1753198707  -0.0000000000  -0.0070830357
 141.5680189524  -0.0000000000  -0.0070633899
 141.9607180341  -0.0000000000  -0.0070438527
 142.3534171158  -0.0000000000  -0.0070244233
 142.7461161975  -0.0000000000  -0.0070051008
 143.1388152792  -0.0000000000  -0.0069858843
 143.5315143609  -0.0000000000  -0.0069667729
 143.9242134426  -0.0000000000  -0.0069477658
 144.3169125243  -0.0000000000  -0.0069288621
 144.7096116060  -0.0000000000  -0.0069100611
 145.1023106877  -0.0000000000  -0.0068913617
 145.4950097694  -0.0000000000  -0.0068727633
 145.8877088511  -0.0000000000  -0.0068542650
 146.2804079328  -0.0000000000  -0.0068358660
 146.6731070145  -0.0000000000  -0.0068175656
 147.0658060962  -0.0000000000  -0.0067993628
 147.4585051779  -0.0000000000  -0.0067812570
 147.8512042596  -0.0000000000  -0.0067632473
 148.2439033413  -0.0000000000  -0.0067453331
 148.6366024230  -0.0000000000  -0.0067275134
 149.0293015047  -0.0000000000  -0.0067097877
 149.4220005864  -0.0000000000  -0.0066921552
 149.8146996681  -0.0000000000  -0.0066746151
 150.2073987498  -0.0000000000  -0.0066571666
 150.6000978315  -0.0000000000  -0.0066398092
 150.9927969132  -0.0000000000  -0.0066225420
 151.3854959949  -0.0000000000  -0.0066053644
 151.7781950766  -0.0000000000  -0.0065882757
 152.1708941583  -0.0000000000  -0.0065712752
 152.5635932400  -0.0000000000  -0.0065543622
 152.9562923217  -0.0000000000  -0.0065375360
 153.3489914034  -0.0000000000  -0.0065207959
 153.7416904851  -0.0000000000  -0.0065041414
 154.1343895667  -0.0000000000  -0.0064875718
 154.5270886484  -0.0000000000  -0.0064710863
 154.9197877301  -0.0000000000  -0.0064546844
 155.3124868118  -0.0000000000  -0.0064383654
 155.7051858935  -0.0000000000  -0.0064221288
 156.0978849752  -0.0000000000  -0.0064059738
 156.4905840569  -0.0000000000  -0.0063898999
 156.8832831386  -0.0000000000  -0.0063739065
 157.2759822203  -0.0000000000  -0.0063579929
 157.6686813020  -0.0000000000  -0.0063421586
 158.0613803837  -0.0000000000  -0.0063264029
 158.4540794654  -0.0000000000  -0.0063107253
 158.8467785471  -0.0000000000  -0.0062951253
 159.2394776288  -0.0000000000  -0.0062796022
 159.6321767105  -0.0000000000  -0.0062641554
 160.0248757922  -0.0000000000  -0.0062487844
 160.4175748739  -0.0000000000  -0.0062334887
 160.8102739556  -0.0000000000  -0.0062182677
 161.2029730373  -0.0000000000  -0.0062031208
 161.5956721190  -0.0000000000  -0.0061880476
 161.9883712007  -0.0000000000  -0.0061730474
 162.3810702824  -0.0000000000  -0.0061581198
 162.7737693641  -0.0000000000  -0.0061432641
 163.1664684458  -0.0000000000  -0.0061284800
 163.5591675275  -0.0000000000  -0.0061137669
 163.9518666092  -0.0000000000  -0.0060991242
 164.3445656909  -0.0000000000  -0.0060845515
 164.7372647726  -0.0000000000  -0.0060700483
 165.1299638543  -0.0000000000  -0.0060556141
 165.5226629360  -0.0000000000  -0.0060412483
 165.9153620177  -0.0000000000  -0.0060269505
 166.3080610994  -0.0000000000  -0.0060127203
 166.7007601811  -0.0000000000  -0.0059985570
 167.0934592628  -0.0000000000  -0.0059844604
 167.4861583445  -0.0000000000  -0.0059704298
 167.8788574262  -0.0000000000  -0.0059564649
 168.2715565079  -0.0000000000  -0.0059425651
 168.6642555896  -0.0000000000  -0.0059287301
 169.0569546713  -0.0000000000  -0.0059149593
 169.4496537530  -0.0000000000  -0.0059012524
 169.8423528347  -0.0000000000  -0.0058876088
 170.2350519164  -0.0000000000  -0.0058740282
 170.6277509981  -0.0000000000  -0.0058605101
 171.0204500798  -0.0000000000  -0.0058470540
 171.4131491615  -0.0000000000  -0.0058336596
 171.8058482432  -0.0000000000  -0.0058203265
 172.1985473249  -0.0000000000  -0.0058070541
 172.5912464066  -0.0000000000  -0.0057938421
 172.9839454883  -0.0000000000  -0.0057806901
 173.3766445700  -0.0000000000  -0.0057675977
 173.7693436517  -0.0000000000  -0.0057545644
 174.1620427334  -0.0000000000  -0.0057415900
 174.5547418151  -0.0000000000  -0.0057286738
 174.9474408968  -0.0000000000  -0.0057158157
 175.3401399785  -0.0000000000  -0.0057030152
 175.7328390602  -0.0000000000  -0.0056902718
 176.1255381419  -0.0000000000  -0.0056775853
 176.5182372236  -0.0000000000  -0.0056649552
 176.9109363053  -0.0000000000  -0.0056523812
 177.3036353870  -0.0000000000  -0.0056398629
 177.6963344687  -0.0000000000  -0.0056273999
 178.0890335504  -0.0000000000  -0.0056149919
 178.4817326321  -0.0000000000  -0.0056026384
 178.8744317138  -0.0000000000  -0.0055903392
 179.2671307955  -0.0000000000  -0.0055780939
 179.6598298772  -0.0000000000  -0.0055659021
 180.0525289589  -0.0000000000  -0.0055537635
 180.4452280406  -0.0000000000  -0.0055416777
 180.8379271223  -0.0000000000  -0.0055296444
 181.2306262040  -0.0000000000  -0.0055176632
 181.6233252857  -0.0000000000  -0.0055057338
 182.0160243674  -0.0000000000  -0.0054938559
 182.4087234491  -0.0000000000  -0.0054820292
 182.8014225308  -0.0000000000  -0.0054702533
 183.1941216125  -0.0000000000  -0.0054585278
 183.5868206942  -0.0000000000  -0.0054468525
 183.9795197759  -0.0000000000  -0.0054352270
 184.3722188576  -0.0000000000  -0.0054236511
 184.7649179392  -0.0000000000  -0.0054121243
 185.1576170209  -0.0000000000  -0.0054006465
 185.5503161026  -0.0000000000  -0.0053892172
 185.9430151843  -0.0000000000  -0.0053778362
 186.3357142660  -0.0000000000  -0.0053665032
 186.7284133477  -0.0000000000  -0.0053552178
 187.1211124294  -0.0000000000  -0.0053439798
 187.5138115111  -0.0000000000  -0.0053327888
 187.9065105928  -0.0000000000  -0.0053216447
 188.2992096745  -0.0000000000  -0.0053105470
 188.6919087562  -0.0000000000  -0.0052994955
 189.0846078379  -0.0000000000  -0.0052884899
 189.4773069196  -0.0000000000  -0.0052775299
 189.8700060013  -0.0000000000  -0.0052666152
 190.2627050830  -0.0000000000  -0.0052557456
 190.6554041647  -0.0000000000  -0.0052449208
 191.0481032464  -0.0000000000  -0.0052341404
 191.4408023281  -0.0000000000  -0.0052234043
 191.8335014098  -0.0000000000  -0.0052127122
 192.2262004915  -0.0000000000  -0.0052020637
 192.6188995732  -0.0000000000  -0.0051914586
 193.0115986549  -0.0000000000  -0.0051808967
 193.4042977366  -0.0000000000  -0.0051703777
 193.7969968183  -0.0000000000  -0.0051599013
 194.1896959000  -0.0000000000  -0.0051494673
 194.5823949817  -0.0000000000  -0.0051390754
 194.9750940634  -0.0000000000  -0.0051287253
 195.3677931451  -0.0000000000  -0.0051184168
 195.7604922268  -0.0000000000  -0.0051081497
 196.1531913085  -0.0000000000  -0.0050979237
 196.5458903902  -0.0000000000  -0.0050877386
 196.9385894719  -0.0000000000  -0.0050775941
 197.3312885536  -0.0000000000  -0.0050674899
 197.7239876353  -0.0000000000  -0.0050574259
 198.1166867170  -0.0000000000  -0.0050474018
 198.5093857987  -0.0000000000  -0.0050374174
 198.9020848804  -0.0000000000  -0.0050274723
 199.2947839621  -0.0000000000  -0.0050175665
 199.6874830438  -0.0000000000  -0.0050076996
 200.0801821255  -0.0000000000  -0.0049978714
 200.4728812072  -0.0000000000  -0.0049880817
 200.8655802889  -0.0000000000  -0.0049783304
