   0.0000000000   0.0000000000
   0.0250000000  -0.0001317678
   0.0500000000  -0.0005257701
   0.0750000000  -0.0011781066
   0.1000000000  -0.0020823353
   0.1250000000  -0.0032295602
   0.1500000000  -0.0046085510
   0.1750000000  -0.0062058937
   0.2000000000  -0.0080061696
   0.2250000000  -0.0099921590
   0.2500000000  -0.0121450665
   0.2750000000  -0.0144447646
   0.3000000000  -0.0168700506
   0.3250000000  -0.0193989132
   0.3500000000  -0.0220088050
   0.3750000000  -0.0246769157
   0.4000000000  -0.0273804422
   0.4250000000  -0.0300968522
   0.4500000000  -0.0328041366
   0.4750000000  -0.0354810473
   0.5000000000  -0.0381073182
   0.5250000000  -0.0406638658
   0.5500000000  -0.0431329670
   0.5750000000  -0.0454984132
   0.6000000000  -0.0477456378
   0.6250000000  -0.0498618183
   0.6500000000  -0.0518359502
   0.6750000000  -0.0536588949
   0.7000000000  -0.0553234008
   0.7250000000  -0.0568240985
   0.7500000000  -0.0581574724
   0.7750000000  -0.0593218094
   0.8000000000  -0.0603171263
   0.8250000000  -0.0611450794
   0.8500000000  -0.0618088571
   0.8750000000  -0.0623130591
   0.9000000000  -0.0626635637
   0.9250000000  -0.0628673867
   0.9500000000  -0.0629325340
   0.9750000000  -0.0628678503
   1.0000000000  -0.0626828662
   1.0250000000  -0.0623876468
   1.0500000000  -0.0619926427
   1.0750000000  -0.0615085461
   1.1000000000  -0.0609461535
   1.1250000000  -0.0603162369
   1.1500000000  -0.0596294233
   1.1750000000  -0.0588960861
   1.2000000000  -0.0581262460
   1.2250000000  -0.0573294852
   1.2500000000  -0.0565148728
   1.2750000000  -0.0556909023
   1.3000000000  -0.0548654420
   1.3250000000  -0.0540456966
   1.3500000000  -0.0532381808
   1.3750000000  -0.0524487033
   1.4000000000  -0.0516823617
   1.4250000000  -0.0509435463
   1.4500000000  -0.0502359532
   1.4750000000  -0.0495626045
   1.5000000000  -0.0489258756
   1.5250000000  -0.0483275285
   1.5500000000  -0.0477687496
   1.5750000000  -0.0472501914
   1.6000000000  -0.0467720175
   1.6250000000  -0.0463339492
   1.6500000000  -0.0459353137
   1.6750000000  -0.0455750923
   1.7000000000  -0.0452519688
   1.7250000000  -0.0449643766
   1.7500000000  -0.0447105442
   1.7750000000  -0.0444885392
   1.8000000000  -0.0442963090
   1.8250000000  -0.0441317199
   1.8500000000  -0.0439925921
   1.8750000000  -0.0438767320
   1.9000000000  -0.0437819611
   1.9250000000  -0.0437061415
   1.9500000000  -0.0436471980
   1.9750000000  -0.0436031366
   2.0000000000  -0.0435720600
   2.0250000000  -0.0435521802
   2.0500000000  -0.0435418275
   2.0750000000  -0.0435394574
   2.1000000000  -0.0435436546
   2.1250000000  -0.0435531344
   2.1500000000  -0.0435667433
   2.1750000000  -0.0435834559
   2.2000000000  -0.0436023719
   2.2250000000  -0.0436227110
   2.2500000000  -0.0436438068
   2.2750000000  -0.0436650995
   2.3000000000  -0.0436861292
   2.3250000000  -0.0437065271
   2.3500000000  -0.0437260075
   2.3750000000  -0.0437443598
   2.4000000000  -0.0437614394
   2.4250000000  -0.0437771603
   2.4500000000  -0.0437914869
   2.4750000000  -0.0438044263
   2.5000000000  -0.0438160215
   2.5250000000  -0.0438263448
   2.5500000000  -0.0438354916
   2.5750000000  -0.0438435749
   2.6000000000  -0.0438507202
   2.6250000000  -0.0438570617
   2.6500000000  -0.0438627376
   2.6750000000  -0.0438678874
   2.7000000000  -0.0438726491
   2.7250000000  -0.0438771563
   2.7500000000  -0.0438815371
   2.7750000000  -0.0438859121
   2.8000000000  -0.0438903933
   2.8250000000  -0.0438950837
   2.8500000000  -0.0439000764
   2.8750000000  -0.0439054546
   2.9000000000  -0.0439112913
   2.9250000000  -0.0439176498
   2.9500000000  -0.0439245837
   2.9750000000  -0.0439321371
   3.0000000000  -0.0439403458
   3.0250000000  -0.0439492368
   3.0500000000  -0.0439588298
   3.0750000000  -0.0439691371
   3.1000000000  -0.0439801646
   3.1250000000  -0.0439919122
   3.1500000000  -0.0440043745
   3.1750000000  -0.0440175410
   3.2000000000  -0.0440313973
   3.2250000000  -0.0440459246
   3.2500000000  -0.0440611012
   3.2750000000  -0.0440769019
   3.3000000000  -0.0440932993
   3.3250000000  -0.0441102636
   3.3500000000  -0.0441277629
   3.3750000000  -0.0441457637
   3.4000000000  -0.0441642312
   3.4250000000  -0.0441831292
   3.4500000000  -0.0442024208
   3.4750000000  -0.0442220680
   3.5000000000  -0.0442420326
   3.5250000000  -0.0442622756
   3.5500000000  -0.0442827581
   3.5750000000  -0.0443034408
   3.6000000000  -0.0443242845
   3.6250000000  -0.0443452503
   3.6500000000  -0.0443662994
   3.6750000000  -0.0443873935
   3.7000000000  -0.0444084947
   3.7250000000  -0.0444295659
   3.7500000000  -0.0444505707
   3.7750000000  -0.0444714732
   3.8000000000  -0.0444922389
   3.8250000000  -0.0445128340
   3.8500000000  -0.0445332258
   3.8750000000  -0.0445533829
   3.9000000000  -0.0445732749
   3.9250000000  -0.0445928730
   3.9500000000  -0.0446121495
   3.9750000000  -0.0446310783
   4.0000000000  -0.0446496346
   4.0250000000  -0.0446677952
   4.0500000000  -0.0446855383
   4.0750000000  -0.0447028440
   4.1000000000  -0.0447196935
   4.1250000000  -0.0447360701
   4.1500000000  -0.0447519583
   4.1750000000  -0.0447673446
   4.2000000000  -0.0447822167
   4.2250000000  -0.0447965644
   4.2500000000  -0.0448103787
   4.2750000000  -0.0448236524
   4.3000000000  -0.0448363798
   4.3250000000  -0.0448485568
   4.3500000000  -0.0448601809
   4.3750000000  -0.0448712507
   4.4000000000  -0.0448817667
   4.4250000000  -0.0448917305
   4.4500000000  -0.0449011451
   4.4750000000  -0.0449100148
   4.5000000000  -0.0449183452
   4.5250000000  -0.0449261429
   4.5500000000  -0.0449334157
   4.5750000000  -0.0449401724
   4.6000000000  -0.0449464227
   4.6250000000  -0.0449521774
   4.6500000000  -0.0449574479
   4.6750000000  -0.0449622463
   4.7000000000  -0.0449665855
   4.7250000000  -0.0449704789
   4.7500000000  -0.0449739404
   4.7750000000  -0.0449769845
   4.8000000000  -0.0449796258
   4.8250000000  -0.0449818793
   4.8500000000  -0.0449837602
   4.8750000000  -0.0449852839
   4.9000000000  -0.0449864658
   4.9250000000  -0.0449873215
   4.9500000000  -0.0449878663
   4.9750000000  -0.0449881156
   5.0000000000  -0.0449880847
