   0.0000000000  -0.8447842552
   0.0250000000  -0.8446521322
   0.0500000000  -0.8442576472
   0.0750000000  -0.8436045255
   0.1000000000  -0.8426992144
   0.1250000000  -0.8415506181
   0.1500000000  -0.8401699773
   0.1750000000  -0.8385707195
   0.2000000000  -0.8367682798
   0.2250000000  -0.8347798977
   0.2500000000  -0.8326243918
   0.2750000000  -0.8303219170
   0.3000000000  -0.8278937070
   0.3250000000  -0.8253618083
   0.3500000000  -0.8227488073
   0.3750000000  -0.8200775575
   0.4000000000  -0.8173709087
   0.4250000000  -0.8146514433
   0.4500000000  -0.8119412236
   0.4750000000  -0.8092615528
   0.5000000000  -0.8066327538
   0.5250000000  -0.8040739677
   0.5500000000  -0.8016029747
   0.5750000000  -0.7992360392
   0.6000000000  -0.7969877811
   0.6250000000  -0.7948710728
   0.6500000000  -0.7928969634
   0.6750000000  -0.7910746307
   0.7000000000  -0.7894113580
   0.7250000000  -0.7879125385
   0.7500000000  -0.7865817023
   0.7750000000  -0.7854205679
   0.8000000000  -0.7844291126
   0.8250000000  -0.7836056641
   0.8500000000  -0.7829470065
   0.8750000000  -0.7824485022
   0.9000000000  -0.7821042237
   0.9250000000  -0.7819070961
   0.9500000000  -0.7818490448
   0.9750000000  -0.7819211481
   1.0000000000  -0.7821137907
   1.0250000000  -0.7824168168
   1.0500000000  -0.7828196808
   1.0750000000  -0.7833115921
   1.1000000000  -0.7838816547
   1.1250000000  -0.7845189979
   1.1500000000  -0.7852128979
   1.1750000000  -0.7859528888
   1.2000000000  -0.7867288629
   1.2250000000  -0.7875311584
   1.2500000000  -0.7883506357
   1.2750000000  -0.7891787406
   1.3000000000  -0.7900075553
   1.3250000000  -0.7908298381
   1.3500000000  -0.7916390499
   1.3750000000  -0.7924293711
   1.4000000000  -0.7931957067
   1.4250000000  -0.7939336825
   1.4500000000  -0.7946396316
   1.4750000000  -0.7953105742
   1.5000000000  -0.7959441890
   1.5250000000  -0.7965387791
   1.5500000000  -0.7970932337
   1.5750000000  -0.7976069841
   1.6000000000  -0.7980799584
   1.6250000000  -0.7985125326
   1.6500000000  -0.7989054814
   1.6750000000  -0.7992599279
   1.7000000000  -0.7995772943
   1.7250000000  -0.7998592525
   1.7500000000  -0.8001076777
   1.7750000000  -0.8003246025
   1.8000000000  -0.8005121747
   1.8250000000  -0.8006726176
   1.8500000000  -0.8008081934
   1.8750000000  -0.8009211696
   1.9000000000  -0.8010137900
   1.9250000000  -0.8010882481
   1.9500000000  -0.8011466645
   1.9750000000  -0.8011910680
   2.0000000000  -0.8012233800
   2.0250000000  -0.8012454019
   2.0500000000  -0.8012588061
   2.0750000000  -0.8012651295
   2.1000000000  -0.8012657701
   2.1250000000  -0.8012619851
   2.1500000000  -0.8012548925
   2.1750000000  -0.8012454736
   2.2000000000  -0.8012345773
   2.2250000000  -0.8012229261
   2.2500000000  -0.8012111232
   2.2750000000  -0.8011996600
   2.3000000000  -0.8011889247
   2.3250000000  -0.8011792115
   2.3500000000  -0.8011707294
   2.3750000000  -0.8011636116
   2.4000000000  -0.8011579250
   2.4250000000  -0.8011536787
   2.4500000000  -0.8011508328
   2.4750000000  -0.8011493068
   2.5000000000  -0.8011489872
   2.5250000000  -0.8011497345
   2.5500000000  -0.8011513902
   2.5750000000  -0.8011537821
   2.6000000000  -0.8011567302
   2.6250000000  -0.8011600511
   2.6500000000  -0.8011635620
   2.6750000000  -0.8011670842
   2.7000000000  -0.8011704460
   2.7250000000  -0.8011734849
   2.7500000000  -0.8011760496
   2.7750000000  -0.8011780012
   2.8000000000  -0.8011792142
   2.8250000000  -0.8011795773
   2.8500000000  -0.8011789932
   2.8750000000  -0.8011773790
   2.9000000000  -0.8011746658
   2.9250000000  -0.8011707982
   2.9500000000  -0.8011657338
   2.9750000000  -0.8011594426
   3.0000000000  -0.8011519059
   3.0250000000  -0.8011431158
   3.0500000000  -0.8011330738
   3.0750000000  -0.8011217907
   3.1000000000  -0.8011092848
   3.1250000000  -0.8010955817
   3.1500000000  -0.8010807131
   3.1750000000  -0.8010647162
   3.2000000000  -0.8010476328
   3.2250000000  -0.8010295085
   3.2500000000  -0.8010103923
   3.2750000000  -0.8009903361
   3.3000000000  -0.8009693934
   3.3250000000  -0.8009476199
   3.3500000000  -0.8009250722
   3.3750000000  -0.8009018078
   3.4000000000  -0.8008778845
   3.4250000000  -0.8008533607
   3.4500000000  -0.8008282941
   3.4750000000  -0.8008027425
   3.5000000000  -0.8007767628
   3.5250000000  -0.8007504115
   3.5500000000  -0.8007237439
   3.5750000000  -0.8006968144
   3.6000000000  -0.8006696761
   3.6250000000  -0.8006423809
   3.6500000000  -0.8006149794
   3.6750000000  -0.8005875206
   3.7000000000  -0.8005600521
   3.7250000000  -0.8005326198
   3.7500000000  -0.8005052681
   3.7750000000  -0.8004780397
   3.8000000000  -0.8004509753
   3.8250000000  -0.8004241144
   3.8500000000  -0.8003974941
   3.8750000000  -0.8003711502
   3.9000000000  -0.8003451164
   3.9250000000  -0.8003194246
   3.9500000000  -0.8002941052
   3.9750000000  -0.8002691862
   4.0000000000  -0.8002446943
   4.0250000000  -0.8002206540
   4.0500000000  -0.8001970883
   4.0750000000  -0.8001740181
   4.1000000000  -0.8001514627
   4.1250000000  -0.8001294396
   4.1500000000  -0.8001079646
   4.1750000000  -0.8000870517
   4.2000000000  -0.8000667132
   4.2250000000  -0.8000469598
   4.2500000000  -0.8000278005
   4.2750000000  -0.8000092429
   4.3000000000  -0.7999912927
   4.3250000000  -0.7999739544
   4.3500000000  -0.7999572308
   4.3750000000  -0.7999411234
   4.4000000000  -0.7999256323
   4.4250000000  -0.7999107561
   4.4500000000  -0.7998964924
   4.4750000000  -0.7998828374
   4.5000000000  -0.7998697859
   4.5250000000  -0.7998573321
   4.5500000000  -0.7998454686
   4.5750000000  -0.7998341873
   4.6000000000  -0.7998234791
   4.6250000000  -0.7998133341
   4.6500000000  -0.7998037415
   4.6750000000  -0.7997946896
   4.7000000000  -0.7997861664
   4.7250000000  -0.7997781590
   4.7500000000  -0.7997706541
   4.7750000000  -0.7997636377
   4.8000000000  -0.7997570957
   4.8250000000  -0.7997510135
   4.8500000000  -0.7997453761
   4.8750000000  -0.7997401685
   4.9000000000  -0.7997353753
   4.9250000000  -0.7997309811
   4.9500000000  -0.7997269704
   4.9750000000  -0.7997233277
   5.0000000000  -0.7997200376
