   0.0000000000  -0.8447837376
   0.0250000000  -0.8446517932
   0.0500000000  -0.8442573086
   0.0750000000  -0.8436041874
   0.1000000000  -0.8426988770
   0.1250000000  -0.8415502817
   0.1500000000  -0.8401696421
   0.1750000000  -0.8385703857
   0.2000000000  -0.8367679476
   0.2250000000  -0.8347795673
   0.2500000000  -0.8326240634
   0.2750000000  -0.8303215908
   0.3000000000  -0.8278933832
   0.3250000000  -0.8253614870
   0.3500000000  -0.8227484887
   0.3750000000  -0.8200772418
   0.4000000000  -0.8173705959
   0.4250000000  -0.8146511337
   0.4500000000  -0.8119409172
   0.4750000000  -0.8092612498
   0.5000000000  -0.8066324543
   0.5250000000  -0.8040736717
   0.5500000000  -0.8016026823
   0.5750000000  -0.7992357505
   0.6000000000  -0.7969874962
   0.6250000000  -0.7948707917
   0.6500000000  -0.7928966862
   0.6750000000  -0.7910743573
   0.7000000000  -0.7894110886
   0.7250000000  -0.7879122730
   0.7500000000  -0.7865814408
   0.7750000000  -0.7854203102
   0.8000000000  -0.7844288589
   0.8250000000  -0.7836054143
   0.8500000000  -0.7829467606
   0.8750000000  -0.7824482601
   0.9000000000  -0.7821039855
   0.9250000000  -0.7819068617
   0.9500000000  -0.7818488142
   0.9750000000  -0.7819209212
   1.0000000000  -0.7821135675
   1.0250000000  -0.7824165972
   1.0500000000  -0.7828194648
   1.0750000000  -0.7833113796
   1.1000000000  -0.7838814457
   1.1250000000  -0.7845187923
   1.1500000000  -0.7852126956
   1.1750000000  -0.7859526898
   1.2000000000  -0.7867286671
   1.2250000000  -0.7875309658
   1.2500000000  -0.7883504462
   1.2750000000  -0.7891785541
   1.3000000000  -0.7900073718
   1.3250000000  -0.7908296575
   1.3500000000  -0.7916388722
   1.3750000000  -0.7924291962
   1.4000000000  -0.7931955345
   1.4250000000  -0.7939335129
   1.4500000000  -0.7946394647
   1.4750000000  -0.7953104099
   1.5000000000  -0.7959440271
   1.5250000000  -0.7965386197
   1.5500000000  -0.7970930767
   1.5750000000  -0.7976068295
   1.6000000000  -0.7980798060
   1.6250000000  -0.7985123825
   1.6500000000  -0.7989053334
   1.6750000000  -0.7992597821
   1.7000000000  -0.7995771506
   1.7250000000  -0.7998591109
   1.7500000000  -0.8001075381
   1.7750000000  -0.8003244648
   1.8000000000  -0.8005120390
   1.8250000000  -0.8006724838
   1.8500000000  -0.8008080614
   1.8750000000  -0.8009210394
   1.9000000000  -0.8010136616
   1.9250000000  -0.8010881215
   1.9500000000  -0.8011465396
   1.9750000000  -0.8011909448
   2.0000000000  -0.8012232584
   2.0250000000  -0.8012452818
   2.0500000000  -0.8012586876
   2.0750000000  -0.8012650126
   2.1000000000  -0.8012656547
   2.1250000000  -0.8012618712
   2.1500000000  -0.8012547801
   2.1750000000  -0.8012453626
   2.2000000000  -0.8012344677
   2.2250000000  -0.8012228179
   2.2500000000  -0.8012110164
   2.2750000000  -0.8011995545
   2.3000000000  -0.8011888205
   2.3250000000  -0.8011791086
   2.3500000000  -0.8011706277
   2.3750000000  -0.8011635112
   2.4000000000  -0.8011578258
   2.4250000000  -0.8011535806
   2.4500000000  -0.8011507359
   2.4750000000  -0.8011492111
   2.5000000000  -0.8011488926
   2.5250000000  -0.8011496410
   2.5500000000  -0.8011512978
   2.5750000000  -0.8011536908
   2.6000000000  -0.8011566400
   2.6250000000  -0.8011599619
   2.6500000000  -0.8011634738
   2.6750000000  -0.8011669970
   2.7000000000  -0.8011703597
   2.7250000000  -0.8011733996
   2.7500000000  -0.8011759652
   2.7750000000  -0.8011779177
   2.8000000000  -0.8011791317
   2.8250000000  -0.8011794957
   2.8500000000  -0.8011789125
   2.8750000000  -0.8011772992
   2.9000000000  -0.8011745868
   2.9250000000  -0.8011707200
   2.9500000000  -0.8011656565
   2.9750000000  -0.8011593661
   3.0000000000  -0.8011518302
   3.0250000000  -0.8011430408
   3.0500000000  -0.8011329997
   3.0750000000  -0.8011217173
   3.1000000000  -0.8011092121
   3.1250000000  -0.8010955098
   3.1500000000  -0.8010806420
   3.1750000000  -0.8010646458
   3.2000000000  -0.8010475631
   3.2250000000  -0.8010294395
   3.2500000000  -0.8010103240
   3.2750000000  -0.8009902684
   3.3000000000  -0.8009693265
   3.3250000000  -0.8009475536
   3.3500000000  -0.8009250066
   3.3750000000  -0.8009017428
   3.4000000000  -0.8008778202
   3.4250000000  -0.8008532970
   3.4500000000  -0.8008282311
   3.4750000000  -0.8008026800
   3.5000000000  -0.8007767010
   3.5250000000  -0.8007503503
   3.5500000000  -0.8007236833
   3.5750000000  -0.8006967544
   3.6000000000  -0.8006696167
   3.6250000000  -0.8006423221
   3.6500000000  -0.8006149211
   3.6750000000  -0.8005874629
   3.7000000000  -0.8005599950
   3.7250000000  -0.8005325632
   3.7500000000  -0.8005052121
   3.7750000000  -0.8004779842
   3.8000000000  -0.8004509204
   3.8250000000  -0.8004240600
   3.8500000000  -0.8003974402
   3.8750000000  -0.8003710968
   3.9000000000  -0.8003450636
   3.9250000000  -0.8003193724
   3.9500000000  -0.8002940534
   3.9750000000  -0.8002691349
   4.0000000000  -0.8002446435
   4.0250000000  -0.8002206037
   4.0500000000  -0.8001970385
   4.0750000000  -0.8001739688
   4.1000000000  -0.8001514139
   4.1250000000  -0.8001293913
   4.1500000000  -0.8001079168
   4.1750000000  -0.8000870043
   4.2000000000  -0.8000666663
   4.2250000000  -0.8000469134
   4.2500000000  -0.8000277546
   4.2750000000  -0.8000091974
   4.3000000000  -0.7999912477
   4.3250000000  -0.7999739098
   4.3500000000  -0.7999571866
   4.3750000000  -0.7999410797
   4.4000000000  -0.7999255890
   4.4250000000  -0.7999107133
   4.4500000000  -0.7998964500
   4.4750000000  -0.7998827954
   4.5000000000  -0.7998697444
   4.5250000000  -0.7998572909
   4.5500000000  -0.7998454279
   4.5750000000  -0.7998341470
   4.6000000000  -0.7998234393
   4.6250000000  -0.7998132946
   4.6500000000  -0.7998037024
   4.6750000000  -0.7997946510
   4.7000000000  -0.7997861281
   4.7250000000  -0.7997781211
   4.7500000000  -0.7997706166
   4.7750000000  -0.7997636006
   4.8000000000  -0.7997570590
   4.8250000000  -0.7997509771
   4.8500000000  -0.7997453401
   4.8750000000  -0.7997401328
   4.9000000000  -0.7997353400
   4.9250000000  -0.7997309462
   4.9500000000  -0.7997269358
   4.9750000000  -0.7997232935
   5.0000000000  -0.7997200037
