   0.0000000000  -0.8447837376
   0.0250000000  -0.8447835610
   0.0500000000  -0.8447830787
   0.0750000000  -0.8447822939
   0.1000000000  -0.8447812123
   0.1250000000  -0.8447798419
   0.1500000000  -0.8447781931
   0.1750000000  -0.8447762794
   0.2000000000  -0.8447741172
   0.2250000000  -0.8447717262
   0.2500000000  -0.8447691300
   0.2750000000  -0.8447663555
   0.3000000000  -0.8447634338
   0.3250000000  -0.8447604002
   0.3500000000  -0.8447572937
   0.3750000000  -0.8447541574
   0.4000000000  -0.8447510381
   0.4250000000  -0.8447479859
   0.4500000000  -0.8447450538
   0.4750000000  -0.8447422970
   0.5000000000  -0.8447397725
   0.5250000000  -0.8447375375
   0.5500000000  -0.8447356493
   0.5750000000  -0.8447341637
   0.6000000000  -0.8447331340
   0.6250000000  -0.8447326099
   0.6500000000  -0.8447326364
   0.6750000000  -0.8447332522
   0.7000000000  -0.8447344893
   0.7250000000  -0.8447363714
   0.7500000000  -0.8447389132
   0.7750000000  -0.8447421196
   0.8000000000  -0.8447459852
   0.8250000000  -0.8447504937
   0.8500000000  -0.8447556177
   0.8750000000  -0.8447613192
   0.9000000000  -0.8447675492
   0.9250000000  -0.8447742484
   0.9500000000  -0.8447813482
   0.9750000000  -0.8447887715
   1.0000000000  -0.8447964337
   1.0250000000  -0.8448042441
   1.0500000000  -0.8448121075
   1.0750000000  -0.8448199256
   1.1000000000  -0.8448275992
   1.1250000000  -0.8448350292
   1.1500000000  -0.8448421189
   1.1750000000  -0.8448487759
   1.2000000000  -0.8448549131
   1.2250000000  -0.8448604510
   1.2500000000  -0.8448653190
   1.2750000000  -0.8448694564
   1.3000000000  -0.8448728138
   1.3250000000  -0.8448753541
   1.3500000000  -0.8448770530
   1.3750000000  -0.8448778995
   1.4000000000  -0.8448778962
   1.4250000000  -0.8448770592
   1.4500000000  -0.8448754179
   1.4750000000  -0.8448730143
   1.5000000000  -0.8448699027
   1.5250000000  -0.8448661483
   1.5500000000  -0.8448618263
   1.5750000000  -0.8448570209
   1.6000000000  -0.8448518236
   1.6250000000  -0.8448463317
   1.6500000000  -0.8448406471
   1.6750000000  -0.8448348744
   1.7000000000  -0.8448291194
   1.7250000000  -0.8448234875
   1.7500000000  -0.8448180823
   1.7750000000  -0.8448130040
   1.8000000000  -0.8448083480
   1.8250000000  -0.8448042037
   1.8500000000  -0.8448006534
   1.8750000000  -0.8447977714
   1.9000000000  -0.8447956227
   1.9250000000  -0.8447942630
   1.9500000000  -0.8447937376
   1.9750000000  -0.8447940813
   2.0000000000  -0.8447953184
   2.0250000000  -0.8447974621
   2.0500000000  -0.8448005152
   2.0750000000  -0.8448044701
   2.1000000000  -0.8448093093
   2.1250000000  -0.8448150056
   2.1500000000  -0.8448215234
   2.1750000000  -0.8448288185
   2.2000000000  -0.8448368396
   2.2250000000  -0.8448455290
   2.2500000000  -0.8448548231
   2.2750000000  -0.8448646540
   2.3000000000  -0.8448749497
   2.3250000000  -0.8448856356
   2.3500000000  -0.8448966352
   2.3750000000  -0.8449078709
   2.4000000000  -0.8449192652
   2.4250000000  -0.8449307410
   2.4500000000  -0.8449422228
   2.4750000000  -0.8449536373
   2.5000000000  -0.8449649141
   2.5250000000  -0.8449759859
   2.5500000000  -0.8449867894
   2.5750000000  -0.8449972656
   2.6000000000  -0.8450073602
   2.6250000000  -0.8450170236
   2.6500000000  -0.8450262114
   2.6750000000  -0.8450348844
   2.7000000000  -0.8450430088
   2.7250000000  -0.8450505559
   2.7500000000  -0.8450575023
   2.7750000000  -0.8450638298
   2.8000000000  -0.8450695250
   2.8250000000  -0.8450745794
   2.8500000000  -0.8450789889
   2.8750000000  -0.8450827538
   2.9000000000  -0.8450858781
   2.9250000000  -0.8450883699
   2.9500000000  -0.8450902402
   2.9750000000  -0.8450915032
   3.0000000000  -0.8450921760
   3.0250000000  -0.8450922776
   3.0500000000  -0.8450918294
   3.0750000000  -0.8450908543
   3.1000000000  -0.8450893767
   3.1250000000  -0.8450874220
   3.1500000000  -0.8450850164
   3.1750000000  -0.8450821868
   3.2000000000  -0.8450789603
   3.2250000000  -0.8450753641
   3.2500000000  -0.8450714252
   3.2750000000  -0.8450671704
   3.3000000000  -0.8450626258
   3.3250000000  -0.8450578172
   3.3500000000  -0.8450527695
   3.3750000000  -0.8450475065
   3.4000000000  -0.8450420514
   3.4250000000  -0.8450364262
   3.4500000000  -0.8450306518
   3.4750000000  -0.8450247481
   3.5000000000  -0.8450187336
   3.5250000000  -0.8450126260
   3.5500000000  -0.8450064414
   3.5750000000  -0.8450001952
   3.6000000000  -0.8449939012
   3.6250000000  -0.8449875724
   3.6500000000  -0.8449812205
   3.6750000000  -0.8449748564
   3.7000000000  -0.8449684897
   3.7250000000  -0.8449621292
   3.7500000000  -0.8449557828
   3.7750000000  -0.8449494574
   3.8000000000  -0.8449431593
   3.8250000000  -0.8449368940
   3.8500000000  -0.8449306661
   3.8750000000  -0.8449244797
   3.9000000000  -0.8449183385
   3.9250000000  -0.8449122454
   3.9500000000  -0.8449062029
   3.9750000000  -0.8449002132
   4.0000000000  -0.8448942781
   4.0250000000  -0.8448883989
   4.0500000000  -0.8448825768
   4.0750000000  -0.8448768127
   4.1000000000  -0.8448711074
   4.1250000000  -0.8448654614
   4.1500000000  -0.8448598751
   4.1750000000  -0.8448543489
   4.2000000000  -0.8448488830
   4.2250000000  -0.8448434777
   4.2500000000  -0.8448381333
   4.2750000000  -0.8448328498
   4.3000000000  -0.8448276275
   4.3250000000  -0.8448224666
   4.3500000000  -0.8448173675
   4.3750000000  -0.8448123304
   4.4000000000  -0.8448073557
   4.4250000000  -0.8448024438
   4.4500000000  -0.8447975951
   4.4750000000  -0.8447928102
   4.5000000000  -0.8447880896
   4.5250000000  -0.8447834338
   4.5500000000  -0.8447788435
   4.5750000000  -0.8447743194
   4.6000000000  -0.8447698620
   4.6250000000  -0.8447654721
   4.6500000000  -0.8447611503
   4.6750000000  -0.8447568972
   4.7000000000  -0.8447527136
   4.7250000000  -0.8447486000
   4.7500000000  -0.8447445570
   4.7750000000  -0.8447405851
   4.8000000000  -0.8447366847
   4.8250000000  -0.8447328564
   4.8500000000  -0.8447291003
   4.8750000000  -0.8447254167
   4.9000000000  -0.8447218058
   4.9250000000  -0.8447182676
   4.9500000000  -0.8447148021
   4.9750000000  -0.8447114091
   5.0000000000  -0.8447080884
