-200.8655802889   0.0000000000   0.0049783304
-200.4728812072  -0.0000000000   0.0049880817
-200.0801821255   0.0000000000   0.0049978714
-199.6874830438   0.0000000000   0.0050076996
-199.2947839621  -0.0000000000   0.0050175665
-198.9020848804  -0.0000000000   0.0050274723
-198.5093857987  -0.0000000000   0.0050374174
-198.1166867170   0.0000000000   0.0050474018
-197.7239876353  -0.0000000000   0.0050574259
-197.3312885536   0.0000000000   0.0050674899
-196.9385894719   0.0000000000   0.0050775941
-196.5458903902   0.0000000000   0.0050877386
-196.1531913085   0.0000000000   0.0050979237
-195.7604922268  -0.0000000000   0.0051081497
-195.3677931451  -0.0000000000   0.0051184168
-194.9750940634  -0.0000000000   0.0051287253
-194.5823949817   0.0000000000   0.0051390754
-194.1896959000  -0.0000000000   0.0051494673
-193.7969968183  -0.0000000000   0.0051599013
-193.4042977366  -0.0000000000   0.0051703777
-193.0115986549   0.0000000000   0.0051808967
-192.6188995732   0.0000000000   0.0051914586
-192.2262004915   0.0000000000   0.0052020637
-191.8335014098  -0.0000000000   0.0052127122
-191.4408023281  -0.0000000000   0.0052234043
-191.0481032464   0.0000000000   0.0052341404
-190.6554041647  -0.0000000000   0.0052449208
-190.2627050830   0.0000000000   0.0052557456
-189.8700060013  -0.0000000000   0.0052666152
-189.4773069196   0.0000000000   0.0052775299
-189.0846078379  -0.0000000000   0.0052884899
-188.6919087562   0.0000000000   0.0052994955
-188.2992096745   0.0000000000   0.0053105470
-187.9065105928   0.0000000000   0.0053216447
-187.5138115111  -0.0000000000   0.0053327888
-187.1211124294  -0.0000000000   0.0053439798
-186.7284133477   0.0000000000   0.0053552178
-186.3357142660   0.0000000000   0.0053665032
-185.9430151843  -0.0000000000   0.0053778362
-185.5503161026   0.0000000000   0.0053892172
-185.1576170209  -0.0000000000   0.0054006465
-184.7649179392   0.0000000000   0.0054121243
-184.3722188576   0.0000000000   0.0054236511
-183.9795197759  -0.0000000000   0.0054352270
-183.5868206942   0.0000000000   0.0054468525
-183.1941216125   0.0000000000   0.0054585278
-182.8014225308  -0.0000000000   0.0054702533
-182.4087234491   0.0000000000   0.0054820292
-182.0160243674   0.0000000000   0.0054938559
-181.6233252857   0.0000000000   0.0055057338
-181.2306262040  -0.0000000000   0.0055176632
-180.8379271223   0.0000000000   0.0055296444
-180.4452280406   0.0000000000   0.0055416777
-180.0525289589   0.0000000000   0.0055537635
-179.6598298772  -0.0000000000   0.0055659021
-179.2671307955   0.0000000000   0.0055780939
-178.8744317138  -0.0000000000   0.0055903392
-178.4817326321   0.0000000000   0.0056026384
-178.0890335504   0.0000000000   0.0056149918
-177.6963344687   0.0000000000   0.0056273999
-177.3036353870  -0.0000000000   0.0056398629
-176.9109363053   0.0000000000   0.0056523812
-176.5182372236  -0.0000000000   0.0056649552
-176.1255381419  -0.0000000000   0.0056775853
-175.7328390602  -0.0000000000   0.0056902718
-175.3401399785   0.0000000000   0.0057030152
-174.9474408968  -0.0000000000   0.0057158157
-174.5547418151  -0.0000000000   0.0057286738
-174.1620427334  -0.0000000000   0.0057415899
-173.7693436517   0.0000000000   0.0057545644
-173.3766445700  -0.0000000000   0.0057675977
-172.9839454883   0.0000000000   0.0057806901
-172.5912464066  -0.0000000000   0.0057938421
-172.1985473249   0.0000000000   0.0058070541
-171.8058482432   0.0000000000   0.0058203265
-171.4131491615   0.0000000000   0.0058336596
-171.0204500798   0.0000000000   0.0058470540
-170.6277509981   0.0000000000   0.0058605101
-170.2350519164   0.0000000000   0.0058740282
-169.8423528347  -0.0000000000   0.0058876088
-169.4496537530  -0.0000000000   0.0059012524
-169.0569546713   0.0000000000   0.0059149593
-168.6642555896  -0.0000000000   0.0059287301
-168.2715565079   0.0000000000   0.0059425651
-167.8788574262  -0.0000000000   0.0059564649
-167.4861583445  -0.0000000000   0.0059704298
-167.0934592628  -0.0000000000   0.0059844604
-166.7007601811   0.0000000000   0.0059985570
-166.3080610994  -0.0000000000   0.0060127203
-165.9153620177   0.0000000000   0.0060269505
-165.5226629360  -0.0000000000   0.0060412483
-165.1299638543  -0.0000000000   0.0060556141
-164.7372647726   0.0000000000   0.0060700483
-164.3445656909   0.0000000000   0.0060845515
-163.9518666092   0.0000000000   0.0060991242
-163.5591675275   0.0000000000   0.0061137669
-163.1664684458   0.0000000000   0.0061284800
-162.7737693641  -0.0000000000   0.0061432641
-162.3810702824  -0.0000000000   0.0061581198
-161.9883712007  -0.0000000000   0.0061730474
-161.5956721190   0.0000000000   0.0061880476
-161.2029730373   0.0000000000   0.0062031208
-160.8102739556   0.0000000000   0.0062182677
-160.4175748739   0.0000000000   0.0062334887
-160.0248757922   0.0000000000   0.0062487844
-159.6321767105  -0.0000000000   0.0062641554
-159.2394776288   0.0000000000   0.0062796022
-158.8467785471  -0.0000000000   0.0062951253
-158.4540794654  -0.0000000000   0.0063107253
-158.0613803837  -0.0000000000   0.0063264029
-157.6686813020  -0.0000000000   0.0063421586
-157.2759822203   0.0000000000   0.0063579929
-156.8832831386   0.0000000000   0.0063739065
-156.4905840569   0.0000000000   0.0063898999
-156.0978849752  -0.0000000000   0.0064059738
-155.7051858935  -0.0000000000   0.0064221288
-155.3124868118  -0.0000000000   0.0064383654
-154.9197877301  -0.0000000000   0.0064546844
-154.5270886484   0.0000000000   0.0064710863
-154.1343895667   0.0000000000   0.0064875717
-153.7416904851  -0.0000000000   0.0065041414
-153.3489914034   0.0000000000   0.0065207959
-152.9562923217  -0.0000000000   0.0065375360
-152.5635932400  -0.0000000000   0.0065543621
-152.1708941583   0.0000000000   0.0065712752
-151.7781950766  -0.0000000000   0.0065882757
-151.3854959949  -0.0000000000   0.0066053644
-150.9927969132   0.0000000000   0.0066225420
-150.6000978315   0.0000000000   0.0066398092
-150.2073987498  -0.0000000000   0.0066571666
-149.8146996681   0.0000000000   0.0066746151
-149.4220005864  -0.0000000000   0.0066921552
-149.0293015047  -0.0000000000   0.0067097877
-148.6366024230  -0.0000000000   0.0067275134
-148.2439033413   0.0000000000   0.0067453330
-147.8512042596  -0.0000000000   0.0067632473
-147.4585051779   0.0000000000   0.0067812570
-147.0658060962  -0.0000000000   0.0067993628
-146.6731070145   0.0000000000   0.0068175655
-146.2804079328  -0.0000000000   0.0068358660
-145.8877088511  -0.0000000000   0.0068542650
-145.4950097694   0.0000000000   0.0068727633
-145.1023106877   0.0000000000   0.0068913617
-144.7096116060  -0.0000000000   0.0069100611
-144.3169125243   0.0000000000   0.0069288621
-143.9242134426   0.0000000000   0.0069477658
-143.5315143609   0.0000000000   0.0069667729
-143.1388152792  -0.0000000000   0.0069858843
-142.7461161975  -0.0000000000   0.0070051008
-142.3534171158  -0.0000000000   0.0070244233
-141.9607180341   0.0000000000   0.0070438527
-141.5680189524  -0.0000000000   0.0070633899
-141.1753198707  -0.0000000000   0.0070830357
-140.7826207890   0.0000000000   0.0071027911
-140.3899217073  -0.0000000000   0.0071226571
-139.9972226256   0.0000000000   0.0071426344
-139.6045235439  -0.0000000000   0.0071627242
-139.2118244622   0.0000000000   0.0071829272
-138.8191253805   0.0000000000   0.0072032446
-138.4264262988  -0.0000000000   0.0072236772
-138.0337272171  -0.0000000000   0.0072442260
-137.6410281354  -0.0000000000   0.0072648921
-137.2483290537   0.0000000000   0.0072856765
-136.8556299720  -0.0000000000   0.0073065800
-136.4629308903   0.0000000000   0.0073276039
-136.0702318086   0.0000000000   0.0073487491
-135.6775327269   0.0000000000   0.0073700167
-135.2848336452   0.0000000000   0.0073914077
-134.8921345635   0.0000000000   0.0074129233
-134.4994354818  -0.0000000000   0.0074345645
-134.1067364001  -0.0000000000   0.0074563324
-133.7140373184   0.0000000000   0.0074782281
-133.3213382367   0.0000000000   0.0075002528
-132.9286391550   0.0000000000   0.0075224077
-132.5359400733   0.0000000000   0.0075446937
-132.1432409916   0.0000000000   0.0075671123
-131.7505419099  -0.0000000000   0.0075896644
-131.3578428282   0.0000000000   0.0076123513
-130.9651437465   0.0000000000   0.0076351743
-130.5724446648  -0.0000000000   0.0076581346
-130.1797455831  -0.0000000000   0.0076812333
-129.7870465014   0.0000000000   0.0077044718
-129.3943474197  -0.0000000000   0.0077278513
-129.0016483380  -0.0000000000   0.0077513732
-128.6089492563   0.0000000000   0.0077750386
-128.2162501746   0.0000000000   0.0077988490
-127.8235510929  -0.0000000000   0.0078228057
-127.4308520112   0.0000000000   0.0078469100
-127.0381529295   0.0000000000   0.0078711633
-126.6454538478   0.0000000000   0.0078955670
-126.2527547661   0.0000000000   0.0079201224
-125.8600556844   0.0000000000   0.0079448311
-125.4673566027  -0.0000000000   0.0079696944
-125.0746575210   0.0000000000   0.0079947138
-124.6819584393   0.0000000000   0.0080198907
-124.2892593576  -0.0000000000   0.0080452268
-123.8965602759   0.0000000000   0.0080707234
-123.5038611942  -0.0000000000   0.0080963821
-123.1111621125   0.0000000000   0.0081222045
-122.7184630309   0.0000000000   0.0081481921
-122.3257639492  -0.0000000000   0.0081743465
-121.9330648675   0.0000000000   0.0082006694
-121.5403657858   0.0000000000   0.0082271623
-121.1476667041  -0.0000000000   0.0082538269
-120.7549676224   0.0000000000   0.0082806650
-120.3622685407   0.0000000000   0.0083076781
-119.9695694590  -0.0000000000   0.0083348680
-119.5768703773  -0.0000000000   0.0083622365
-119.1841712956  -0.0000000000   0.0083897853
-118.7914722139   0.0000000000   0.0084175162
-118.3987731322  -0.0000000000   0.0084454310
-118.0060740505  -0.0000000000   0.0084735316
-117.6133749688   0.0000000000   0.0085018198
-117.2206758871  -0.0000000000   0.0085302975
-116.8279768054   0.0000000000   0.0085589665
-116.4352777237   0.0000000000   0.0085878290
-116.0425786420  -0.0000000000   0.0086168867
-115.6498795603   0.0000000000   0.0086461417
-115.2571804786  -0.0000000000   0.0086755960
-114.8644813969  -0.0000000000   0.0087052517
-114.4717823152  -0.0000000000   0.0087351108
-114.0790832335  -0.0000000000   0.0087651754
-113.6863841518  -0.0000000000   0.0087954476
-113.2936850701   0.0000000000   0.0088259297
-112.9009859884   0.0000000000   0.0088566238
-112.5082869067  -0.0000000000   0.0088875321
-112.1155878250   0.0000000000   0.0089186569
-111.7228887433  -0.0000000000   0.0089500004
-111.3301896616  -0.0000000000   0.0089815650
-110.9374905799  -0.0000000000   0.0090133530
-110.5447914982   0.0000000000   0.0090453667
-110.1520924165  -0.0000000000   0.0090776087
-109.7593933348   0.0000000000   0.0091100814
-109.3666942531   0.0000000000   0.0091427872
-108.9739951714   0.0000000000   0.0091757286
-108.5812960897   0.0000000000   0.0092089083
-108.1885970080  -0.0000000000   0.0092423287
-107.7958979263   0.0000000000   0.0092759926
-107.4031988446   0.0000000000   0.0093099027
-107.0104997629  -0.0000000000   0.0093440615
-106.6178006812  -0.0000000000   0.0093784719
-106.2251015995  -0.0000000000   0.0094131366
-105.8324025178  -0.0000000000   0.0094480585
-105.4397034361   0.0000000000   0.0094832405
-105.0470043544  -0.0000000000   0.0095186855
-104.6543052727   0.0000000000   0.0095543964
-104.2616061910  -0.0000000000   0.0095903762
-103.8689071093  -0.0000000000   0.0096266280
-103.4762080276  -0.0000000000   0.0096631549
-103.0835089459   0.0000000000   0.0096999600
-102.6908098642   0.0000000000   0.0097370465
-102.2981107825  -0.0000000000   0.0097744177
-101.9054117008   0.0000000000   0.0098120768
-101.5127126191   0.0000000000   0.0098500272
-101.1200135374  -0.0000000000   0.0098882722
-100.7273144557  -0.0000000000   0.0099268154
-100.3346153740  -0.0000000000   0.0099656602
 -99.9419162923  -0.0000000000   0.0100048102
 -99.5492172106  -0.0000000000   0.0100442690
 -99.1565181289  -0.0000000000   0.0100840402
 -98.7638190472  -0.0000000000   0.0101241276
 -98.3711199655  -0.0000000000   0.0101645349
 -97.9784208838  -0.0000000000   0.0102052661
 -97.5857218021  -0.0000000000   0.0102463249
 -97.1930227204  -0.0000000000   0.0102877155
 -96.8003236387  -0.0000000000   0.0103294417
 -96.4076245570   0.0000000000   0.0103715078
 -96.0149254753  -0.0000000000   0.0104139179
 -95.6222263936   0.0000000000   0.0104566762
 -95.2295273119  -0.0000000000   0.0104997870
 -94.8368282302   0.0000000000   0.0105432548
 -94.4441291485   0.0000000000   0.0105870838
 -94.0514300668   0.0000000000   0.0106312788
 -93.6587309851   0.0000000000   0.0106758443
 -93.2660319034  -0.0000000000   0.0107207849
 -92.8733328217   0.0000000000   0.0107661054
 -92.4806337400  -0.0000000000   0.0108118107
 -92.0879346584   0.0000000000   0.0108579056
 -91.6952355767   0.0000000000   0.0109043953
 -91.3025364950   0.0000000000   0.0109512847
 -90.9098374133  -0.0000000000   0.0109985790
 -90.5171383316  -0.0000000000   0.0110462836
 -90.1244392499  -0.0000000000   0.0110944037
 -89.7317401682   0.0000000000   0.0111429449
 -89.3390410865  -0.0000000000   0.0111919126
 -88.9463420048   0.0000000000   0.0112413126
 -88.5536429231  -0.0000000000   0.0112911505
 -88.1609438414   0.0000000000   0.0113414323
 -87.7682447597  -0.0000000000   0.0113921638
 -87.3755456780   0.0000000000   0.0114433511
 -86.9828465963  -0.0000000000   0.0114950005
 -86.5901475146  -0.0000000000   0.0115471182
 -86.1974484329  -0.0000000000   0.0115997105
 -85.8047493512  -0.0000000000   0.0116527840
 -85.4120502695   0.0000000000   0.0117063454
 -85.0193511878   0.0000000000   0.0117604014
 -84.6266521061  -0.0000000000   0.0118149588
 -84.2339530244  -0.0000000000   0.0118700247
 -83.8412539427   0.0000000000   0.0119256062
 -83.4485548610  -0.0000000000   0.0119817107
 -83.0558557793  -0.0000000000   0.0120383454
 -82.6631566976  -0.0000000000   0.0120955180
 -82.2704576159  -0.0000000000   0.0121532361
 -81.8777585342   0.0000000000   0.0122115077
 -81.4850594525  -0.0000000000   0.0122703407
 -81.0923603708   0.0000000000   0.0123297432
 -80.6996612891  -0.0000000000   0.0123897236
 -80.3069622074   0.0000000000   0.0124502903
 -79.9142631257  -0.0000000000   0.0125114520
 -79.5215640440   0.0000000000   0.0125732174
 -79.1288649623   0.0000000000   0.0126355956
 -78.7361658806   0.0000000000   0.0126985958
 -78.3434667989   0.0000000000   0.0127622272
 -77.9507677172   0.0000000000   0.0128264995
 -77.5580686355  -0.0000000000   0.0128914222
 -77.1653695538   0.0000000000   0.0129570055
 -76.7726704721   0.0000000000   0.0130232593
 -76.3799713904   0.0000000000   0.0130901940
 -75.9872723087   0.0000000000   0.0131578203
 -75.5945732270  -0.0000000000   0.0132261487
 -75.2018741453   0.0000000000   0.0132951904
 -74.8091750636  -0.0000000000   0.0133649566
 -74.4164759819   0.0000000000   0.0134354587
 -74.0237769002   0.0000000000   0.0135067084
 -73.6310778185  -0.0000000000   0.0135787177
 -73.2383787368   0.0000000000   0.0136514988
 -72.8456796551  -0.0000000000   0.0137250641
 -72.4529805734   0.0000000000   0.0137994264
 -72.0602814917  -0.0000000000   0.0138745988
 -71.6675824100   0.0000000000   0.0139505945
 -71.2748833283   0.0000000000   0.0140274271
 -70.8821842466   0.0000000000   0.0141051106
 -70.4894851649  -0.0000000000   0.0141836590
 -70.0967860832   0.0000000000   0.0142630871
 -69.7040870015  -0.0000000000   0.0143434095
 -69.3113879198   0.0000000000   0.0144246416
 -68.9186888381  -0.0000000000   0.0145067988
 -68.5259897564  -0.0000000000   0.0145898970
 -68.1332906747  -0.0000000000   0.0146739526
 -67.7405915930  -0.0000000000   0.0147589820
 -67.3478925113  -0.0000000000   0.0148450024
 -66.9551934296   0.0000000000   0.0149320312
 -66.5624943479  -0.0000000000   0.0150200861
 -66.1697952662  -0.0000000000   0.0151091855
 -65.7770961845  -0.0000000000   0.0151993481
 -65.3843971028  -0.0000000000   0.0152905929
 -64.9916980211   0.0000000000   0.0153829396
 -64.5989989394   0.0000000000   0.0154764083
 -64.2062998577   0.0000000000   0.0155710194
 -63.8136007760  -0.0000000000   0.0156667942
 -63.4209016943  -0.0000000000   0.0157637542
 -63.0282026126  -0.0000000000   0.0158619215
 -62.6355035309   0.0000000000   0.0159613187
 -62.2428044492   0.0000000000   0.0160619693
 -61.8501053675   0.0000000000   0.0161638969
 -61.4574062859  -0.0000000000   0.0162671261
 -61.0647072042   0.0000000000   0.0163716820
 -60.6720081225  -0.0000000000   0.0164775902
 -60.2793090408   0.0000000000   0.0165848773
 -59.8866099591  -0.0000000000   0.0166935702
 -59.4939108774  -0.0000000000   0.0168036967
 -59.1012117957  -0.0000000000   0.0169152855
 -58.7085127140   0.0000000000   0.0170283659
 -58.3158136323   0.0000000000   0.0171429679
 -57.9231145506   0.0000000000   0.0172591224
 -57.5304154689  -0.0000000000   0.0173768612
 -57.1377163872   0.0000000000   0.0174962170
 -56.7450173055   0.0000000000   0.0176172232
 -56.3523182238  -0.0000000000   0.0177399143
 -55.9596191421  -0.0000000000   0.0178643258
 -55.5669200604   0.0000000000   0.0179904940
 -55.1742209787  -0.0000000000   0.0181184565
 -54.7815218970  -0.0000000000   0.0182482517
 -54.3888228153  -0.0000000000   0.0183799194
 -53.9961237336  -0.0000000000   0.0185135003
 -53.6034246519   0.0000000000   0.0186490363
 -53.2107255702   0.0000000000   0.0187865708
 -52.8180264885   0.0000000000   0.0189261483
 -52.4253274068  -0.0000000000   0.0190678145
 -52.0326283251   0.0000000000   0.0192116167
 -51.6399292434  -0.0000000000   0.0193576037
 -51.2472301617   0.0000000000   0.0195058254
 -50.8545310800   0.0000000000   0.0196563336
 -50.4618319983   0.0000000000   0.0198091816
 -50.0691329166   0.0000000000   0.0199644245
 -49.6764338349  -0.0000000000   0.0201221187
 -49.2837347532   0.0000000000   0.0202823230
 -48.8910356715   0.0000000000   0.0204450976
 -48.4983365898   0.0000000000   0.0206105050
 -48.1056375081   0.0000000000   0.0207786094
 -47.7129384264  -0.0000000000   0.0209494773
 -47.3202393447   0.0000000000   0.0211231774
 -46.9275402630  -0.0000000000   0.0212997808
 -46.5348411813   0.0000000000   0.0214793607
 -46.1421420996  -0.0000000000   0.0216619930
 -45.7494430179  -0.0000000000   0.0218477562
 -45.3567439362   0.0000000000   0.0220367314
 -44.9640448545  -0.0000000000   0.0222290026
 -44.5713457728   0.0000000000   0.0224246569
 -44.1786466911  -0.0000000000   0.0226237841
 -43.7859476094   0.0000000000   0.0228264776
 -43.3932485277  -0.0000000000   0.0230328340
 -43.0005494460  -0.0000000000   0.0232429534
 -42.6078503643  -0.0000000000   0.0234569396
 -42.2151512826   0.0000000000   0.0236749003
 -41.8224522009   0.0000000000   0.0238969473
 -41.4297531192  -0.0000000000   0.0241231964
 -41.0370540375  -0.0000000000   0.0243537680
 -40.6443549558  -0.0000000000   0.0245887871
 -40.2516558741   0.0000000000   0.0248283836
 -39.8589567924  -0.0000000000   0.0250726923
 -39.4662577107   0.0000000000   0.0253218537
 -39.0735586290  -0.0000000000   0.0255760136
 -38.6808595473   0.0000000000   0.0258353239
 -38.2881604656   0.0000000000   0.0260999427
 -37.8954613839   0.0000000000   0.0263700344
 -37.5027623022  -0.0000000000   0.0266457706
 -37.1100632205  -0.0000000000   0.0269273300
 -36.7173641388   0.0000000000   0.0272148988
 -36.3246650571  -0.0000000000   0.0275086714
 -35.9319659754  -0.0000000000   0.0278088504
 -35.5392668937   0.0000000000   0.0281156478
 -35.1465678120  -0.0000000000   0.0284292845
 -34.7538687303   0.0000000000   0.0287499917
 -34.3611696486   0.0000000000   0.0290780110
 -33.9684705669   0.0000000000   0.0294135951
 -33.5757714852   0.0000000000   0.0297570086
 -33.1830724035   0.0000000000   0.0301085284
 -32.7903733218  -0.0000000000   0.0304684446
 -32.3976742401   0.0000000000   0.0308370616
 -32.0049751584  -0.0000000000   0.0312146983
 -31.6122760767   0.0000000000   0.0316016895
 -31.2195769950  -0.0000000000   0.0319983869
 -30.8268779133  -0.0000000000   0.0324051598
 -30.4341788317  -0.0000000000   0.0328223967
 -30.0414797500   0.0000000000   0.0332505060
 -29.6487806683  -0.0000000000   0.0336899180
 -29.2560815866   0.0000000000   0.0341410856
 -28.8633825049  -0.0000000000   0.0346044865
 -28.4706834232  -0.0000000000   0.0350806243
 -28.0779843415  -0.0000000000   0.0355700310
 -27.6852852598  -0.0000000000   0.0360732682
 -27.2925861781  -0.0000000000   0.0365909298
 -26.8998870964   0.0000000000   0.0371236441
 -26.5071880147   0.0000000000   0.0376720765
 -26.1144889330  -0.0000000000   0.0382369320
 -25.7217898513   0.0000000000   0.0388189583
 -25.3290907696   0.0000000000   0.0394189494
 -24.9363916879   0.0000000000   0.0400377485
 -24.5436926062  -0.0000000000   0.0406762527
 -24.1509935245   0.0000000000   0.0413354168
 -23.7582944428   0.0000000000   0.0420162582
 -23.3655953611  -0.0000000000   0.0427198622
 -22.9728962794  -0.0000000000   0.0434473874
 -22.5801971977  -0.0000000000   0.0442000725
 -22.1874981160  -0.0000000000   0.0449792429
 -21.7947990343  -0.0000000000   0.0457863186
 -21.4020999526  -0.0000000000   0.0466228227
 -21.0094008709   0.0000000000   0.0474903910
 -20.6167017892  -0.0000000000   0.0483907825
 -20.2240027075   0.0000000000   0.0493258912
 -19.8313036258  -0.0000000000   0.0502977593
 -19.4386045441   0.0000000000   0.0513085919
 -19.0459054624   0.0000000000   0.0523607739
 -18.6532063807  -0.0000000000   0.0534568878
 -18.2605072990   0.0000000000   0.0545997355
 -17.8678082173  -0.0000000000   0.0557923613
 -17.4751091356  -0.0000000000   0.0570380791
 -17.0824100539  -0.0000000000   0.0583405025
 -16.6897109722  -0.0000000000   0.0597035793
 -16.2970118905  -0.0000000000   0.0611316314
 -15.9043128088   0.0000000000   0.0626293994
 -15.5116137271  -0.0000000000   0.0642020945
 -15.1189146454  -0.0000000000   0.0658554587
 -14.7262155637   0.0000000000   0.0675958327
 -14.3335164820  -0.0000000000   0.0694302367
 -13.9408174003  -0.0000000000   0.0713664629
 -13.5481183186   0.0000000000   0.0734131841
 -13.1554192369  -0.0000000000   0.0755800810
 -12.7627201552  -0.0000000000   0.0778779920
 -12.3700210735   0.0000000000   0.0803190906
 -11.9773219918  -0.0000000000   0.0829170958
 -11.5846229101   0.0000000000   0.0856875235
 -11.1919238284  -0.0000000000   0.0886479884
 -10.7992247467  -0.0000000000   0.0918185679
 -10.4065256650   0.0000000000   0.0952222438
 -10.0138265833   0.0000000000   0.0988854422
  -9.6211275016  -0.0000000000   0.1028386956
  -9.2284284199  -0.0000000000   0.1071174640
  -8.8357293382   0.0000000000   0.1117631561
  -8.4430302565  -0.0000000000   0.1168244133
  -8.0503311748  -0.0000000000   0.1223587351
  -7.6576320931   0.0000000000   0.1284345543
  -7.2649330114  -0.0000000000   0.1351339130
  -6.8722339297   0.0000000000   0.1425559451
  -6.4795348480  -0.0000000000   0.1508214572
  -6.0868357663   0.0000000000   0.1600790205
  -5.6941366846   0.0000000000   0.1705131638
  -5.3014376029  -0.0000000000   0.1823555294
  -4.9087385212   0.0000000000   0.1959002478
  -4.5160394395  -0.0000000000   0.2115253911
  -4.1233403578   0.0000000000   0.2297232676
  -3.7306412761  -0.0000000000   0.2511436500
  -3.3379421944  -0.0000000000   0.2766559284
  -2.9452431127  -0.0000000000   0.3074386245
  -2.5525440310  -0.0000000000   0.3451071060
  -2.1598449493   0.0000000000   0.3918901990
  -1.7671458676   0.0000000000   0.4508562011
  -1.3744467859  -0.0000000000   0.5261503963
  -0.9817477042  -0.0000000000   0.6231086523
  -0.5890486225   0.0000000000   0.7479459484
  -0.1963495408   0.0000000000   0.9066325531
   0.1963495408   0.0000000000  -0.9066325531
   0.5890486225   0.0000000000  -0.7479459484
   0.9817477042  -0.0000000000  -0.6231086523
   1.3744467859  -0.0000000000  -0.5261503963
   1.7671458676   0.0000000000  -0.4508562011
   2.1598449493   0.0000000000  -0.3918901990
   2.5525440310  -0.0000000000  -0.3451071060
   2.9452431127  -0.0000000000  -0.3074386245
   3.3379421944  -0.0000000000  -0.2766559284
   3.7306412761  -0.0000000000  -0.2511436500
   4.1233403578   0.0000000000  -0.2297232676
   4.5160394395  -0.0000000000  -0.2115253911
   4.9087385212   0.0000000000  -0.1959002478
   5.3014376029  -0.0000000000  -0.1823555294
   5.6941366846   0.0000000000  -0.1705131638
   6.0868357663   0.0000000000  -0.1600790205
   6.4795348480  -0.0000000000  -0.1508214572
   6.8722339297   0.0000000000  -0.1425559451
   7.2649330114  -0.0000000000  -0.1351339130
   7.6576320931   0.0000000000  -0.1284345543
   8.0503311748  -0.0000000000  -0.1223587351
   8.4430302565  -0.0000000000  -0.1168244133
   8.8357293382   0.0000000000  -0.1117631561
   9.2284284199  -0.0000000000  -0.1071174640
   9.6211275016  -0.0000000000  -0.1028386956
  10.0138265833   0.0000000000  -0.0988854422
  10.4065256650   0.0000000000  -0.0952222438
  10.7992247467  -0.0000000000  -0.0918185679
  11.1919238284  -0.0000000000  -0.0886479884
  11.5846229101   0.0000000000  -0.0856875235
  11.9773219918  -0.0000000000  -0.0829170958
  12.3700210735   0.0000000000  -0.0803190906
  12.7627201552  -0.0000000000  -0.0778779920
  13.1554192369  -0.0000000000  -0.0755800810
  13.5481183186   0.0000000000  -0.0734131841
  13.9408174003  -0.0000000000  -0.0713664629
  14.3335164820  -0.0000000000  -0.0694302367
  14.7262155637   0.0000000000  -0.0675958327
  15.1189146454  -0.0000000000  -0.0658554587
  15.5116137271  -0.0000000000  -0.0642020945
  15.9043128088   0.0000000000  -0.0626293994
  16.2970118905  -0.0000000000  -0.0611316314
  16.6897109722  -0.0000000000  -0.0597035793
  17.0824100539  -0.0000000000  -0.0583405025
  17.4751091356  -0.0000000000  -0.0570380791
  17.8678082173  -0.0000000000  -0.0557923613
  18.2605072990   0.0000000000  -0.0545997355
  18.6532063807  -0.0000000000  -0.0534568878
  19.0459054624   0.0000000000  -0.0523607739
  19.4386045441   0.0000000000  -0.0513085919
  19.8313036258  -0.0000000000  -0.0502977593
  20.2240027075   0.0000000000  -0.0493258912
  20.6167017892  -0.0000000000  -0.0483907825
  21.0094008709   0.0000000000  -0.0474903910
  21.4020999526  -0.0000000000  -0.0466228227
  21.7947990343  -0.0000000000  -0.0457863186
  22.1874981160  -0.0000000000  -0.0449792429
  22.5801971977  -0.0000000000  -0.0442000725
  22.9728962794  -0.0000000000  -0.0434473874
  23.3655953611  -0.0000000000  -0.0427198622
  23.7582944428   0.0000000000  -0.0420162582
  24.1509935245   0.0000000000  -0.0413354168
  24.5436926062  -0.0000000000  -0.0406762527
  24.9363916879   0.0000000000  -0.0400377485
  25.3290907696   0.0000000000  -0.0394189494
  25.7217898513   0.0000000000  -0.0388189583
  26.1144889330  -0.0000000000  -0.0382369320
  26.5071880147   0.0000000000  -0.0376720765
  26.8998870964   0.0000000000  -0.0371236441
  27.2925861781  -0.0000000000  -0.0365909298
  27.6852852598  -0.0000000000  -0.0360732682
  28.0779843415  -0.0000000000  -0.0355700310
  28.4706834232  -0.0000000000  -0.0350806243
  28.8633825049  -0.0000000000  -0.0346044865
  29.2560815866   0.0000000000  -0.0341410856
  29.6487806683  -0.0000000000  -0.0336899180
  30.0414797500   0.0000000000  -0.0332505060
  30.4341788317  -0.0000000000  -0.0328223967
  30.8268779133  -0.0000000000  -0.0324051598
  31.2195769950  -0.0000000000  -0.0319983869
  31.6122760767   0.0000000000  -0.0316016895
  32.0049751584  -0.0000000000  -0.0312146983
  32.3976742401   0.0000000000  -0.0308370616
  32.7903733218  -0.0000000000  -0.0304684446
  33.1830724035   0.0000000000  -0.0301085284
  33.5757714852   0.0000000000  -0.0297570086
  33.9684705669   0.0000000000  -0.0294135951
  34.3611696486   0.0000000000  -0.0290780110
  34.7538687303   0.0000000000  -0.0287499917
  35.1465678120  -0.0000000000  -0.0284292845
  35.5392668937   0.0000000000  -0.0281156478
  35.9319659754  -0.0000000000  -0.0278088504
  36.3246650571  -0.0000000000  -0.0275086714
  36.7173641388   0.0000000000  -0.0272148988
  37.1100632205  -0.0000000000  -0.0269273300
  37.5027623022  -0.0000000000  -0.0266457706
  37.8954613839   0.0000000000  -0.0263700344
  38.2881604656   0.0000000000  -0.0260999427
  38.6808595473   0.0000000000  -0.0258353239
  39.0735586290  -0.0000000000  -0.0255760136
  39.4662577107   0.0000000000  -0.0253218537
  39.8589567924  -0.0000000000  -0.0250726923
  40.2516558741   0.0000000000  -0.0248283836
  40.6443549558  -0.0000000000  -0.0245887871
  41.0370540375  -0.0000000000  -0.0243537680
  41.4297531192  -0.0000000000  -0.0241231964
  41.8224522009   0.0000000000  -0.0238969473
  42.2151512826   0.0000000000  -0.0236749003
  42.6078503643  -0.0000000000  -0.0234569396
  43.0005494460  -0.0000000000  -0.0232429534
  43.3932485277  -0.0000000000  -0.0230328340
  43.7859476094   0.0000000000  -0.0228264776
  44.1786466911  -0.0000000000  -0.0226237841
  44.5713457728   0.0000000000  -0.0224246569
  44.9640448545  -0.0000000000  -0.0222290026
  45.3567439362   0.0000000000  -0.0220367314
  45.7494430179  -0.0000000000  -0.0218477562
  46.1421420996  -0.0000000000  -0.0216619930
  46.5348411813   0.0000000000  -0.0214793607
  46.9275402630  -0.0000000000  -0.0212997808
  47.3202393447   0.0000000000  -0.0211231774
  47.7129384264  -0.0000000000  -0.0209494773
  48.1056375081   0.0000000000  -0.0207786094
  48.4983365898   0.0000000000  -0.0206105050
  48.8910356715   0.0000000000  -0.0204450976
  49.2837347532   0.0000000000  -0.0202823230
  49.6764338349  -0.0000000000  -0.0201221187
  50.0691329166   0.0000000000  -0.0199644245
  50.4618319983   0.0000000000  -0.0198091816
  50.8545310800   0.0000000000  -0.0196563336
  51.2472301617   0.0000000000  -0.0195058254
  51.6399292434  -0.0000000000  -0.0193576037
  52.0326283251   0.0000000000  -0.0192116167
  52.4253274068  -0.0000000000  -0.0190678145
  52.8180264885   0.0000000000  -0.0189261483
  53.2107255702   0.0000000000  -0.0187865708
  53.6034246519   0.0000000000  -0.0186490363
  53.9961237336  -0.0000000000  -0.0185135003
  54.3888228153  -0.0000000000  -0.0183799194
  54.7815218970  -0.0000000000  -0.0182482517
  55.1742209787  -0.0000000000  -0.0181184565
  55.5669200604   0.0000000000  -0.0179904940
  55.9596191421  -0.0000000000  -0.0178643258
  56.3523182238  -0.0000000000  -0.0177399143
  56.7450173055   0.0000000000  -0.0176172232
  57.1377163872   0.0000000000  -0.0174962170
  57.5304154689  -0.0000000000  -0.0173768612
  57.9231145506   0.0000000000  -0.0172591224
  58.3158136323   0.0000000000  -0.0171429679
  58.7085127140   0.0000000000  -0.0170283659
  59.1012117957  -0.0000000000  -0.0169152855
  59.4939108774  -0.0000000000  -0.0168036967
  59.8866099591  -0.0000000000  -0.0166935702
  60.2793090408   0.0000000000  -0.0165848773
  60.6720081225  -0.0000000000  -0.0164775902
  61.0647072042   0.0000000000  -0.0163716820
  61.4574062859  -0.0000000000  -0.0162671261
  61.8501053675   0.0000000000  -0.0161638969
  62.2428044492   0.0000000000  -0.0160619693
  62.6355035309   0.0000000000  -0.0159613187
  63.0282026126  -0.0000000000  -0.0158619215
  63.4209016943  -0.0000000000  -0.0157637542
  63.8136007760  -0.0000000000  -0.0156667942
  64.2062998577   0.0000000000  -0.0155710194
  64.5989989394   0.0000000000  -0.0154764083
  64.9916980211   0.0000000000  -0.0153829396
  65.3843971028  -0.0000000000  -0.0152905929
  65.7770961845  -0.0000000000  -0.0151993481
  66.1697952662  -0.0000000000  -0.0151091855
  66.5624943479  -0.0000000000  -0.0150200861
  66.9551934296   0.0000000000  -0.0149320312
  67.3478925113  -0.0000000000  -0.0148450024
  67.7405915930  -0.0000000000  -0.0147589820
  68.1332906747  -0.0000000000  -0.0146739526
  68.5259897564  -0.0000000000  -0.0145898970
  68.9186888381  -0.0000000000  -0.0145067988
  69.3113879198   0.0000000000  -0.0144246416
  69.7040870015  -0.0000000000  -0.0143434095
  70.0967860832   0.0000000000  -0.0142630871
  70.4894851649  -0.0000000000  -0.0141836590
  70.8821842466   0.0000000000  -0.0141051106
  71.2748833283   0.0000000000  -0.0140274271
  71.6675824100   0.0000000000  -0.0139505945
  72.0602814917  -0.0000000000  -0.0138745988
  72.4529805734   0.0000000000  -0.0137994264
  72.8456796551  -0.0000000000  -0.0137250641
  73.2383787368   0.0000000000  -0.0136514988
  73.6310778185  -0.0000000000  -0.0135787177
  74.0237769002   0.0000000000  -0.0135067084
  74.4164759819   0.0000000000  -0.0134354587
  74.8091750636  -0.0000000000  -0.0133649566
  75.2018741453   0.0000000000  -0.0132951904
  75.5945732270  -0.0000000000  -0.0132261487
  75.9872723087   0.0000000000  -0.0131578203
  76.3799713904   0.0000000000  -0.0130901940
  76.7726704721   0.0000000000  -0.0130232593
  77.1653695538   0.0000000000  -0.0129570055
  77.5580686355  -0.0000000000  -0.0128914222
  77.9507677172   0.0000000000  -0.0128264995
  78.3434667989   0.0000000000  -0.0127622272
  78.7361658806   0.0000000000  -0.0126985958
  79.1288649623   0.0000000000  -0.0126355956
  79.5215640440   0.0000000000  -0.0125732174
  79.9142631257  -0.0000000000  -0.0125114520
  80.3069622074   0.0000000000  -0.0124502903
  80.6996612891  -0.0000000000  -0.0123897236
  81.0923603708   0.0000000000  -0.0123297432
  81.4850594525  -0.0000000000  -0.0122703407
  81.8777585342   0.0000000000  -0.0122115077
  82.2704576159  -0.0000000000  -0.0121532361
  82.6631566976  -0.0000000000  -0.0120955180
  83.0558557793  -0.0000000000  -0.0120383454
  83.4485548610  -0.0000000000  -0.0119817107
  83.8412539427   0.0000000000  -0.0119256062
  84.2339530244  -0.0000000000  -0.0118700247
  84.6266521061  -0.0000000000  -0.0118149588
  85.0193511878   0.0000000000  -0.0117604014
  85.4120502695   0.0000000000  -0.0117063454
  85.8047493512  -0.0000000000  -0.0116527840
  86.1974484329  -0.0000000000  -0.0115997105
  86.5901475146  -0.0000000000  -0.0115471182
  86.9828465963  -0.0000000000  -0.0114950005
  87.3755456780   0.0000000000  -0.0114433511
  87.7682447597  -0.0000000000  -0.0113921638
  88.1609438414   0.0000000000  -0.0113414323
  88.5536429231  -0.0000000000  -0.0112911505
  88.9463420048   0.0000000000  -0.0112413126
  89.3390410865  -0.0000000000  -0.0111919126
  89.7317401682   0.0000000000  -0.0111429449
  90.1244392499  -0.0000000000  -0.0110944037
  90.5171383316  -0.0000000000  -0.0110462836
  90.9098374133  -0.0000000000  -0.0109985790
  91.3025364950   0.0000000000  -0.0109512847
  91.6952355767   0.0000000000  -0.0109043953
  92.0879346584   0.0000000000  -0.0108579056
  92.4806337400  -0.0000000000  -0.0108118107
  92.8733328217   0.0000000000  -0.0107661054
  93.2660319034  -0.0000000000  -0.0107207849
  93.6587309851   0.0000000000  -0.0106758443
  94.0514300668   0.0000000000  -0.0106312788
  94.4441291485   0.0000000000  -0.0105870838
  94.8368282302   0.0000000000  -0.0105432548
  95.2295273119  -0.0000000000  -0.0104997870
  95.6222263936   0.0000000000  -0.0104566762
  96.0149254753  -0.0000000000  -0.0104139179
  96.4076245570   0.0000000000  -0.0103715078
  96.8003236387  -0.0000000000  -0.0103294417
  97.1930227204  -0.0000000000  -0.0102877155
  97.5857218021  -0.0000000000  -0.0102463249
  97.9784208838  -0.0000000000  -0.0102052661
  98.3711199655  -0.0000000000  -0.0101645349
  98.7638190472  -0.0000000000  -0.0101241276
  99.1565181289  -0.0000000000  -0.0100840402
  99.5492172106  -0.0000000000  -0.0100442690
  99.9419162923  -0.0000000000  -0.0100048102
 100.3346153740  -0.0000000000  -0.0099656602
 100.7273144557  -0.0000000000  -0.0099268154
 101.1200135374  -0.0000000000  -0.0098882722
 101.5127126191   0.0000000000  -0.0098500272
 101.9054117008   0.0000000000  -0.0098120768
 102.2981107825  -0.0000000000  -0.0097744177
 102.6908098642   0.0000000000  -0.0097370465
 103.0835089459   0.0000000000  -0.0096999600
 103.4762080276  -0.0000000000  -0.0096631549
 103.8689071093  -0.0000000000  -0.0096266280
 104.2616061910  -0.0000000000  -0.0095903762
 104.6543052727   0.0000000000  -0.0095543964
 105.0470043544  -0.0000000000  -0.0095186855
 105.4397034361   0.0000000000  -0.0094832405
 105.8324025178  -0.0000000000  -0.0094480585
 106.2251015995  -0.0000000000  -0.0094131366
 106.6178006812  -0.0000000000  -0.0093784719
 107.0104997629  -0.0000000000  -0.0093440615
 107.4031988446   0.0000000000  -0.0093099027
 107.7958979263   0.0000000000  -0.0092759926
 108.1885970080  -0.0000000000  -0.0092423287
 108.5812960897   0.0000000000  -0.0092089083
 108.9739951714   0.0000000000  -0.0091757286
 109.3666942531   0.0000000000  -0.0091427872
 109.7593933348   0.0000000000  -0.0091100814
 110.1520924165  -0.0000000000  -0.0090776087
 110.5447914982   0.0000000000  -0.0090453667
 110.9374905799  -0.0000000000  -0.0090133530
 111.3301896616  -0.0000000000  -0.0089815650
 111.7228887433  -0.0000000000  -0.0089500004
 112.1155878250   0.0000000000  -0.0089186569
 112.5082869067  -0.0000000000  -0.0088875321
 112.9009859884   0.0000000000  -0.0088566238
 113.2936850701   0.0000000000  -0.0088259297
 113.6863841518  -0.0000000000  -0.0087954476
 114.0790832335  -0.0000000000  -0.0087651754
 114.4717823152  -0.0000000000  -0.0087351108
 114.8644813969  -0.0000000000  -0.0087052517
 115.2571804786  -0.0000000000  -0.0086755960
 115.6498795603   0.0000000000  -0.0086461417
 116.0425786420  -0.0000000000  -0.0086168867
 116.4352777237   0.0000000000  -0.0085878290
 116.8279768054   0.0000000000  -0.0085589665
 117.2206758871  -0.0000000000  -0.0085302975
 117.6133749688   0.0000000000  -0.0085018198
 118.0060740505  -0.0000000000  -0.0084735316
 118.3987731322  -0.0000000000  -0.0084454310
 118.7914722139   0.0000000000  -0.0084175162
 119.1841712956  -0.0000000000  -0.0083897853
 119.5768703773  -0.0000000000  -0.0083622365
 119.9695694590  -0.0000000000  -0.0083348680
 120.3622685407   0.0000000000  -0.0083076781
 120.7549676224   0.0000000000  -0.0082806650
 121.1476667041  -0.0000000000  -0.0082538269
 121.5403657858   0.0000000000  -0.0082271623
 121.9330648675   0.0000000000  -0.0082006694
 122.3257639492  -0.0000000000  -0.0081743465
 122.7184630309   0.0000000000  -0.0081481921
 123.1111621125   0.0000000000  -0.0081222045
 123.5038611942  -0.0000000000  -0.0080963821
 123.8965602759   0.0000000000  -0.0080707234
 124.2892593576  -0.0000000000  -0.0080452268
 124.6819584393   0.0000000000  -0.0080198907
 125.0746575210   0.0000000000  -0.0079947138
 125.4673566027  -0.0000000000  -0.0079696944
 125.8600556844   0.0000000000  -0.0079448311
 126.2527547661   0.0000000000  -0.0079201224
 126.6454538478   0.0000000000  -0.0078955670
 127.0381529295   0.0000000000  -0.0078711633
 127.4308520112   0.0000000000  -0.0078469100
 127.8235510929  -0.0000000000  -0.0078228057
 128.2162501746   0.0000000000  -0.0077988490
 128.6089492563   0.0000000000  -0.0077750386
 129.0016483380  -0.0000000000  -0.0077513732
 129.3943474197  -0.0000000000  -0.0077278513
 129.7870465014   0.0000000000  -0.0077044718
 130.1797455831  -0.0000000000  -0.0076812333
 130.5724446648  -0.0000000000  -0.0076581346
 130.9651437465   0.0000000000  -0.0076351743
 131.3578428282   0.0000000000  -0.0076123513
 131.7505419099  -0.0000000000  -0.0075896644
 132.1432409916   0.0000000000  -0.0075671123
 132.5359400733   0.0000000000  -0.0075446937
 132.9286391550   0.0000000000  -0.0075224077
 133.3213382367   0.0000000000  -0.0075002528
 133.7140373184   0.0000000000  -0.0074782281
 134.1067364001  -0.0000000000  -0.0074563324
 134.4994354818  -0.0000000000  -0.0074345645
 134.8921345635   0.0000000000  -0.0074129233
 135.2848336452   0.0000000000  -0.0073914077
 135.6775327269   0.0000000000  -0.0073700167
 136.0702318086   0.0000000000  -0.0073487491
 136.4629308903   0.0000000000  -0.0073276039
 136.8556299720  -0.0000000000  -0.0073065800
 137.2483290537   0.0000000000  -0.0072856765
 137.6410281354  -0.0000000000  -0.0072648921
 138.0337272171  -0.0000000000  -0.0072442260
 138.4264262988  -0.0000000000  -0.0072236772
 138.8191253805   0.0000000000  -0.0072032446
 139.2118244622   0.0000000000  -0.0071829272
 139.6045235439  -0.0000000000  -0.0071627242
 139.9972226256   0.0000000000  -0.0071426344
 140.3899217073  -0.0000000000  -0.0071226571
 140.7826207890   0.0000000000  -0.0071027911
 141.1753198707  -0.0000000000  -0.0070830357
 141.5680189524  -0.0000000000  -0.0070633899
 141.9607180341   0.0000000000  -0.0070438527
 142.3534171158  -0.0000000000  -0.0070244233
 142.7461161975  -0.0000000000  -0.0070051008
 143.1388152792  -0.0000000000  -0.0069858843
 143.5315143609   0.0000000000  -0.0069667729
 143.9242134426   0.0000000000  -0.0069477658
 144.3169125243   0.0000000000  -0.0069288621
 144.7096116060  -0.0000000000  -0.0069100611
 145.1023106877   0.0000000000  -0.0068913617
 145.4950097694   0.0000000000  -0.0068727633
 145.8877088511  -0.0000000000  -0.0068542650
 146.2804079328  -0.0000000000  -0.0068358660
 146.6731070145   0.0000000000  -0.0068175655
 147.0658060962  -0.0000000000  -0.0067993628
 147.4585051779   0.0000000000  -0.0067812570
 147.8512042596  -0.0000000000  -0.0067632473
 148.2439033413   0.0000000000  -0.0067453330
 148.6366024230  -0.0000000000  -0.0067275134
 149.0293015047  -0.0000000000  -0.0067097877
 149.4220005864  -0.0000000000  -0.0066921552
 149.8146996681   0.0000000000  -0.0066746151
 150.2073987498  -0.0000000000  -0.0066571666
 150.6000978315   0.0000000000  -0.0066398092
 150.9927969132   0.0000000000  -0.0066225420
 151.3854959949  -0.0000000000  -0.0066053644
 151.7781950766  -0.0000000000  -0.0065882757
 152.1708941583   0.0000000000  -0.0065712752
 152.5635932400  -0.0000000000  -0.0065543621
 152.9562923217  -0.0000000000  -0.0065375360
 153.3489914034   0.0000000000  -0.0065207959
 153.7416904851  -0.0000000000  -0.0065041414
 154.1343895667   0.0000000000  -0.0064875717
 154.5270886484   0.0000000000  -0.0064710863
 154.9197877301  -0.0000000000  -0.0064546844
 155.3124868118  -0.0000000000  -0.0064383654
 155.7051858935  -0.0000000000  -0.0064221288
 156.0978849752  -0.0000000000  -0.0064059738
 156.4905840569   0.0000000000  -0.0063898999
 156.8832831386   0.0000000000  -0.0063739065
 157.2759822203   0.0000000000  -0.0063579929
 157.6686813020  -0.0000000000  -0.0063421586
 158.0613803837  -0.0000000000  -0.0063264029
 158.4540794654  -0.0000000000  -0.0063107253
 158.8467785471  -0.0000000000  -0.0062951253
 159.2394776288   0.0000000000  -0.0062796022
 159.6321767105  -0.0000000000  -0.0062641554
 160.0248757922   0.0000000000  -0.0062487844
 160.4175748739   0.0000000000  -0.0062334887
 160.8102739556   0.0000000000  -0.0062182677
 161.2029730373   0.0000000000  -0.0062031208
 161.5956721190   0.0000000000  -0.0061880476
 161.9883712007  -0.0000000000  -0.0061730474
 162.3810702824  -0.0000000000  -0.0061581198
 162.7737693641  -0.0000000000  -0.0061432641
 163.1664684458   0.0000000000  -0.0061284800
 163.5591675275   0.0000000000  -0.0061137669
 163.9518666092   0.0000000000  -0.0060991242
 164.3445656909   0.0000000000  -0.0060845515
 164.7372647726   0.0000000000  -0.0060700483
 165.1299638543  -0.0000000000  -0.0060556141
 165.5226629360  -0.0000000000  -0.0060412483
 165.9153620177   0.0000000000  -0.0060269505
 166.3080610994  -0.0000000000  -0.0060127203
 166.7007601811   0.0000000000  -0.0059985570
 167.0934592628  -0.0000000000  -0.0059844604
 167.4861583445  -0.0000000000  -0.0059704298
 167.8788574262  -0.0000000000  -0.0059564649
 168.2715565079   0.0000000000  -0.0059425651
 168.6642555896  -0.0000000000  -0.0059287301
 169.0569546713   0.0000000000  -0.0059149593
 169.4496537530  -0.0000000000  -0.0059012524
 169.8423528347  -0.0000000000  -0.0058876088
 170.2350519164   0.0000000000  -0.0058740282
 170.6277509981   0.0000000000  -0.0058605101
 171.0204500798   0.0000000000  -0.0058470540
 171.4131491615   0.0000000000  -0.0058336596
 171.8058482432   0.0000000000  -0.0058203265
 172.1985473249   0.0000000000  -0.0058070541
 172.5912464066  -0.0000000000  -0.0057938421
 172.9839454883   0.0000000000  -0.0057806901
 173.3766445700  -0.0000000000  -0.0057675977
 173.7693436517   0.0000000000  -0.0057545644
 174.1620427334  -0.0000000000  -0.0057415899
 174.5547418151  -0.0000000000  -0.0057286738
 174.9474408968  -0.0000000000  -0.0057158157
 175.3401399785   0.0000000000  -0.0057030152
 175.7328390602  -0.0000000000  -0.0056902718
 176.1255381419  -0.0000000000  -0.0056775853
 176.5182372236  -0.0000000000  -0.0056649552
 176.9109363053   0.0000000000  -0.0056523812
 177.3036353870  -0.0000000000  -0.0056398629
 177.6963344687   0.0000000000  -0.0056273999
 178.0890335504   0.0000000000  -0.0056149918
 178.4817326321   0.0000000000  -0.0056026384
 178.8744317138  -0.0000000000  -0.0055903392
 179.2671307955   0.0000000000  -0.0055780939
 179.6598298772  -0.0000000000  -0.0055659021
 180.0525289589   0.0000000000  -0.0055537635
 180.4452280406   0.0000000000  -0.0055416777
 180.8379271223   0.0000000000  -0.0055296444
 181.2306262040  -0.0000000000  -0.0055176632
 181.6233252857   0.0000000000  -0.0055057338
 182.0160243674   0.0000000000  -0.0054938559
 182.4087234491   0.0000000000  -0.0054820292
 182.8014225308  -0.0000000000  -0.0054702533
 183.1941216125   0.0000000000  -0.0054585278
 183.5868206942   0.0000000000  -0.0054468525
 183.9795197759  -0.0000000000  -0.0054352270
 184.3722188576   0.0000000000  -0.0054236511
 184.7649179392   0.0000000000  -0.0054121243
 185.1576170209  -0.0000000000  -0.0054006465
 185.5503161026   0.0000000000  -0.0053892172
 185.9430151843  -0.0000000000  -0.0053778362
 186.3357142660   0.0000000000  -0.0053665032
 186.7284133477   0.0000000000  -0.0053552178
 187.1211124294  -0.0000000000  -0.0053439798
 187.5138115111  -0.0000000000  -0.0053327888
 187.9065105928   0.0000000000  -0.0053216447
 188.2992096745   0.0000000000  -0.0053105470
 188.6919087562   0.0000000000  -0.0052994955
 189.0846078379  -0.0000000000  -0.0052884899
 189.4773069196   0.0000000000  -0.0052775299
 189.8700060013  -0.0000000000  -0.0052666152
 190.2627050830   0.0000000000  -0.0052557456
 190.6554041647  -0.0000000000  -0.0052449208
 191.0481032464   0.0000000000  -0.0052341404
 191.4408023281  -0.0000000000  -0.0052234043
 191.8335014098  -0.0000000000  -0.0052127122
 192.2262004915   0.0000000000  -0.0052020637
 192.6188995732   0.0000000000  -0.0051914586
 193.0115986549   0.0000000000  -0.0051808967
 193.4042977366  -0.0000000000  -0.0051703777
 193.7969968183  -0.0000000000  -0.0051599013
 194.1896959000  -0.0000000000  -0.0051494673
 194.5823949817   0.0000000000  -0.0051390754
 194.9750940634  -0.0000000000  -0.0051287253
 195.3677931451  -0.0000000000  -0.0051184168
 195.7604922268  -0.0000000000  -0.0051081497
 196.1531913085   0.0000000000  -0.0050979237
 196.5458903902   0.0000000000  -0.0050877386
 196.9385894719   0.0000000000  -0.0050775941
 197.3312885536   0.0000000000  -0.0050674899
 197.7239876353  -0.0000000000  -0.0050574259
 198.1166867170   0.0000000000  -0.0050474018
 198.5093857987  -0.0000000000  -0.0050374174
 198.9020848804  -0.0000000000  -0.0050274723
 199.2947839621  -0.0000000000  -0.0050175665
 199.6874830438   0.0000000000  -0.0050076996
 200.0801821255   0.0000000000  -0.0049978714
 200.4728812072  -0.0000000000  -0.0049880817
 200.8655802889   0.0000000000  -0.0049783304
