   0.0000000000  -0.0000000000  -1.0000000000  -0.0000000000  -1.0000000000
   0.0250000000   0.0000000000  -1.0120093417   0.0000000000   0.0392526618
   0.0500000000  -0.0000000000  -1.0105370211  -0.0000000000   0.0785329918
   0.0750000000  -0.0000000000  -1.0080880874  -0.0000000000   0.1173816996
   0.1000000000  -0.0000000000  -1.0046759582  -0.0000000000   0.1555886398
   0.1250000000  -0.0000000000  -1.0003192109  -0.0000000000   0.1929511452
   0.1500000000  -0.0000000000  -0.9950413679  -0.0000000000   0.2292762950
   0.1750000000  -0.0000000000  -0.9888706267  -0.0000000000   0.2643829953
   0.2000000000  -0.0000000000  -0.9818395413  -0.0000000000   0.2981038358
   0.2250000000  -0.0000000000  -0.9739846597  -0.0000000000   0.3302866933
   0.2500000000  -0.0000000000  -0.9653461253  -0.0000000000   0.3607960570
   0.2750000000  -0.0000000000  -0.9559672489  -0.0000000000   0.3895140613
   0.3000000000  -0.0000000000  -0.9458940579  -0.0000000000   0.4163412184
   0.3250000000  -0.0000000000  -0.9351748320  -0.0000000000   0.4411968484
   0.3500000000  -0.0000000000  -0.9238596313  -0.0000000000   0.4640192142
   0.3750000000  -0.0000000000  -0.9119998239  -0.0000000000   0.4847653734
   0.4000000000  -0.0000000000  -0.8996476222  -0.0000000000   0.5034107657
   0.4250000000  -0.0000000000  -0.8868556306  -0.0000000000   0.5199485593
   0.4500000000  -0.0000000000  -0.8736764138  -0.0000000000   0.5343887815
   0.4750000000  -0.0000000000  -0.8601620883  -0.0000000000   0.5467572649
   0.5000000000  -0.0000000000  -0.8463639420  -0.0000000000   0.5570944398
   0.5250000000  -0.0000000000  -0.8323320864  -0.0000000000   0.5654540047
   0.5500000000  -0.0000000000  -0.8181151425  -0.0000000000   0.5719015070
   0.5750000000  -0.0000000000  -0.8037599628  -0.0000000000   0.5765128659
   0.6000000000  -0.0000000000  -0.7893113912  -0.0000000000   0.5793728654
   0.6250000000  -0.0000000000  -0.7748120598  -0.0000000000   0.5805736467
   0.6500000000  -0.0000000000  -0.7603022239  -0.0000000000   0.5802132236
   0.6750000000  -0.0000000000  -0.7458196331  -0.0000000000   0.5783940429
   0.7000000000  -0.0000000000  -0.7313994374  -0.0000000000   0.5752216100
   0.7250000000  -0.0000000000  -0.7170741274  -0.0000000000   0.5708031936
   0.7500000000  -0.0000000000  -0.7028735047  -0.0000000000   0.5652466232
   0.7750000000  -0.0000000000  -0.6888246820  -0.0000000000   0.5586591895
   0.8000000000  -0.0000000000  -0.6749521090  -0.0000000000   0.5511466528
   0.8250000000  -0.0000000000  -0.6612776213  -0.0000000000   0.5428123646
   0.8500000000  -0.0000000000  -0.6478205104  -0.0000000000   0.5337565037
   0.8750000000  -0.0000000000  -0.6345976113  -0.0000000000   0.5240754260
   0.9000000000  -0.0000000000  -0.6216234044  -0.0000000000   0.5138611252
   0.9250000000  -0.0000000000  -0.6089101303  -0.0000000000   0.5032008012
   0.9500000000  -0.0000000000  -0.5964679137  -0.0000000000   0.4921765300
   0.9750000000  -0.0000000000  -0.5843048942  -0.0000000000   0.4808650282
   1.0000000000  -0.0000000000  -0.5724273625  -0.0000000000   0.4693375066
   1.0250000000  -0.0000000000  -0.5608398987  -0.0000000000   0.4576596028
   1.0500000000  -0.0000000000  -0.5495455113  -0.0000000000   0.4458913862
   1.0750000000  -0.0000000000  -0.5385457761  -0.0000000000   0.4340874270
   1.1000000000  -0.0000000000  -0.5278409718  -0.0000000000   0.4222969192
   1.1250000000  -0.0000000000  -0.5174302122  -0.0000000000   0.4105638521
   1.1500000000  -0.0000000000  -0.5073115738  -0.0000000000   0.3989272203
   1.1750000000  -0.0000000000  -0.4974822177  -0.0000000000   0.3874212649
   1.2000000000  -0.0000000000  -0.4879385051  -0.0000000000   0.3760757406
   1.2250000000  -0.0000000000  -0.4786761059  -0.0000000000   0.3649161990
   1.2500000000  -0.0000000000  -0.4696900998  -0.0000000000   0.3539642859
   1.2750000000  -0.0000000000  -0.4609750707  -0.0000000000   0.3432380431
   1.3000000000  -0.0000000000  -0.4525251925  -0.0000000000   0.3327522135
   1.3250000000  -0.0000000000  -0.4443343080  -0.0000000000   0.3225185427
   1.3500000000  -0.0000000000  -0.4363960003  -0.0000000000   0.3125460749
   1.3750000000  -0.0000000000  -0.4287036564  -0.0000000000   0.3028414385
   1.4000000000  -0.0000000000  -0.4212505244  -0.0000000000   0.2934091211
   1.4250000000  -0.0000000000  -0.4140297638  -0.0000000000   0.2842517292
   1.4500000000  -0.0000000000  -0.4070344893  -0.0000000000   0.2753702330
   1.4750000000  -0.0000000000  -0.4002578089  -0.0000000000   0.2667641941
   1.5000000000  -0.0000000000  -0.3936928568  -0.0000000000   0.2584319762
   1.5250000000  -0.0000000000  -0.3873328204  -0.0000000000   0.2503709371
   1.5500000000  -0.0000000000  -0.3811709636  -0.0000000000   0.2425776036
   1.5750000000  -0.0000000000  -0.3752006457  -0.0000000000   0.2350478279
   1.6000000000  -0.0000000000  -0.3694153363  -0.0000000000   0.2277769272
   1.6250000000  -0.0000000000  -0.3638086271  -0.0000000000   0.2207598062
   1.6500000000  -0.0000000000  -0.3583742412  -0.0000000000   0.2139910643
   1.6750000000  -0.0000000000  -0.3531060393  -0.0000000000   0.2074650871
   1.7000000000  -0.0000000000  -0.3479980242  -0.0000000000   0.2011761245
   1.7250000000  -0.0000000000  -0.3430443432  -0.0000000000   0.1951183559
   1.7500000000  -0.0000000000  -0.3382392894  -0.0000000000   0.1892859430
   1.7750000000  -0.0000000000  -0.3335773017  -0.0000000000   0.1836730734
   1.8000000000  -0.0000000000  -0.3290529634  -0.0000000000   0.1782739930
   1.8250000000  -0.0000000000  -0.3246610006  -0.0000000000   0.1730830315
   1.8500000000  -0.0000000000  -0.3203962800  -0.0000000000   0.1680946198
   1.8750000000  -0.0000000000  -0.3162538060  -0.0000000000   0.1633033013
   1.9000000000  -0.0000000000  -0.3122287180  -0.0000000000   0.1587037382
   1.9250000000  -0.0000000000  -0.3083162873  -0.0000000000   0.1542907133
   1.9500000000  -0.0000000000  -0.3045119143  -0.0000000000   0.1500591276
   1.9750000000  -0.0000000000  -0.3008111253  -0.0000000000   0.1460039966
   2.0000000000  -0.0000000000  -0.2972095698  -0.0000000000   0.1421204425
   2.0250000000  -0.0000000000  -0.2937030181  -0.0000000000   0.1384036867
   2.0500000000  -0.0000000000  -0.2902873591  -0.0000000000   0.1348490404
   2.0750000000  -0.0000000000  -0.2869585974  -0.0000000000   0.1314518948
   2.1000000000  -0.0000000000  -0.2837128523  -0.0000000000   0.1282077112
   2.1250000000  -0.0000000000  -0.2805463558  -0.0000000000   0.1251120117
   2.1500000000  -0.0000000000  -0.2774554510  -0.0000000000   0.1221603697
   2.1750000000  -0.0000000000  -0.2744365914  -0.0000000000   0.1193484017
   2.2000000000  -0.0000000000  -0.2714863393  -0.0000000000   0.1166717599
   2.2250000000  -0.0000000000  -0.2686013658  -0.0000000000   0.1141261254
   2.2500000000  -0.0000000000  -0.2657784492  -0.0000000000   0.1117072029
   2.2750000000  -0.0000000000  -0.2630144752  -0.0000000000   0.1094107164
   2.3000000000  -0.0000000000  -0.2603064361  -0.0000000000   0.1072324060
   2.3250000000  -0.0000000000  -0.2576514307  -0.0000000000   0.1051680256
   2.3500000000  -0.0000000000  -0.2550466636  -0.0000000000   0.1032133425
   2.3750000000  -0.0000000000  -0.2524894451  -0.0000000000   0.1013641369
   2.4000000000  -0.0000000000  -0.2499771909  -0.0000000000   0.0996162033
   2.4250000000  -0.0000000000  -0.2475074214  -0.0000000000   0.0979653525
   2.4500000000  -0.0000000000  -0.2450777619  -0.0000000000   0.0964074143
   2.4750000000  -0.0000000000  -0.2426859412  -0.0000000000   0.0949382408
   2.5000000000  -0.0000000000  -0.2403297918  -0.0000000000   0.0935537112
   2.5250000000  -0.0000000000  -0.2380072487  -0.0000000000   0.0922497360
   2.5500000000  -0.0000000000  -0.2357163487  -0.0000000000   0.0910222623
   2.5750000000  -0.0000000000  -0.2334552294  -0.0000000000   0.0898672794
   2.6000000000  -0.0000000000  -0.2312221281  -0.0000000000   0.0887808245
   2.6250000000  -0.0000000000  -0.2290153805  -0.0000000000   0.0877589889
   2.6500000000  -0.0000000000  -0.2268334191  -0.0000000000   0.0867979238
   2.6750000000  -0.0000000000  -0.2246747719  -0.0000000000   0.0858938465
   2.7000000000  -0.0000000000  -0.2225380608  -0.0000000000   0.0850430467
   2.7250000000  -0.0000000000  -0.2204219990  -0.0000000000   0.0842418919
   2.7500000000  -0.0000000000  -0.2183253900  -0.0000000000   0.0834868338
   2.7750000000  -0.0000000000  -0.2162471244  -0.0000000000   0.0827744135
   2.8000000000  -0.0000000000  -0.2141861784  -0.0000000000   0.0821012669
   2.8250000000  -0.0000000000  -0.2121416109  -0.0000000000   0.0814641295
   2.8500000000  -0.0000000000  -0.2101125613  -0.0000000000   0.0808598412
   2.8750000000  -0.0000000000  -0.2080982464  -0.0000000000   0.0802853505
   2.9000000000  -0.0000000000  -0.2060979580  -0.0000000000   0.0797377181
   2.9250000000  -0.0000000000  -0.2041110600  -0.0000000000   0.0792141209
   2.9500000000  -0.0000000000  -0.2021369853  -0.0000000000   0.0787118541
   2.9750000000  -0.0000000000  -0.2001752330  -0.0000000000   0.0782283343
   3.0000000000  -0.0000000000  -0.1982253650  -0.0000000000   0.0777611017
   3.0250000000  -0.0000000000  -0.1962870035  -0.0000000000   0.0773078209
   3.0500000000  -0.0000000000  -0.1943598272  -0.0000000000   0.0768662827
   3.0750000000  -0.0000000000  -0.1924435686  -0.0000000000   0.0764344046
   3.1000000000  -0.0000000000  -0.1905380107  -0.0000000000   0.0760102307
   3.1250000000  -0.0000000000  -0.1886429836  -0.0000000000   0.0755919320
   3.1500000000  -0.0000000000  -0.1867583619  -0.0000000000   0.0751778051
   3.1750000000  -0.0000000000  -0.1848840610  -0.0000000000   0.0747662715
   3.2000000000  -0.0000000000  -0.1830200341  -0.0000000000   0.0743558760
   3.2250000000  -0.0000000000  -0.1811662696  -0.0000000000   0.0739452846
   3.2500000000  -0.0000000000  -0.1793227875  -0.0000000000   0.0735332826
   3.2750000000  -0.0000000000  -0.1774896369  -0.0000000000   0.0731187719
   3.3000000000  -0.0000000000  -0.1756668926  -0.0000000000   0.0727007676
   3.3250000000  -0.0000000000  -0.1738546531  -0.0000000000   0.0722783956
   3.3500000000  -0.0000000000  -0.1720530370  -0.0000000000   0.0718508883
   3.3750000000  -0.0000000000  -0.1702621811  -0.0000000000   0.0714175815
   3.4000000000  -0.0000000000  -0.1684822375  -0.0000000000   0.0709779099
   3.4250000000  -0.0000000000  -0.1667133711  -0.0000000000   0.0705314033
   3.4500000000  -0.0000000000  -0.1649557575  -0.0000000000   0.0700776821
   3.4750000000  -0.0000000000  -0.1632095808  -0.0000000000   0.0696164528
   3.5000000000  -0.0000000000  -0.1614750314  -0.0000000000   0.0691475035
   3.5250000000  -0.0000000000  -0.1597523039  -0.0000000000   0.0686706991
   3.5500000000  -0.0000000000  -0.1580415954  -0.0000000000   0.0681859766
   3.5750000000  -0.0000000000  -0.1563431039  -0.0000000000   0.0676933404
   3.6000000000  -0.0000000000  -0.1546570265  -0.0000000000   0.0671928571
   3.6250000000  -0.0000000000  -0.1529835576  -0.0000000000   0.0666846513
   3.6500000000  -0.0000000000  -0.1513228882  -0.0000000000   0.0661689002
   3.6750000000  -0.0000000000  -0.1496752041  -0.0000000000   0.0656458292
   3.7000000000  -0.0000000000  -0.1480406849  -0.0000000000   0.0651157075
   3.7250000000  -0.0000000000  -0.1464195030  -0.0000000000   0.0645788428
   3.7500000000  -0.0000000000  -0.1448118228  -0.0000000000   0.0640355777
   3.7750000000  -0.0000000000  -0.1432177995  -0.0000000000   0.0634862845
   3.8000000000  -0.0000000000  -0.1416375789  -0.0000000000   0.0629313619
   3.8250000000  -0.0000000000  -0.1400712965  -0.0000000000   0.0623712302
   3.8500000000  -0.0000000000  -0.1385190770  -0.0000000000   0.0618063280
   3.8750000000  -0.0000000000  -0.1369810341  -0.0000000000   0.0612371082
   3.9000000000  -0.0000000000  -0.1354572698  -0.0000000000   0.0606640346
   3.9250000000  -0.0000000000  -0.1339478746  -0.0000000000   0.0600875783
   3.9500000000  -0.0000000000  -0.1324529272  -0.0000000000   0.0595082152
   3.9750000000  -0.0000000000  -0.1309724942  -0.0000000000   0.0589264225
   4.0000000000  -0.0000000000  -0.1295066305  -0.0000000000   0.0583426762
   4.0250000000  -0.0000000000  -0.1280553789  -0.0000000000   0.0577574488
   4.0500000000  -0.0000000000  -0.1266187708  -0.0000000000   0.0571712066
   4.0750000000  -0.0000000000  -0.1251968256  -0.0000000000   0.0565844079
   4.1000000000  -0.0000000000  -0.1237895517  -0.0000000000   0.0559975009
   4.1250000000  -0.0000000000  -0.1223969464  -0.0000000000   0.0554109224
   4.1500000000  -0.0000000000  -0.1210189962  -0.0000000000   0.0548250957
   4.1750000000  -0.0000000000  -0.1196556771  -0.0000000000   0.0542404299
   4.2000000000  -0.0000000000  -0.1183069553  -0.0000000000   0.0536573182
   4.2250000000  -0.0000000000  -0.1169727871  -0.0000000000   0.0530761375
   4.2500000000  -0.0000000000  -0.1156531198  -0.0000000000   0.0524972470
   4.2750000000  -0.0000000000  -0.1143478918  -0.0000000000   0.0519209882
   4.3000000000  -0.0000000000  -0.1130570334  -0.0000000000   0.0513476841
   4.3250000000  -0.0000000000  -0.1117804669  -0.0000000000   0.0507776386
   4.3500000000  -0.0000000000  -0.1105181072  -0.0000000000   0.0502111368
   4.3750000000  -0.0000000000  -0.1092698624  -0.0000000000   0.0496484446
   4.4000000000  -0.0000000000  -0.1080356343  -0.0000000000   0.0490898089
   4.4250000000  -0.0000000000  -0.1068153184  -0.0000000000   0.0485354576
   4.4500000000  -0.0000000000  -0.1056088052  -0.0000000000   0.0479855996
   4.4750000000  -0.0000000000  -0.1044159799  -0.0000000000   0.0474404258
   4.5000000000  -0.0000000000  -0.1032367232  -0.0000000000   0.0469001088
   4.5250000000  -0.0000000000  -0.1020709118  -0.0000000000   0.0463648036
   4.5500000000  -0.0000000000  -0.1009184187  -0.0000000000   0.0458346481
   4.5750000000  -0.0000000000  -0.0997791135  -0.0000000000   0.0453097640
   4.6000000000  -0.0000000000  -0.0986528633  -0.0000000000   0.0447902566
   4.6250000000  -0.0000000000  -0.0975395323  -0.0000000000   0.0442762164
   4.6500000000  -0.0000000000  -0.0964389832  -0.0000000000   0.0437677189
   4.6750000000  -0.0000000000  -0.0953510763  -0.0000000000   0.0432648261
   4.7000000000  -0.0000000000  -0.0942756712  -0.0000000000   0.0427675864
   4.7250000000  -0.0000000000  -0.0932126259  -0.0000000000   0.0422760362
   4.7500000000  -0.0000000000  -0.0921617979  -0.0000000000   0.0417901998
   4.7750000000  -0.0000000000  -0.0911230443  -0.0000000000   0.0413100907
   4.8000000000  -0.0000000000  -0.0900962218  -0.0000000000   0.0408357120
   4.8250000000  -0.0000000000  -0.0890811872  -0.0000000000   0.0403670573
   4.8500000000  -0.0000000000  -0.0880777976  -0.0000000000   0.0399041114
   4.8750000000  -0.0000000000  -0.0870859105  -0.0000000000   0.0394468509
   4.9000000000  -0.0000000000  -0.0861053843  -0.0000000000   0.0389952449
   4.9250000000  -0.0000000000  -0.0851360781  -0.0000000000   0.0385492557
   4.9500000000  -0.0000000000  -0.0841778519  -0.0000000000   0.0381088394
   4.9750000000  -0.0000000000  -0.0832305671  -0.0000000000   0.0376739465
   5.0000000000  -0.0000000000  -0.0822940862  -0.0000000000   0.0372445228
