   0.0000000000   0.2500000000
   0.0250000000   0.2496707660
   0.0500000000   0.2486873191
   0.0750000000   0.2470625762
   0.1000000000   0.2448177675
   0.1250000000   0.2419819960
   0.1500000000   0.2385916407
   0.1750000000   0.2346896189
   0.2000000000   0.2303245273
   0.2250000000   0.2255496890
   0.2500000000   0.2204221285
   0.2750000000   0.2150015044
   0.3000000000   0.2093490263
   0.3250000000   0.2035263823
   0.3500000000   0.1975947025
   0.3750000000   0.1916135814
   0.4000000000   0.1856401797
   0.4250000000   0.1797284216
   0.4500000000   0.1739283011
   0.4750000000   0.1682853078
   0.5000000000   0.1628399752
   0.5250000000   0.1576275571
   0.5500000000   0.1526778267
   0.5750000000   0.1480149966
   0.6000000000   0.1436577514
   0.6250000000   0.1396193824
   0.6500000000   0.1359080141
   0.6750000000   0.1325269094
   0.7000000000   0.1294748391
   0.7250000000   0.1267465035
   0.7500000000   0.1243329905
   0.7750000000   0.1222222577
   0.8000000000   0.1203996263
   0.8250000000   0.1188482741
   0.8500000000   0.1175497184
   0.8750000000   0.1164842789
   0.9000000000   0.1156315139
   0.9250000000   0.1149706226
   0.9500000000   0.1144808106
   0.9750000000   0.1141416135
   1.0000000000   0.1139331780
   1.0250000000   0.1138364992
   1.0500000000   0.1138336150
   1.0750000000   0.1139077580
   1.1000000000   0.1140434680
   1.1250000000   0.1142266667
   1.1500000000   0.1144446995
   1.1750000000   0.1146863453
   1.2000000000   0.1149418005
   1.2250000000   0.1152026400
   1.2500000000   0.1154617583
   1.2750000000   0.1157132959
   1.3000000000   0.1159525533
   1.3250000000   0.1161758966
   1.3500000000   0.1163806571
   1.3750000000   0.1165650286
   1.4000000000   0.1167279636
   1.4250000000   0.1168690717
   1.4500000000   0.1169885206
   1.4750000000   0.1170869422
   1.5000000000   0.1171653446
   1.5250000000   0.1172250308
   1.5500000000   0.1172675239
   1.5750000000   0.1172945009
   1.6000000000   0.1173077332
   1.6250000000   0.1173090352
   1.6500000000   0.1173002204
   1.6750000000   0.1172830639
   1.7000000000   0.1172592722
   1.7250000000   0.1172304593
   1.7500000000   0.1171981276
   1.7750000000   0.1171636548
   1.8000000000   0.1171282850
   1.8250000000   0.1170931234
   1.8500000000   0.1170591352
   1.8750000000   0.1170271466
   1.9000000000   0.1169978487
   1.9250000000   0.1169718032
   1.9500000000   0.1169494496
   1.9750000000   0.1169311134
   2.0000000000   0.1169170156
   2.0250000000   0.1169072820
   2.0500000000   0.1169019530
   2.0750000000   0.1169009942
   2.1000000000   0.1169043054
   2.1250000000   0.1169117306
   2.1500000000   0.1169230669
   2.1750000000   0.1169380730
   2.2000000000   0.1169564774
   2.2250000000   0.1169779857
   2.2500000000   0.1170022873
   2.2750000000   0.1170290613
   2.3000000000   0.1170579825
   2.3250000000   0.1170887254
   2.3500000000   0.1171209692
   2.3750000000   0.1171544007
   2.4000000000   0.1171887176
   2.4250000000   0.1172236311
   2.4500000000   0.1172588675
   2.4750000000   0.1172941703
   2.5000000000   0.1173293010
   2.5250000000   0.1173640398
   2.5500000000   0.1173981865
   2.5750000000   0.1174315603
   2.6000000000   0.1174639999
   2.6250000000   0.1174953632
   2.6500000000   0.1175255269
   2.6750000000   0.1175543857
   2.7000000000   0.1175818518
   2.7250000000   0.1176078540
   2.7500000000   0.1176323368
   2.7750000000   0.1176552594
   2.8000000000   0.1176765946
   2.8250000000   0.1176963280
   2.8500000000   0.1177144569
   2.8750000000   0.1177309890
   2.9000000000   0.1177459420
   2.9250000000   0.1177593419
   2.9500000000   0.1177712223
   2.9750000000   0.1177816238
   3.0000000000   0.1177905925
   3.0250000000   0.1177981797
   3.0500000000   0.1178044407
   3.0750000000   0.1178094342
   3.1000000000   0.1178132216
   3.1250000000   0.1178158661
   3.1500000000   0.1178174327
   3.1750000000   0.1178179867
   3.2000000000   0.1178175940
   3.2250000000   0.1178163201
   3.2500000000   0.1178142301
   3.2750000000   0.1178113879
   3.3000000000   0.1178078560
   3.3250000000   0.1178036955
   3.3500000000   0.1177989652
   3.3750000000   0.1177937221
   3.4000000000   0.1177880208
   3.4250000000   0.1177819132
   3.4500000000   0.1177754489
   3.4750000000   0.1177686747
   3.5000000000   0.1177616346
   3.5250000000   0.1177543699
   3.5500000000   0.1177469190
   3.5750000000   0.1177393177
   3.6000000000   0.1177315990
   3.6250000000   0.1177237930
   3.6500000000   0.1177159275
   3.6750000000   0.1177080275
   3.7000000000   0.1177001157
   3.7250000000   0.1176922123
   3.7500000000   0.1176843352
   3.7750000000   0.1176765005
   3.8000000000   0.1176687219
   3.8250000000   0.1176610114
   3.8500000000   0.1176533791
   3.8750000000   0.1176458336
   3.9000000000   0.1176383820
   3.9250000000   0.1176310299
   3.9500000000   0.1176237817
   3.9750000000   0.1176166405
   4.0000000000   0.1176096086
   4.0250000000   0.1176026872
   4.0500000000   0.1175958769
   4.0750000000   0.1175891774
   4.1000000000   0.1175825879
   4.1250000000   0.1175761069
   4.1500000000   0.1175697328
   4.1750000000   0.1175634634
   4.2000000000   0.1175572962
   4.2250000000   0.1175512288
   4.2500000000   0.1175452582
   4.2750000000   0.1175393816
   4.3000000000   0.1175335962
   4.3250000000   0.1175278990
   4.3500000000   0.1175222873
   4.3750000000   0.1175167581
   4.4000000000   0.1175113089
   4.4250000000   0.1175059370
   4.4500000000   0.1175006402
   4.4750000000   0.1174954162
   4.5000000000   0.1174902629
   4.5250000000   0.1174851785
   4.5500000000   0.1174801613
   4.5750000000   0.1174752098
   4.6000000000   0.1174703227
   4.6250000000   0.1174654990
   4.6500000000   0.1174607376
   4.6750000000   0.1174560380
   4.7000000000   0.1174513994
   4.7250000000   0.1174468216
   4.7500000000   0.1174423041
   4.7750000000   0.1174378470
   4.8000000000   0.1174334502
   4.8250000000   0.1174291138
   4.8500000000   0.1174248380
   4.8750000000   0.1174206231
   4.9000000000   0.1174164695
   4.9250000000   0.1174123775
   4.9500000000   0.1174083476
   4.9750000000   0.1174043804
   5.0000000000   0.1174004763
