   0.0000000000   0.0000000000
   0.0250000000  -0.0008230849
   0.0500000000  -0.0032817025
   0.0750000000  -0.0073435596
   0.1000000000  -0.0129555814
   0.1250000000  -0.0200450103
   0.1500000000  -0.0285208983
   0.1750000000  -0.0382759530
   0.2000000000  -0.0491886818
   0.2250000000  -0.0611257776
   0.2500000000  -0.0739446789
   0.2750000000  -0.0874962392
   0.3000000000  -0.1016274345
   0.3250000000  -0.1161840444
   0.3500000000  -0.1310132440
   0.3750000000  -0.1459660466
   0.4000000000  -0.1608995508
   0.4250000000  -0.1756789462
   0.4500000000  -0.1901792473
   0.4750000000  -0.2042867308
   0.5000000000  -0.2179000621
   0.5250000000  -0.2309311074
   0.5500000000  -0.2433054335
   0.5750000000  -0.2549625087
   0.6000000000  -0.2658556217
   0.6250000000  -0.2759515442
   0.6500000000  -0.2852299649
   0.6750000000  -0.2936827267
   0.7000000000  -0.3013129024
   0.7250000000  -0.3081337413
   0.7500000000  -0.3141675239
   0.7750000000  -0.3194443559
   0.8000000000  -0.3240009345
   0.8250000000  -0.3278793149
   0.8500000000  -0.3311257041
   0.8750000000  -0.3337893028
   0.9000000000  -0.3359212154
   0.9250000000  -0.3375734437
   0.9500000000  -0.3387979736
   0.9750000000  -0.3396459664
   1.0000000000  -0.3401670552
   1.0250000000  -0.3404087521
   1.0500000000  -0.3404159626
   1.0750000000  -0.3402306051
   1.1000000000  -0.3398913303
   1.1250000000  -0.3394333334
   1.1500000000  -0.3388882514
   1.1750000000  -0.3382841370
   1.2000000000  -0.3376454989
   1.2250000000  -0.3369934002
   1.2500000000  -0.3363456044
   1.2750000000  -0.3357167604
   1.3000000000  -0.3351186169
   1.3250000000  -0.3345602587
   1.3500000000  -0.3340483575
   1.3750000000  -0.3335874288
   1.4000000000  -0.3331800911
   1.4250000000  -0.3328273208
   1.4500000000  -0.3325286987
   1.4750000000  -0.3322826448
   1.5000000000  -0.3320866387
   1.5250000000  -0.3319374233
   1.5500000000  -0.3318311905
   1.5750000000  -0.3317637480
   1.6000000000  -0.3317306672
   1.6250000000  -0.3317274121
   1.6500000000  -0.3317494491
   1.6750000000  -0.3317923405
   1.7000000000  -0.3318518197
   1.7250000000  -0.3319238520
   1.7500000000  -0.3320046813
   1.7750000000  -0.3320908632
   1.8000000000  -0.3321792877
   1.8250000000  -0.3322671916
   1.8500000000  -0.3323521622
   1.8750000000  -0.3324321337
   1.9000000000  -0.3325053785
   1.9250000000  -0.3325704922
   1.9500000000  -0.3326263762
   1.9750000000  -0.3326722166
   2.0000000000  -0.3327074611
   2.0250000000  -0.3327317953
   2.0500000000  -0.3327451176
   2.0750000000  -0.3327475147
   2.1000000000  -0.3327392367
   2.1250000000  -0.3327206737
   2.1500000000  -0.3326923330
   2.1750000000  -0.3326548177
   2.2000000000  -0.3326088066
   2.2250000000  -0.3325550358
   2.2500000000  -0.3324942820
   2.2750000000  -0.3324273469
   2.3000000000  -0.3323550440
   2.3250000000  -0.3322781866
   2.3500000000  -0.3321975771
   2.3750000000  -0.3321139984
   2.4000000000  -0.3320282061
   2.4250000000  -0.3319409225
   2.4500000000  -0.3318528314
   2.4750000000  -0.3317645744
   2.5000000000  -0.3316767477
   2.5250000000  -0.3315899007
   2.5500000000  -0.3315045339
   2.5750000000  -0.3314210994
   2.6000000000  -0.3313400004
   2.6250000000  -0.3312615921
   2.6500000000  -0.3311861830
   2.6750000000  -0.3311140360
   2.7000000000  -0.3310453707
   2.7250000000  -0.3309803652
   2.7500000000  -0.3309191581
   2.7750000000  -0.3308618517
   2.8000000000  -0.3308085137
   2.8250000000  -0.3307591802
   2.8500000000  -0.3307138580
   2.8750000000  -0.3306725275
   2.9000000000  -0.3306351451
   2.9250000000  -0.3306016455
   2.9500000000  -0.3305719444
   2.9750000000  -0.3305459408
   3.0000000000  -0.3305235189
   3.0250000000  -0.3305045509
   3.0500000000  -0.3304888984
   3.0750000000  -0.3304764147
   3.1000000000  -0.3304669463
   3.1250000000  -0.3304603348
   3.1500000000  -0.3304564185
   3.1750000000  -0.3304550334
   3.2000000000  -0.3304560152
   3.2250000000  -0.3304591998
   3.2500000000  -0.3304644249
   3.2750000000  -0.3304715305
   3.3000000000  -0.3304803601
   3.3250000000  -0.3304907615
   3.3500000000  -0.3305025872
   3.3750000000  -0.3305156949
   3.4000000000  -0.3305299482
   3.4250000000  -0.3305452171
   3.4500000000  -0.3305613778
   3.4750000000  -0.3305783134
   3.5000000000  -0.3305959136
   3.5250000000  -0.3306140754
   3.5500000000  -0.3306327026
   3.5750000000  -0.3306517058
   3.6000000000  -0.3306710027
   3.6250000000  -0.3306905176
   3.6500000000  -0.3307101813
   3.6750000000  -0.3307299313
   3.7000000000  -0.3307497109
   3.7250000000  -0.3307694695
   3.7500000000  -0.3307891621
   3.7750000000  -0.3308087489
   3.8000000000  -0.3308281955
   3.8250000000  -0.3308474718
   3.8500000000  -0.3308665524
   3.8750000000  -0.3308854161
   3.9000000000  -0.3309040451
   3.9250000000  -0.3309224254
   3.9500000000  -0.3309405460
   3.9750000000  -0.3309583990
   4.0000000000  -0.3309759787
   4.0250000000  -0.3309932821
   4.0500000000  -0.3310103079
   4.0750000000  -0.3310270567
   4.1000000000  -0.3310435305
   4.1250000000  -0.3310597329
   4.1500000000  -0.3310756681
   4.1750000000  -0.3310913417
   4.2000000000  -0.3311067596
   4.2250000000  -0.3311219283
   4.2500000000  -0.3311368547
   4.2750000000  -0.3311515461
   4.3000000000  -0.3311660097
   4.3250000000  -0.3311802526
   4.3500000000  -0.3311942820
   4.3750000000  -0.3312081050
   4.4000000000  -0.3312217280
   4.4250000000  -0.3312351576
   4.4500000000  -0.3312483996
   4.4750000000  -0.3312614597
   4.5000000000  -0.3312743429
   4.5250000000  -0.3312870539
   4.5500000000  -0.3312995970
   4.5750000000  -0.3313119758
   4.6000000000  -0.3313241934
   4.6250000000  -0.3313362528
   4.6500000000  -0.3313481561
   4.6750000000  -0.3313599053
   4.7000000000  -0.3313715016
   4.7250000000  -0.3313829463
   4.7500000000  -0.3313942398
   4.7750000000  -0.3314053826
   4.8000000000  -0.3314163747
   4.8250000000  -0.3314272157
   4.8500000000  -0.3314379052
   4.8750000000  -0.3314484424
   4.9000000000  -0.3314588265
   4.9250000000  -0.3314690565
   4.9500000000  -0.3314791311
   4.9750000000  -0.3314890492
   5.0000000000  -0.3314988095
