   0.0000000000  -0.8447834039
   0.0250000000  -0.8439604060
   0.0500000000  -0.8414999117
   0.0750000000  -0.8374350407
   0.1000000000  -0.8318189687
   0.1250000000  -0.8247245416
   0.1500000000  -0.8162428365
   0.1750000000  -0.8064813284
   0.2000000000  -0.7955617585
   0.2250000000  -0.7836177635
   0.2500000000  -0.7707923282
   0.2750000000  -0.7572351311
   0.3000000000  -0.7430998473
   0.3250000000  -0.7285414762
   0.3500000000  -0.7137137550
   0.3750000000  -0.6987667156
   0.4000000000  -0.6838444327
   0.4250000000  -0.6690830066
   0.4500000000  -0.6546088117
   0.4750000000  -0.6405370354
   0.5000000000  -0.6269705212
   0.5250000000  -0.6139989213
   0.5500000000  -0.6016981564
   0.5750000000  -0.5901301714
   0.6000000000  -0.5793429711
   0.6250000000  -0.5693709113
   0.6500000000  -0.5602352210
   0.6750000000  -0.5519447234
   0.7000000000  -0.5444967239
   0.7250000000  -0.5378780327
   0.7500000000  -0.5320660880
   0.7750000000  -0.5270301478
   0.8000000000  -0.5227325185
   0.8250000000  -0.5191297938
   0.8500000000  -0.5161740763
   0.8750000000  -0.5138141592
   0.9000000000  -0.5119966496
   0.9250000000  -0.5106670164
   0.9500000000  -0.5097705504
   0.9750000000  -0.5092532270
   1.0000000000  -0.5090624653
   1.0250000000  -0.5091477805
   1.0500000000  -0.5094613275
   1.0750000000  -0.5099583402
   1.1000000000  -0.5105974663
   1.1250000000  -0.5113410064
   1.1500000000  -0.5121550618
   1.1750000000  -0.5130096003
   1.2000000000  -0.5138784471
   1.2250000000  -0.5147392110
   1.2500000000  -0.5155731547
   1.2750000000  -0.5163650181
   1.3000000000  -0.5171028036
   1.3250000000  -0.5177775331
   1.3500000000  -0.5183829829
   1.3750000000  -0.5189154058
   1.4000000000  -0.5193732462
   1.4250000000  -0.5197568542
   1.4500000000  -0.5200682050
   1.4750000000  -0.5203106268
   1.5000000000  -0.5204885416
   1.5250000000  -0.5206072223
   1.5500000000  -0.5206725672
   1.5750000000  -0.5206908951
   1.6000000000  -0.5206687604
   1.6250000000  -0.5206127904
   1.6500000000  -0.5205295431
   1.6750000000  -0.5204253867
   1.7000000000  -0.5203063992
   1.7250000000  -0.5201782868
   1.7500000000  -0.5200463215
   1.7750000000  -0.5199152944
   1.8000000000  -0.5197894846
   1.8250000000  -0.5196726418
   1.8500000000  -0.5195679811
   1.8750000000  -0.5194781880
   1.9000000000  -0.5194054326
   1.9250000000  -0.5193513908
   1.9500000000  -0.5193172723
   1.9750000000  -0.5193038522
   2.0000000000  -0.5193115073
   2.0250000000  -0.5193402537
   2.0500000000  -0.5193897863
   2.0750000000  -0.5194595189
   2.1000000000  -0.5195486236
   2.1250000000  -0.5196560694
   2.1500000000  -0.5197806598
   2.1750000000  -0.5199210677
   2.2000000000  -0.5200758689
   2.2250000000  -0.5202435725
   2.2500000000  -0.5204226486
   2.2750000000  -0.5206115540
   2.3000000000  -0.5208087538
   2.3250000000  -0.5210127416
   2.3500000000  -0.5212220557
   2.3750000000  -0.5214352933
   2.4000000000  -0.5216511222
   2.4250000000  -0.5218682898
   2.4500000000  -0.5220856302
   2.4750000000  -0.5223020685
   2.5000000000  -0.5225166249
   2.5250000000  -0.5227284149
   2.5500000000  -0.5229366502
   2.5750000000  -0.5231406368
   2.6000000000  -0.5233397730
   2.6250000000  -0.5235335457
   2.6500000000  -0.5237215266
   2.6750000000  -0.5239033676
   2.7000000000  -0.5240787956
   2.7250000000  -0.5242476071
   2.7500000000  -0.5244096630
   2.7750000000  -0.5245648824
   2.8000000000  -0.5247132373
   2.8250000000  -0.5248547468
   2.8500000000  -0.5249894720
   2.8750000000  -0.5251175102
   2.9000000000  -0.5252389906
   2.9250000000  -0.5253540688
   2.9500000000  -0.5254629229
   2.9750000000  -0.5255657493
   3.0000000000  -0.5256627584
   3.0250000000  -0.5257541720
   3.0500000000  -0.5258402193
   3.0750000000  -0.5259211347
   3.1000000000  -0.5259971547
   3.1250000000  -0.5260685163
   3.1500000000  -0.5261354545
   3.1750000000  -0.5261982011
   3.2000000000  -0.5262569829
   3.2250000000  -0.5263120209
   3.2500000000  -0.5263635290
   3.2750000000  -0.5264117134
   3.3000000000  -0.5264567719
   3.3250000000  -0.5264988936
   3.3500000000  -0.5265382586
   3.3750000000  -0.5265750377
   3.4000000000  -0.5266093924
   3.4250000000  -0.5266414750
   3.4500000000  -0.5266714288
   3.4750000000  -0.5266993879
   3.5000000000  -0.5267254781
   3.5250000000  -0.5267498166
   3.5500000000  -0.5267725124
   3.5750000000  -0.5267936671
   3.6000000000  -0.5268133749
   3.6250000000  -0.5268317230
   3.6500000000  -0.5268487923
   3.6750000000  -0.5268646573
   3.7000000000  -0.5268793871
   3.7250000000  -0.5268930452
   3.7500000000  -0.5269056906
   3.7750000000  -0.5269173773
   3.8000000000  -0.5269281555
   3.8250000000  -0.5269380714
   3.8500000000  -0.5269471677
   3.8750000000  -0.5269554841
   3.9000000000  -0.5269630570
   3.9250000000  -0.5269699208
   3.9500000000  -0.5269761070
   3.9750000000  -0.5269816452
   4.0000000000  -0.5269865633
   4.0250000000  -0.5269908873
   4.0500000000  -0.5269946416
   4.0750000000  -0.5269978495
   4.1000000000  -0.5270005330
   4.1250000000  -0.5270027130
   4.1500000000  -0.5270044097
   4.1750000000  -0.5270056422
   4.2000000000  -0.5270064291
   4.2250000000  -0.5270067883
   4.2500000000  -0.5270067373
   4.2750000000  -0.5270062927
   4.3000000000  -0.5270054712
   4.3250000000  -0.5270042888
   4.3500000000  -0.5270027612
   4.3750000000  -0.5270009040
   4.4000000000  -0.5269987323
   4.4250000000  -0.5269962610
   4.4500000000  -0.5269935049
   4.4750000000  -0.5269904784
   4.5000000000  -0.5269871958
   4.5250000000  -0.5269836712
   4.5500000000  -0.5269799186
   4.5750000000  -0.5269759515
   4.6000000000  -0.5269717834
   4.6250000000  -0.5269674277
   4.6500000000  -0.5269628974
   4.6750000000  -0.5269582052
   4.7000000000  -0.5269533639
   4.7250000000  -0.5269483858
   4.7500000000  -0.5269432829
   4.7750000000  -0.5269380671
   4.8000000000  -0.5269327500
   4.8250000000  -0.5269273429
   4.8500000000  -0.5269218566
   4.8750000000  -0.5269163019
   4.9000000000  -0.5269106891
   4.9250000000  -0.5269050282
   4.9500000000  -0.5268993289
   4.9750000000  -0.5268936005
   5.0000000000  -0.5268878519
