   0.0000000000  -0.8447834039
   0.0250000000  -0.8447834909
   0.0500000000  -0.8447816142
   0.0750000000  -0.8447786002
   0.1000000000  -0.8447745501
   0.1250000000  -0.8447695518
   0.1500000000  -0.8447637347
   0.1750000000  -0.8447572813
   0.2000000000  -0.8447504404
   0.2250000000  -0.8447435410
   0.2500000000  -0.8447370071
   0.2750000000  -0.8447313704
   0.3000000000  -0.8447272818
   0.3250000000  -0.8447255206
   0.3500000000  -0.8447269990
   0.3750000000  -0.8447327622
   0.4000000000  -0.8447439835
   0.4250000000  -0.8447619528
   0.4500000000  -0.8447880590
   0.4750000000  -0.8448237662
   0.5000000000  -0.8448705833
   0.5250000000  -0.8449300287
   0.5500000000  -0.8450035899
   0.5750000000  -0.8450926801
   0.6000000000  -0.8451985928
   0.6250000000  -0.8453224555
   0.6500000000  -0.8454651859
   0.6750000000  -0.8456274502
   0.7000000000  -0.8458096263
   0.7250000000  -0.8460117740
   0.7500000000  -0.8462336120
   0.7750000000  -0.8464745037
   0.8000000000  -0.8467334529
   0.8250000000  -0.8470091087
   0.8500000000  -0.8472997805
   0.8750000000  -0.8476034620
   0.9000000000  -0.8479178650
   0.9250000000  -0.8482404600
   0.9500000000  -0.8485685240
   0.9750000000  -0.8488991934
   1.0000000000  -0.8492295205
   1.0250000000  -0.8495565326
   1.0500000000  -0.8498772901
   1.0750000000  -0.8501889453
   1.1000000000  -0.8504887966
   1.1250000000  -0.8507743397
   1.1500000000  -0.8510433132
   1.1750000000  -0.8512937373
   1.2000000000  -0.8515239459
   1.2250000000  -0.8517326112
   1.2500000000  -0.8519187591
   1.2750000000  -0.8520817785
   1.3000000000  -0.8522214205
   1.3250000000  -0.8523377918
   1.3500000000  -0.8524313404
   1.3750000000  -0.8525028346
   1.4000000000  -0.8525533373
   1.4250000000  -0.8525841750
   1.4500000000  -0.8525969037
   1.4750000000  -0.8525932715
   1.5000000000  -0.8525751803
   1.5250000000  -0.8525446456
   1.5500000000  -0.8525037577
   1.5750000000  -0.8524546431
   1.6000000000  -0.8523994277
   1.6250000000  -0.8523402025
   1.6500000000  -0.8522789923
   1.6750000000  -0.8522177273
   1.7000000000  -0.8521582188
   1.7250000000  -0.8521021388
   1.7500000000  -0.8520510028
   1.7750000000  -0.8520061576
   1.8000000000  -0.8519687723
   1.8250000000  -0.8519398334
   1.8500000000  -0.8519201433
   1.8750000000  -0.8519103217
   1.9000000000  -0.8519108111
   1.9250000000  -0.8519218831
   1.9500000000  -0.8519436485
   1.9750000000  -0.8519760688
   2.0000000000  -0.8520189684
   2.0250000000  -0.8520720489
   2.0500000000  -0.8521349039
   2.0750000000  -0.8522070336
   2.1000000000  -0.8522878603
   2.1250000000  -0.8523767431
   2.1500000000  -0.8524729928
   2.1750000000  -0.8525758854
   2.2000000000  -0.8526846755
   2.2250000000  -0.8527986083
   2.2500000000  -0.8529169306
   2.2750000000  -0.8530389009
   2.3000000000  -0.8531637979
   2.3250000000  -0.8532909282
   2.3500000000  -0.8534196328
   2.3750000000  -0.8535492917
   2.4000000000  -0.8536793283
   2.4250000000  -0.8538092123
   2.4500000000  -0.8539384615
   2.4750000000  -0.8540666429
   2.5000000000  -0.8541933726
   2.5250000000  -0.8543183155
   2.5500000000  -0.8544411840
   2.5750000000  -0.8545617362
   2.6000000000  -0.8546797734
   2.6250000000  -0.8547951378
   2.6500000000  -0.8549077096
   2.6750000000  -0.8550174036
   2.7000000000  -0.8551241663
   2.7250000000  -0.8552279723
   2.7500000000  -0.8553288211
   2.7750000000  -0.8554267341
   2.8000000000  -0.8555217510
   2.8250000000  -0.8556139270
   2.8500000000  -0.8557033300
   2.8750000000  -0.8557900378
   2.9000000000  -0.8558741357
   2.9250000000  -0.8559557143
   2.9500000000  -0.8560348674
   2.9750000000  -0.8561116900
   3.0000000000  -0.8561862773
   3.0250000000  -0.8562587229
   3.0500000000  -0.8563291178
   3.0750000000  -0.8563975494
   3.1000000000  -0.8564641010
   3.1250000000  -0.8565288511
   3.1500000000  -0.8565918729
   3.1750000000  -0.8566532345
   3.2000000000  -0.8567129981
   3.2250000000  -0.8567712208
   3.2500000000  -0.8568279539
   3.2750000000  -0.8568832439
   3.3000000000  -0.8569371320
   3.3250000000  -0.8569896552
   3.3500000000  -0.8570408458
   3.3750000000  -0.8570907326
   3.4000000000  -0.8571393406
   3.4250000000  -0.8571866921
   3.4500000000  -0.8572328066
   3.4750000000  -0.8572777013
   3.5000000000  -0.8573213918
   3.5250000000  -0.8573638920
   3.5500000000  -0.8574052150
   3.5750000000  -0.8574453729
   3.6000000000  -0.8574843776
   3.6250000000  -0.8575222406
   3.6500000000  -0.8575589736
   3.6750000000  -0.8575945886
   3.7000000000  -0.8576290980
   3.7250000000  -0.8576625147
   3.7500000000  -0.8576948527
   3.7750000000  -0.8577261263
   3.8000000000  -0.8577563510
   3.8250000000  -0.8577855432
   3.8500000000  -0.8578137202
   3.8750000000  -0.8578409001
   3.9000000000  -0.8578671021
   3.9250000000  -0.8578923461
   3.9500000000  -0.8579166530
   3.9750000000  -0.8579400442
   4.0000000000  -0.8579625421
   4.0250000000  -0.8579841694
   4.0500000000  -0.8580049495
   4.0750000000  -0.8580249062
   4.1000000000  -0.8580440635
   4.1250000000  -0.8580624459
   4.1500000000  -0.8580800778
   4.1750000000  -0.8580969839
   4.2000000000  -0.8581131887
   4.2250000000  -0.8581287166
   4.2500000000  -0.8581435920
   4.2750000000  -0.8581578388
   4.3000000000  -0.8581714809
   4.3250000000  -0.8581845414
   4.3500000000  -0.8581970433
   4.3750000000  -0.8582090090
   4.4000000000  -0.8582204603
   4.4250000000  -0.8582314186
   4.4500000000  -0.8582419045
   4.4750000000  -0.8582519380
   4.5000000000  -0.8582615387
   4.5250000000  -0.8582707252
   4.5500000000  -0.8582795156
   4.5750000000  -0.8582879272
   4.6000000000  -0.8582959769
   4.6250000000  -0.8583036805
   4.6500000000  -0.8583110535
   4.6750000000  -0.8583181105
   4.7000000000  -0.8583248656
   4.7250000000  -0.8583313321
   4.7500000000  -0.8583375227
   4.7750000000  -0.8583434498
   4.8000000000  -0.8583491247
   4.8250000000  -0.8583545585
   4.8500000000  -0.8583597618
   4.8750000000  -0.8583647443
   4.9000000000  -0.8583695156
   4.9250000000  -0.8583740847
   4.9500000000  -0.8583784600
   4.9750000000  -0.8583826497
   5.0000000000  -0.8583866615
