   0.0000000000   0.2500000000
   0.0250000000   0.2492123569
   0.0500000000   0.2468732192
   0.0750000000   0.2430561801
   0.1000000000   0.2378801511
   0.1250000000   0.2315039776
   0.1500000000   0.2241194017
   0.1750000000   0.2159428178
   0.2000000000   0.2072063241
   0.2250000000   0.1981485898
   0.2500000000   0.1890060297
   0.2750000000   0.1800047252
   0.3000000000   0.1713534392
   0.3250000000   0.1632379757
   0.3500000000   0.1558170251
   0.3750000000   0.1492195305
   0.4000000000   0.1435435191
   0.4250000000   0.1388562638
   0.4500000000   0.1351955839
   0.4750000000   0.1325720577
   0.5000000000   0.1309719057
   0.5250000000   0.1303603044
   0.5500000000   0.1306849102
   0.5750000000   0.1318794012
   0.6000000000   0.1338668815
   0.6250000000   0.1365630302
   0.6500000000   0.1398789202
   0.6750000000   0.1437234642
   0.7000000000   0.1480054798
   0.7250000000   0.1526353898
   0.7500000000   0.1575265915
   0.7750000000   0.1625965414
   0.8000000000   0.1677676044
   0.8250000000   0.1729677182
   0.8500000000   0.1781309162
   0.8750000000   0.1831977444
   0.9000000000   0.1881155995
   0.9250000000   0.1928390014
   0.9500000000   0.1973298071
   0.9750000000   0.2015573612
   1.0000000000   0.2054985740
   1.0250000000   0.2091379119
   1.0500000000   0.2124672845
   1.0750000000   0.2154858113
   1.1000000000   0.2181994555
   1.1250000000   0.2206205156
   1.1500000000   0.2227669703
   1.1750000000   0.2246616835
   1.2000000000   0.2263314799
   1.2250000000   0.2278061124
   1.2500000000   0.2291171525
   1.2750000000   0.2302968380
   1.3000000000   0.2313769241
   1.3250000000   0.2323875819
   1.3500000000   0.2333563954
   1.3750000000   0.2343075013
   1.4000000000   0.2352609139
   1.4250000000   0.2362320665
   1.4500000000   0.2372315915
   1.4750000000   0.2382653455
   1.5000000000   0.2393346732
   1.5250000000   0.2404368880
   1.5500000000   0.2415659343
   1.5750000000   0.2427131864
   1.6000000000   0.2438683287
   1.6250000000   0.2450202628
   1.6500000000   0.2461579821
   1.6750000000   0.2472713657
   1.7000000000   0.2483518437
   1.7250000000   0.2493929063
   1.7500000000   0.2503904322
   1.7750000000   0.2513428334
   1.8000000000   0.2522510201
   1.8250000000   0.2531182047
   1.8500000000   0.2539495708
   1.8750000000   0.2547518399
   1.9000000000   0.2555327726
   1.9250000000   0.2563006421
   1.9500000000   0.2570637120
   1.9750000000   0.2578297536
   2.0000000000   0.2586056235
   2.0250000000   0.2593969238
   2.0500000000   0.2602077545
   2.0750000000   0.2610405633
   2.1000000000   0.2618960936
   2.1250000000   0.2627734214
   2.1500000000   0.2636700739
   2.1750000000   0.2645822138
   2.2000000000   0.2655048761
   2.2250000000   0.2664322406
   2.2500000000   0.2673579238
   2.2750000000   0.2682752771
   2.3000000000   0.2691776756
   2.3250000000   0.2700587874
   2.3500000000   0.2709128122
   2.3750000000   0.2717346835
   2.4000000000   0.2725202268
   2.4250000000   0.2732662722
   2.4500000000   0.2739707186
   2.4750000000   0.2746325507
   2.5000000000   0.2752518110
   2.5250000000   0.2758295300
   2.5500000000   0.2763676195
   2.5750000000   0.2768687359
   2.6000000000   0.2773361191
   2.6250000000   0.2777734167
   2.6500000000   0.2781844990
   2.6750000000   0.2785732752
   2.7000000000   0.2789435177
   2.7250000000   0.2792987022
   2.7500000000   0.2796418697
   2.7750000000   0.2799755173
   2.8000000000   0.2803015199
   2.8250000000   0.2806210872
   2.8500000000   0.2809347561
   2.8750000000   0.2812424167
   2.9000000000   0.2815433714
   2.9250000000   0.2818364206
   2.9500000000   0.2821199708
   2.9750000000   0.2823921589
   3.0000000000   0.2826509842
   3.0250000000   0.2828944423
   3.0500000000   0.2831206526
   3.0750000000   0.2833279735
   3.1000000000   0.2835150998
   3.1250000000   0.2836811370
   3.1500000000   0.2838256514
   3.1750000000   0.2839486927
   3.2000000000   0.2840507906
   3.2250000000   0.2841329269
   3.2500000000   0.2841964847
   3.2750000000   0.2842431809
   3.3000000000   0.2842749842
   3.3250000000   0.2842940256
   3.3500000000   0.2843025050
   3.3750000000   0.2843026003
   3.4000000000   0.2842963821
   3.4250000000   0.2842857392
   3.4500000000   0.2842723170
   3.4750000000   0.2842574711
   3.5000000000   0.2842422377
   3.5250000000   0.2842273212
   3.5500000000   0.2842130971
   3.5750000000   0.2841996314
   3.6000000000   0.2841867112
   3.6250000000   0.2841738875
   3.6500000000   0.2841605248
   3.6750000000   0.2841458560
   3.7000000000   0.2841290390
   3.7250000000   0.2841092125
   3.7500000000   0.2840855478
   3.7750000000   0.2840572953
   3.8000000000   0.2840238229
   3.8250000000   0.2839846454
   3.8500000000   0.2839394437
   3.8750000000   0.2838880742
   3.9000000000   0.2838305676
   3.9250000000   0.2837671184
   3.9500000000   0.2836980663
   3.9750000000   0.2836238705
   4.0000000000   0.2835450791
   4.0250000000   0.2834622955
   4.0500000000   0.2833761438
   4.0750000000   0.2832872344
   4.1000000000   0.2831961341
   4.1250000000   0.2831033391
   4.1500000000   0.2830092546
   4.1750000000   0.2829141816
   4.2000000000   0.2828183106
   4.2250000000   0.2827217230
   4.2500000000   0.2826243999
   4.2750000000   0.2825262371
   4.3000000000   0.2824270656
   4.3250000000   0.2823266762
   4.3500000000   0.2822248467
   4.3750000000   0.2821213687
   4.4000000000   0.2820160752
   4.4250000000   0.2819088641
   4.4500000000   0.2817997187
   4.4750000000   0.2816887229
   4.5000000000   0.2815760702
   4.5250000000   0.2814620670
   4.5500000000   0.2813471290
   4.5750000000   0.2812317722
   4.6000000000   0.2811165976
   4.6250000000   0.2810022722
   4.6500000000   0.2808895062
   4.6750000000   0.2807790277
   4.7000000000   0.2806715572
   4.7250000000   0.2805677826
   4.7500000000   0.2804683350
   4.7750000000   0.2803737683
   4.8000000000   0.2802845423
   4.8250000000   0.2802010097
   4.8500000000   0.2801234084
   4.8750000000   0.2800518585
   4.9000000000   0.2799863645
   4.9250000000   0.2799268212
   4.9500000000   0.2798730249
   4.9750000000   0.2798246866
   5.0000000000   0.2797814487
