   0.0000000000   0.0000000000
   0.0250000000  -0.0047258584
   0.0500000000  -0.0187606853
   0.0750000000  -0.0416629200
   0.1000000000  -0.0727190940
   0.1250000000  -0.1109761348
   0.1500000000  -0.1552835901
   0.1750000000  -0.2043430939
   0.2000000000  -0.2567620556
   0.2250000000  -0.3111084616
   0.2500000000  -0.3659638219
   0.2750000000  -0.4199716490
   0.3000000000  -0.4718793654
   0.3250000000  -0.5205721462
   0.3500000000  -0.5650978498
   0.3750000000  -0.6046828175
   0.4000000000  -0.6387388858
   0.4250000000  -0.6668624175
   0.4500000000  -0.6888264970
   0.4750000000  -0.7045676541
   0.5000000000  -0.7141685660
   0.5250000000  -0.7178381739
   0.5500000000  -0.7158905393
   0.5750000000  -0.7087235930
   0.6000000000  -0.6967987116
   0.6250000000  -0.6806218194
   0.6500000000  -0.6607264794
   0.6750000000  -0.6376592154
   0.7000000000  -0.6119671218
   0.7250000000  -0.5841876619
   0.7500000000  -0.5548404515
   0.7750000000  -0.5244207523
   0.8000000000  -0.4933943742
   0.8250000000  -0.4621936911
   0.8500000000  -0.4312145032
   0.8750000000  -0.4008135338
   0.9000000000  -0.3713064034
   0.9250000000  -0.3429659920
   0.9500000000  -0.3160211579
   0.9750000000  -0.2906558333
   1.0000000000  -0.2670085565
   1.0250000000  -0.2451725288
   1.0500000000  -0.2251962934
   1.0750000000  -0.2070851329
   1.1000000000  -0.1908032673
   1.1250000000  -0.1762769070
   1.1500000000  -0.1633981787
   1.1750000000  -0.1520298992
   1.2000000000  -0.1420111212
   1.2250000000  -0.1331633260
   1.2500000000  -0.1252970858
   1.2750000000  -0.1182189723
   1.3000000000  -0.1117384558
   1.3250000000  -0.1056745089
   1.3500000000  -0.0998616281
   1.3750000000  -0.0941549927
   1.4000000000  -0.0884345173
   1.4250000000  -0.0826076015
   1.4500000000  -0.0766104514
   1.4750000000  -0.0704079273
   1.5000000000  -0.0639919612
   1.5250000000  -0.0573786728
   1.5500000000  -0.0506043946
   1.5750000000  -0.0437208821
   1.6000000000  -0.0367900280
   1.6250000000  -0.0298784239
   1.6500000000  -0.0230521076
   1.6750000000  -0.0163718065
   1.7000000000  -0.0098889382
   1.7250000000  -0.0036425628
   1.7500000000   0.0023425927
   1.7750000000   0.0080569998
   1.8000000000   0.0135061200
   1.8250000000   0.0187092280
   1.8500000000   0.0236974246
   1.8750000000   0.0285110387
   1.9000000000   0.0331966354
   1.9250000000   0.0378038519
   1.9500000000   0.0423822717
   1.9750000000   0.0469785210
   2.0000000000   0.0516337405
   2.0250000000   0.0563815426
   2.0500000000   0.0612465263
   2.0750000000   0.0662433794
   2.1000000000   0.0713765610
   2.1250000000   0.0766405280
   2.1500000000   0.0820204428
   2.1750000000   0.0874932823
   2.2000000000   0.0930292563
   2.2250000000   0.0985934429
   2.2500000000   0.1041475421
   2.2750000000   0.1096516620
   2.3000000000   0.1150660534
   2.3250000000   0.1203527238
   2.3500000000   0.1254768726
   2.3750000000   0.1304081002
   2.4000000000   0.1351213603
   2.4250000000   0.1395976329
   2.4500000000   0.1438243112
   2.4750000000   0.1477953037
   2.5000000000   0.1515108657
   2.5250000000   0.1549771796
   2.5500000000   0.1582057166
   2.5750000000   0.1612124147
   2.6000000000   0.1640167143
   2.6250000000   0.1666404998
   2.6500000000   0.1691069934
   2.6750000000   0.1714396504
   2.7000000000   0.1736611056
   2.7250000000   0.1757922124
   2.7500000000   0.1778512177
   2.7750000000   0.1798531032
   2.8000000000   0.1818091186
   2.8250000000   0.1837265227
   2.8500000000   0.1856085358
   2.8750000000   0.1874544997
   2.9000000000   0.1892602281
   2.9250000000   0.1910185231
   2.9500000000   0.1927198243
   2.9750000000   0.1943529527
   3.0000000000   0.1959059044
   3.0250000000   0.1973666530
   3.0500000000   0.1987239148
   3.0750000000   0.1999678406
   3.1000000000   0.2010905982
   3.1250000000   0.2020868215
   3.1500000000   0.2029539078
   3.1750000000   0.2036921555
   3.2000000000   0.2043047432
   3.2250000000   0.2047975607
   3.2500000000   0.2051789077
   3.2750000000   0.2054590848
   3.3000000000   0.2056499049
   3.3250000000   0.2057641531
   3.3500000000   0.2058150296
   3.3750000000   0.2058156012
   3.4000000000   0.2057782920
   3.4250000000   0.2057144349
   3.4500000000   0.2056339016
   3.4750000000   0.2055448260
   3.5000000000   0.2054534258
   3.5250000000   0.2053639265
   3.5500000000   0.2052785824
   3.5750000000   0.2051977878
   3.6000000000   0.2051202666
   3.6250000000   0.2050433243
   3.6500000000   0.2049631482
   3.6750000000   0.2048751355
   3.7000000000   0.2047742337
   3.7250000000   0.2046552745
   3.7500000000   0.2045132861
   3.7750000000   0.2043437711
   3.8000000000   0.2041429368
   3.8250000000   0.2039078716
   3.8500000000   0.2036366616
   3.8750000000   0.2033284448
   3.9000000000   0.2029834052
   3.9250000000   0.2026027100
   3.9500000000   0.2021883973
   3.9750000000   0.2017432223
   4.0000000000   0.2012704740
   4.0250000000   0.2007737727
   4.0500000000   0.2002568620
   4.0750000000   0.1997234061
   4.1000000000   0.1991768044
   4.1250000000   0.1986200340
   4.1500000000   0.1980555270
   4.1750000000   0.1974850891
   4.2000000000   0.1969098631
   4.2250000000   0.1963303376
   4.2500000000   0.1957463990
   4.2750000000   0.1951574219
   4.3000000000   0.1945623928
   4.3250000000   0.1939600569
   4.3500000000   0.1933490794
   4.3750000000   0.1927282115
   4.4000000000   0.1920964504
   4.4250000000   0.1914531839
   4.4500000000   0.1907983119
   4.4750000000   0.1901323372
   4.5000000000   0.1894564210
   4.5250000000   0.1887724015
   4.5500000000   0.1880827735
   4.5750000000   0.1873906325
   4.6000000000   0.1866995850
   4.6250000000   0.1860136329
   4.6500000000   0.1853370366
   4.6750000000   0.1846741655
   4.7000000000   0.1840293429
   4.7250000000   0.1834066952
   4.7500000000   0.1828100094
   4.7750000000   0.1822426094
   4.8000000000   0.1817072534
   4.8250000000   0.1812060577
   4.8500000000   0.1807404498
   4.8750000000   0.1803111507
   4.9000000000   0.1799181864
   4.9250000000   0.1795609268
   4.9500000000   0.1792381489
   4.9750000000   0.1789481191
   5.0000000000   0.1786886915
