   0.0000000000  -0.8447834039
   0.0250000000  -0.8400447711
   0.0500000000  -0.8259775458
   0.0750000000  -0.8030250321
   0.1000000000  -0.7719023260
   0.1250000000  -0.7335649392
   0.1500000000  -0.6891669245
   0.1750000000  -0.6400117715
   0.2000000000  -0.5874990843
   0.2250000000  -0.5330700722
   0.2500000000  -0.4781547167
   0.2750000000  -0.4241231051
   0.3000000000  -0.3722429172
   0.3250000000  -0.3236444616
   0.3500000000  -0.2792940541
   0.3750000000  -0.2399759629
   0.4000000000  -0.2062826525
   0.4250000000  -0.1786126679
   0.4500000000  -0.1571752238
   0.4750000000  -0.1420003966
   0.5000000000  -0.1329537556
   0.5250000000  -0.1297542833
   0.5500000000  -0.1319945197
   0.5750000000  -0.1391619871
   0.6000000000  -0.1506610973
   0.6250000000  -0.1658348935
   0.6500000000  -0.1839861258
   0.6750000000  -0.2043972818
   0.7000000000  -0.2263493027
   0.7250000000  -0.2491387937
   0.7500000000  -0.2720935942
   0.7750000000  -0.2945866071
   0.8000000000  -0.3160478065
   0.8250000000  -0.3359743472
   0.8500000000  -0.3539387019
   0.8750000000  -0.3695947505
   0.9000000000  -0.3826817508
   0.9250000000  -0.3930261367
   0.9500000000  -0.4005411084
   0.9750000000  -0.4052240222
   1.0000000000  -0.4071516304
   1.0250000000  -0.4064732836
   1.0500000000  -0.4034022695
   1.0750000000  -0.3982055304
   1.1000000000  -0.3911920695
   1.1250000000  -0.3827004100
   1.1500000000  -0.3730855260
   1.1750000000  -0.3627056942
   1.2000000000  -0.3519097323
   1.2250000000  -0.3410250886
   1.2500000000  -0.3303472200
   1.2750000000  -0.3201306508
   1.3000000000  -0.3105820400
   1.3250000000  -0.3018554989
   1.3500000000  -0.2940503054
   1.3750000000  -0.2872110539
   1.4000000000  -0.2813301671
   1.4250000000  -0.2763525892
   1.4500000000  -0.2721823751
   1.4750000000  -0.2686908067
   1.5000000000  -0.2657255944
   1.5250000000  -0.2631206810
   1.5500000000  -0.2607061434
   1.5750000000  -0.2583176994
   1.6000000000  -0.2558053603
   1.6250000000  -0.2530408327
   1.6500000000  -0.2499233533
   1.6750000000  -0.2463837357
   1.7000000000  -0.2423865159
   1.7250000000  -0.2379301869
   1.7500000000  -0.2330456180
   1.7750000000  -0.2277928439
   1.8000000000  -0.2222564865
   1.8250000000  -0.2165401287
   1.8500000000  -0.2107599933
   1.8750000000  -0.2050382963
   1.9000000000  -0.1994966345
   1.9250000000  -0.1942497405
   1.9500000000  -0.1893998978
   1.9750000000  -0.1850322530
   2.0000000000  -0.1812111998
   2.0250000000  -0.1779779462
   2.0500000000  -0.1753493074
   2.0750000000  -0.1733177078
   2.1000000000  -0.1718523175
   2.1250000000  -0.1709012030
   2.1500000000  -0.1703943329
   2.1750000000  -0.1702472526
   2.2000000000  -0.1703652247
   2.2250000000  -0.1706476278
   2.2500000000  -0.1709924037
   2.2750000000  -0.1713003625
   2.3000000000  -0.1714791648
   2.3250000000  -0.1714468312
   2.3500000000  -0.1711346554
   2.3750000000  -0.1704894272
   2.4000000000  -0.1694749083
   2.4250000000  -0.1680725356
   2.4500000000  -0.1662813581
   2.4750000000  -0.1641172482
   2.5000000000  -0.1616114513
   2.5250000000  -0.1588085648
   2.5500000000  -0.1557640562
   2.5750000000  -0.1525414437
   2.6000000000  -0.1492092721
   2.6250000000  -0.1458380194
   2.6500000000  -0.1424970690
   2.6750000000  -0.1392518707
   2.7000000000  -0.1361614048
   2.7250000000  -0.1332760450
   2.7500000000  -0.1306358916
   2.7750000000  -0.1282696299
   2.8000000000  -0.1261939365
   2.8250000000  -0.1244134354
   2.8500000000  -0.1229211793
   2.8750000000  -0.1216996098
   2.9000000000  -0.1207219287
   2.9250000000  -0.1199537987
   2.9500000000  -0.1193552793
   2.9750000000  -0.1188828969
   3.0000000000  -0.1184917478
   3.0250000000  -0.1181375354
   3.0500000000  -0.1177784512
   3.0750000000  -0.1173768227
   3.1000000000  -0.1169004653
   3.1250000000  -0.1163236935
   3.1500000000  -0.1156279670
   3.1750000000  -0.1148021638
   3.2000000000  -0.1138424941
   3.2250000000  -0.1127520831
   3.2500000000  -0.1115402650
   3.2750000000  -0.1102216441
   3.3000000000  -0.1088149837
   3.3250000000  -0.1073419877
   3.3500000000  -0.1058260445
   3.3750000000  -0.1042909929
   3.4000000000  -0.1027599710
   3.4250000000  -0.1012543956
   3.4500000000  -0.0997931129
   3.4750000000  -0.0983917478
   3.5000000000  -0.0970622683
   3.5250000000  -0.0958127701
   3.5500000000  -0.0946474735
   3.5750000000  -0.0935669171
   3.6000000000  -0.0925683218
   3.6250000000  -0.0916460943
   3.6500000000  -0.0907924318
   3.6750000000  -0.0899979905
   3.7000000000  -0.0892525767
   3.7250000000  -0.0885458227
   3.7500000000  -0.0878678127
   3.7750000000  -0.0872096290
   3.8000000000  -0.0865637932
   3.8250000000  -0.0859245867
   3.8500000000  -0.0852882397
   3.8750000000  -0.0846529876
   3.9000000000  -0.0840189985
   3.9250000000  -0.0833881846
   3.9500000000  -0.0827639143
   3.9750000000  -0.0821506471
   4.0000000000  -0.0815535162
   4.0250000000  -0.0809778864
   4.0500000000  -0.0804289128
   4.0750000000  -0.0799111285
   4.1000000000  -0.0794280820
   4.1250000000  -0.0789820460
   4.1500000000  -0.0785738110
   4.1750000000  -0.0782025740
   4.2000000000  -0.0778659255
   4.2250000000  -0.0775599342
   4.2500000000  -0.0772793199
   4.2750000000  -0.0770177053
   4.3000000000  -0.0767679284
   4.3250000000  -0.0765223973
   4.3500000000  -0.0762734677
   4.3750000000  -0.0760138188
   4.4000000000  -0.0757368109
   4.4250000000  -0.0754368014
   4.4500000000  -0.0751094069
   4.4750000000  -0.0747516953
   4.5000000000  -0.0743623019
   4.5250000000  -0.0739414641
   4.5500000000  -0.0734909744
   4.5750000000  -0.0730140586
   4.6000000000  -0.0725151847
   4.6250000000  -0.0719998168
   4.6500000000  -0.0714741270
   4.6750000000  -0.0709446805
   4.7000000000  -0.0704181129
   4.7250000000  -0.0699008129
   4.7500000000  -0.0693986289
   4.7750000000  -0.0689166103
   4.8000000000  -0.0684587969
   4.8250000000  -0.0680280637
   4.8500000000  -0.0676260264
   4.8750000000  -0.0672530093
   4.9000000000  -0.0669080754
   4.9250000000  -0.0665891127
   4.9500000000  -0.0662929716
   4.9750000000  -0.0660156432
   5.0000000000  -0.0657524681
