   0.0000000000  -0.8447834039
   0.0250000000  -0.8447706296
   0.0500000000  -0.8447382311
   0.0750000000  -0.8446879522
   0.1000000000  -0.8446214200
   0.1250000000  -0.8445410740
   0.1500000000  -0.8444505146
   0.1750000000  -0.8443548654
   0.2000000000  -0.8442611398
   0.2250000000  -0.8441785338
   0.2500000000  -0.8441185387
   0.2750000000  -0.8440947542
   0.3000000000  -0.8441222827
   0.3250000000  -0.8442166079
   0.3500000000  -0.8443919039
   0.3750000000  -0.8446587803
   0.4000000000  -0.8450215383
   0.4250000000  -0.8454750854
   0.4500000000  -0.8460017208
   0.4750000000  -0.8465680507
   0.5000000000  -0.8471223216
   0.5250000000  -0.8475924572
   0.5500000000  -0.8478850590
   0.5750000000  -0.8478855802
   0.6000000000  -0.8474598089
   0.6250000000  -0.8464567129
   0.6500000000  -0.8447126052
   0.6750000000  -0.8420564973
   0.7000000000  -0.8383164244
   0.7250000000  -0.8333264556
   0.7500000000  -0.8269340457
   0.7750000000  -0.8190073594
   0.8000000000  -0.8094421807
   0.8250000000  -0.7981680382
   0.8500000000  -0.7851532052
   0.8750000000  -0.7704082843
   0.9000000000  -0.7539881542
   0.9250000000  -0.7359921286
   0.9500000000  -0.7165622663
   0.9750000000  -0.6958798554
   1.0000000000  -0.6741601869
   1.0250000000  -0.6516458125
   1.0500000000  -0.6285985629
   1.0750000000  -0.6052906633
   1.1000000000  -0.5819953368
   1.1250000000  -0.5589773170
   1.1500000000  -0.5364837047
   1.1750000000  -0.5147355933
   1.2000000000  -0.4939208534
   1.2250000000  -0.4741884146
   1.2500000000  -0.4556443057
   1.2750000000  -0.4383496231
   1.3000000000  -0.4223204958
   1.3250000000  -0.4075300078
   1.3500000000  -0.3939119335
   1.3750000000  -0.3813660466
   1.4000000000  -0.3697646844
   1.4250000000  -0.3589601907
   1.4500000000  -0.3487928265
   1.4750000000  -0.3390987340
   1.5000000000  -0.3297175556
   1.5250000000  -0.3204993537
   1.5500000000  -0.3113105380
   1.5750000000  -0.3020385815
   1.6000000000  -0.2925953883
   1.6250000000  -0.2829192566
   1.6500000000  -0.2729754609
   1.6750000000  -0.2627555422
   1.7000000000  -0.2522754540
   1.7250000000  -0.2415727497
   1.7500000000  -0.2307030253
   1.7750000000  -0.2197358441
   1.8000000000  -0.2087503665
   1.8250000000  -0.1978309007
   1.8500000000  -0.1870625687
   1.8750000000  -0.1765272577
   1.9000000000  -0.1662999991
   1.9250000000  -0.1564458886
   1.9500000000  -0.1470176261
   1.9750000000  -0.1380537320
   2.0000000000  -0.1295774593
   2.0250000000  -0.1215964036
   2.0500000000  -0.1141027811
   2.0750000000  -0.1070743283
   2.1000000000  -0.1004757565
   2.1250000000  -0.0942606750
   2.1500000000  -0.0883738901
   2.1750000000  -0.0827539703
   2.2000000000  -0.0773359684
   2.2250000000  -0.0720541849
   2.2500000000  -0.0668448616
   2.2750000000  -0.0616487005
   2.3000000000  -0.0564131114
   2.3250000000  -0.0510941074
   2.3500000000  -0.0456577829
   2.3750000000  -0.0400813270
   2.4000000000  -0.0343535480
   2.4250000000  -0.0284749027
   2.4500000000  -0.0224570469
   2.4750000000  -0.0163219445
   2.5000000000  -0.0101005856
   2.5250000000  -0.0038313852
   2.5500000000   0.0024416605
   2.5750000000   0.0086709710
   2.6000000000   0.0148074422
   2.6250000000   0.0208024804
   2.6500000000   0.0266099243
   2.6750000000   0.0321877798
   2.7000000000   0.0374997008
   2.7250000000   0.0425161674
   2.7500000000   0.0472153262
   2.7750000000   0.0515834733
   2.8000000000   0.0556151821
   2.8250000000   0.0593130873
   2.8500000000   0.0626873565
   2.8750000000   0.0657548899
   2.9000000000   0.0685382994
   2.9250000000   0.0710647244
   2.9500000000   0.0733645450
   2.9750000000   0.0754700558
   3.0000000000   0.0774141566
   3.0250000000   0.0792291176
   3.0500000000   0.0809454636
   3.0750000000   0.0825910179
   3.1000000000   0.0841901329
   3.1250000000   0.0857631280
   3.1500000000   0.0873259408
   3.1750000000   0.0888899917
   3.2000000000   0.0904622491
   3.2250000000   0.0920454777
   3.2500000000   0.0936386427
   3.2750000000   0.0952374407
   3.3000000000   0.0968349212
   3.3250000000   0.0984221654
   3.3500000000   0.0999889851
   3.3750000000   0.1015246082
   3.4000000000   0.1030183210
   3.4250000000   0.1044600393
   3.4500000000   0.1058407887
   3.4750000000   0.1071530782
   3.5000000000   0.1083911575
   3.5250000000   0.1095511564
   3.5500000000   0.1106311088
   3.5750000000   0.1116308708
   3.6000000000   0.1125519448
   3.6250000000   0.1133972300
   3.6500000000   0.1141707164
   3.6750000000   0.1148771450
   3.7000000000   0.1155216570
   3.7250000000   0.1161094518
   3.7500000000   0.1166454734
   3.7750000000   0.1171341421
   3.8000000000   0.1175791436
   3.8250000000   0.1179832849
   3.8500000000   0.1183484219
   3.8750000000   0.1186754572
   3.9000000000   0.1189644067
   3.9250000000   0.1192145254
   3.9500000000   0.1194244830
   3.9750000000   0.1195925752
   4.0000000000   0.1197169578
   4.0250000000   0.1197958864
   4.0500000000   0.1198279493
   4.0750000000   0.1198122776
   4.1000000000   0.1197487224
   4.1250000000   0.1196379880
   4.1500000000   0.1194817159
   4.1750000000   0.1192825151
   4.2000000000   0.1190439376
   4.2250000000   0.1187704035
   4.2500000000   0.1184670791
   4.2750000000   0.1181397166
   4.3000000000   0.1177944645
   4.3250000000   0.1174376596
   4.3500000000   0.1170756118
   4.3750000000   0.1167143927
   4.4000000000   0.1163596396
   4.4250000000   0.1160163825
   4.4500000000   0.1156889051
   4.4750000000   0.1153806419
   4.5000000000   0.1150941190
   4.5250000000   0.1148309374
   4.5500000000   0.1145917991
   4.5750000000   0.1143765739
   4.6000000000   0.1141844003
   4.6250000000   0.1140138161
   4.6500000000   0.1138629097
   4.6750000000   0.1137294850
   4.7000000000   0.1136112301
   4.7250000000   0.1135058823
   4.7500000000   0.1134113805
   4.7750000000   0.1133259992
   4.8000000000   0.1132484565
   4.8250000000   0.1131779940
   4.8500000000   0.1131144234
   4.8750000000   0.1130581414
   4.9000000000   0.1130101109
   4.9250000000   0.1129718141
   4.9500000000   0.1129451773
   4.9750000000   0.1129324759
   5.0000000000   0.1129362234
