   0.0000000000   0.2500000000
   0.0250000000   0.2499506003
   0.0500000000   0.2493917677
   0.0750000000   0.2489041916
   0.1000000000   0.2478357181
   0.1250000000   0.2468530117
   0.1500000000   0.2453103499
   0.1750000000   0.2438772713
   0.2000000000   0.2419138805
   0.2250000000   0.2400918824
   0.2500000000   0.2377763933
   0.2750000000   0.2356403910
   0.3000000000   0.2330530304
   0.3250000000   0.2306875425
   0.3500000000   0.2279160544
   0.3750000000   0.2254109701
   0.4000000000   0.2225462962
   0.4250000000   0.2199925372
   0.4500000000   0.2171245259
   0.4750000000   0.2146098653
   0.5000000000   0.2118232617
   0.5250000000   0.2094285404
   0.5500000000   0.2067994777
   0.5750000000   0.2045954153
   0.6000000000   0.2021885817
   0.6250000000   0.2002333280
   0.6500000000   0.1980999258
   0.6750000000   0.1964374417
   0.7000000000   0.1946139953
   0.7250000000   0.1932732876
   0.7500000000   0.1917812990
   0.7750000000   0.1907764817
   0.8000000000   0.1896228768
   0.8250000000   0.1889539778
   0.8500000000   0.1881322429
   0.8750000000   0.1877866376
   0.9000000000   0.1872785144
   0.9250000000   0.1872328411
   0.9500000000   0.1870104232
   0.9750000000   0.1872328221
   1.0000000000   0.1872608945
   1.0250000000   0.1877134074
   1.0500000000   0.1879518697
   1.0750000000   0.1885928509
   1.1000000000   0.1889990817
   1.1250000000   0.1897854855
   1.1500000000   0.1903165262
   1.1750000000   0.1912059632
   1.2000000000   0.1918204264
   1.2250000000   0.1927729074
   1.2500000000   0.1934325436
   1.2750000000   0.1944118602
   1.3000000000   0.1950827473
   1.3250000000   0.1960574677
   1.3500000000   0.1967108132
   1.3750000000   0.1976548954
   1.4000000000   0.1982674674
   1.4250000000   0.1991605157
   1.4500000000   0.1997147356
   1.4750000000   0.2005419425
   1.5000000000   0.2010256888
   1.5250000000   0.2017775149
   1.5500000000   0.2021836952
   1.5750000000   0.2028553481
   1.6000000000   0.2031813000
   1.6250000000   0.2037720731
   1.6500000000   0.2040188559
   1.6750000000   0.2045313868
   1.7000000000   0.2047030196
   1.7250000000   0.2051425211
   1.7500000000   0.2052452184
   1.7750000000   0.2056187283
   1.8000000000   0.2056601735
   1.8250000000   0.2059758601
   1.8500000000   0.2059645486
   1.8750000000   0.2062310967
   1.9000000000   0.2061757707
   1.9250000000   0.2064018682
   1.9500000000   0.2063110554
   1.9750000000   0.2065049852
   2.0000000000   0.2063866451
   2.0250000000   0.2065559853
   2.0500000000   0.2064172613
   2.0750000000   0.2065686865
   2.1000000000   0.2064157538
   2.1250000000   0.2065549271
   2.1500000000   0.2063929258
   2.1750000000   0.2065244684
   2.2000000000   0.2063575052
   2.2250000000   0.2064850278
   2.2500000000   0.2063162330
   2.2750000000   0.2064424130
   2.3000000000   0.2062740352
   2.3250000000   0.2064007258
   2.3500000000   0.2062342508
   2.3750000000   0.2063626073
   2.4000000000   0.2061988893
   2.4250000000   0.2063295014
   2.4500000000   0.2061688949
   2.4750000000   0.2063019169
   2.5000000000   0.2061444018
   2.5250000000   0.2062796716
   2.5500000000   0.2061249666
   2.5750000000   0.2062621112
   2.6000000000   0.2061097701
   2.6250000000   0.2062482938
   2.6500000000   0.2060977852
   2.6750000000   0.2062371398
   2.7000000000   0.2060879086
   2.7250000000   0.2062275469
   2.7500000000   0.2060790594
   2.7750000000   0.2062184723
   2.8000000000   0.2060702466
   2.8250000000   0.2062089875
   2.8500000000   0.2060606117
   2.8750000000   0.2061983092
   2.9000000000   0.2060494497
   2.9250000000   0.2061858117
   2.9500000000   0.2060362142
   2.9750000000   0.2061710268
   3.0000000000   0.2060205123
   3.0250000000   0.2061536333
   3.0500000000   0.2060020910
   3.0750000000   0.2061334421
   3.1000000000   0.2059808205
   3.1250000000   0.2061103781
   3.1500000000   0.2059566755
   3.1750000000   0.2060844615
   3.2000000000   0.2059297176
   3.2250000000   0.2060557906
   3.2500000000   0.2059000779
   3.2750000000   0.2060245260
   3.3000000000   0.2058679426
   3.3250000000   0.2059908763
   3.3500000000   0.2058335404
   3.3750000000   0.2059550874
   3.4000000000   0.2057971315
   3.4250000000   0.2059174319
   3.4500000000   0.2057589993
   3.4750000000   0.2058782021
   3.5000000000   0.2057194429
   3.5250000000   0.2058377023
   3.5500000000   0.2056787710
   3.5750000000   0.2057962441
   3.6000000000   0.2056372965
   3.6250000000   0.2057541409
   3.6500000000   0.2055953321
   3.6750000000   0.2057117035
   3.7000000000   0.2055531861
   3.7250000000   0.2056692368
   3.7500000000   0.2055111587
   3.7750000000   0.2056270354
   3.8000000000   0.2054695385
   3.8250000000   0.2055853812
   3.8500000000   0.2054285995
   3.8750000000   0.2055445397
   3.9000000000   0.2053885986
   3.9250000000   0.2055047582
   3.9500000000   0.2053497727
   3.9750000000   0.2054662631
   4.0000000000   0.2053123372
   4.0250000000   0.2054292582
   4.0500000000   0.2052764840
   4.0750000000   0.2053939234
   4.1000000000   0.2052423807
   4.1250000000   0.2053604135
   4.1500000000   0.2052101692
   4.1750000000   0.2053288576
   4.2000000000   0.2051799658
   4.2250000000   0.2052993590
   4.2500000000   0.2051518606
   4.2750000000   0.2052719947
   4.3000000000   0.2051259181
   4.3250000000   0.2052468168
   4.3500000000   0.2051021775
   4.3750000000   0.2052238522
   4.4000000000   0.2050806541
   4.4250000000   0.2052031045
   4.4500000000   0.2050613401
   4.4750000000   0.2051845549
   4.5000000000   0.2050442063
   4.5250000000   0.2051681644
   4.5500000000   0.2050292040
   4.5750000000   0.2051538751
   4.6000000000   0.2050162670
   4.6250000000   0.2051416129
   4.6500000000   0.2050053137
   4.6750000000   0.2051312895
   4.7000000000   0.2049962496
   4.7250000000   0.2051228047
   4.7500000000   0.2049889696
   4.7750000000   0.2051160493
   4.8000000000   0.2049833608
   4.8250000000   0.2051109070
   4.8500000000   0.2049793043
   4.8750000000   0.2051072569
   4.9000000000   0.2049766779
   4.9250000000   0.2051049758
   4.9500000000   0.2049753577
   4.9750000000   0.2051039401
   5.0000000000   0.2049752205
