   0.0000000000   0.2500000000
   0.0250000000   0.2498682322
   0.0500000000   0.2494742299
   0.0750000000   0.2488218934
   0.1000000000   0.2479176647
   0.1250000000   0.2467704398
   0.1500000000   0.2453914490
   0.1750000000   0.2437941063
   0.2000000000   0.2419938304
   0.2250000000   0.2400078410
   0.2500000000   0.2378549335
   0.2750000000   0.2355552353
   0.3000000000   0.2331299494
   0.3250000000   0.2306010868
   0.3500000000   0.2279911950
   0.3750000000   0.2253230843
   0.4000000000   0.2226195578
   0.4250000000   0.2199031478
   0.4500000000   0.2171958634
   0.4750000000   0.2145189527
   0.5000000000   0.2118926818
   0.5250000000   0.2093361342
   0.5500000000   0.2068670330
   0.5750000000   0.2045015868
   0.6000000000   0.2022543622
   0.6250000000   0.2001381817
   0.6500000000   0.1981640498
   0.6750000000   0.1963411051
   0.7000000000   0.1946765992
   0.7250000000   0.1931759015
   0.7500000000   0.1918425276
   0.7750000000   0.1906781906
   0.8000000000   0.1896828737
   0.8250000000   0.1888549206
   0.8500000000   0.1881911429
   0.8750000000   0.1876869409
   0.9000000000   0.1873364363
   0.9250000000   0.1871326133
   0.9500000000   0.1870674660
   0.9750000000   0.1871321497
   1.0000000000   0.1873171338
   1.0250000000   0.1876123532
   1.0500000000   0.1880073573
   1.0750000000   0.1884914539
   1.1000000000   0.1890538465
   1.1250000000   0.1896837631
   1.1500000000   0.1903705767
   1.1750000000   0.1911039139
   1.2000000000   0.1918737540
   1.2250000000   0.1926705148
   1.2500000000   0.1934851272
   1.2750000000   0.1943090977
   1.3000000000   0.1951345580
   1.3250000000   0.1959543033
   1.3500000000   0.1967618192
   1.3750000000   0.1975512966
   1.4000000000   0.1983176383
   1.4250000000   0.1990564537
   1.4500000000   0.1997640468
   1.4750000000   0.2004373955
   1.5000000000   0.2010741244
   1.5250000000   0.2016724715
   1.5500000000   0.2022312504
   1.5750000000   0.2027498086
   1.6000000000   0.2032279825
   1.6250000000   0.2036660508
   1.6500000000   0.2040646863
   1.6750000000   0.2044249077
   1.7000000000   0.2047480312
   1.7250000000   0.2050356234
   1.7500000000   0.2052894558
   1.7750000000   0.2055114608
   1.8000000000   0.2057036910
   1.8250000000   0.2058682801
   1.8500000000   0.2060074079
   1.8750000000   0.2061232680
   1.9000000000   0.2062180389
   1.9250000000   0.2062938585
   1.9500000000   0.2063528020
   1.9750000000   0.2063968634
   2.0000000000   0.2064279400
   2.0250000000   0.2064478198
   2.0500000000   0.2064581725
   2.0750000000   0.2064605426
   2.1000000000   0.2064563454
   2.1250000000   0.2064468656
   2.1500000000   0.2064332567
   2.1750000000   0.2064165441
   2.2000000000   0.2063976281
   2.2250000000   0.2063772890
   2.2500000000   0.2063561933
   2.2750000000   0.2063349005
   2.3000000000   0.2063138708
   2.3250000000   0.2062934729
   2.3500000000   0.2062739925
   2.3750000000   0.2062556402
   2.4000000000   0.2062385606
   2.4250000000   0.2062228397
   2.4500000000   0.2062085131
   2.4750000000   0.2061955737
   2.5000000000   0.2061839785
   2.5250000000   0.2061736552
   2.5500000000   0.2061645084
   2.5750000000   0.2061564251
   2.6000000000   0.2061492798
   2.6250000000   0.2061429383
   2.6500000000   0.2061372624
   2.6750000000   0.2061321126
   2.7000000000   0.2061273509
   2.7250000000   0.2061228437
   2.7500000000   0.2061184629
   2.7750000000   0.2061140879
   2.8000000000   0.2061096067
   2.8250000000   0.2061049163
   2.8500000000   0.2060999236
   2.8750000000   0.2060945454
   2.9000000000   0.2060887087
   2.9250000000   0.2060823502
   2.9500000000   0.2060754163
   2.9750000000   0.2060678629
   3.0000000000   0.2060596542
   3.0250000000   0.2060507632
   3.0500000000   0.2060411702
   3.0750000000   0.2060308630
   3.1000000000   0.2060198354
   3.1250000000   0.2060080878
   3.1500000000   0.2059956255
   3.1750000000   0.2059824590
   3.2000000000   0.2059686027
   3.2250000000   0.2059540754
   3.2500000000   0.2059388989
   3.2750000000   0.2059230981
   3.3000000000   0.2059067007
   3.3250000000   0.2058897364
   3.3500000000   0.2058722371
   3.3750000000   0.2058542363
   3.4000000000   0.2058357688
   3.4250000000   0.2058168708
   3.4500000000   0.2057975792
   3.4750000000   0.2057779320
   3.5000000000   0.2057579674
   3.5250000000   0.2057377244
   3.5500000000   0.2057172419
   3.5750000000   0.2056965592
   3.6000000000   0.2056757155
   3.6250000000   0.2056547497
   3.6500000000   0.2056337006
   3.6750000000   0.2056126065
   3.7000000000   0.2055915053
   3.7250000000   0.2055704341
   3.7500000000   0.2055494293
   3.7750000000   0.2055285268
   3.8000000000   0.2055077611
   3.8250000000   0.2054871660
   3.8500000000   0.2054667742
   3.8750000000   0.2054466171
   3.9000000000   0.2054267251
   3.9250000000   0.2054071270
   3.9500000000   0.2053878505
   3.9750000000   0.2053689217
   4.0000000000   0.2053503654
   4.0250000000   0.2053322048
   4.0500000000   0.2053144617
   4.0750000000   0.2052971560
   4.1000000000   0.2052803065
   4.1250000000   0.2052639299
   4.1500000000   0.2052480417
   4.1750000000   0.2052326554
   4.2000000000   0.2052177833
   4.2250000000   0.2052034356
   4.2500000000   0.2051896213
   4.2750000000   0.2051763476
   4.3000000000   0.2051636202
   4.3250000000   0.2051514432
   4.3500000000   0.2051398191
   4.3750000000   0.2051287493
   4.4000000000   0.2051182333
   4.4250000000   0.2051082695
   4.4500000000   0.2050988549
   4.4750000000   0.2050899852
   4.5000000000   0.2050816548
   4.5250000000   0.2050738571
   4.5500000000   0.2050665843
   4.5750000000   0.2050598276
   4.6000000000   0.2050535773
   4.6250000000   0.2050478226
   4.6500000000   0.2050425521
   4.6750000000   0.2050377537
   4.7000000000   0.2050334145
   4.7250000000   0.2050295211
   4.7500000000   0.2050260596
   4.7750000000   0.2050230155
   4.8000000000   0.2050203742
   4.8250000000   0.2050181207
   4.8500000000   0.2050162398
   4.8750000000   0.2050147161
   4.9000000000   0.2050135342
   4.9250000000   0.2050126785
   4.9500000000   0.2050121337
   4.9750000000   0.2050118844
   5.0000000000   0.2050119153
