   0.0000000000   0.2500000000
   0.0250000000   0.2498682348
   0.0500000000   0.2494741907
   0.0750000000   0.2488218480
   0.1000000000   0.2479175464
   0.1250000000   0.2467702852
   0.1500000000   0.2453911933
   0.1750000000   0.2437937877
   0.2000000000   0.2419933866
   0.2250000000   0.2400073125
   0.2500000000   0.2378542610
   0.2750000000   0.2355544623
   0.3000000000   0.2331290202
   0.3250000000   0.2306000481
   0.3500000000   0.2279899951
   0.3750000000   0.2253217734
   0.4000000000   0.2226180883
   0.4250000000   0.2199015735
   0.4500000000   0.2171941408
   0.4750000000   0.2145171391
   0.5000000000   0.2118907375
   0.5250000000   0.2093341198
   0.5500000000   0.2068649123
   0.5750000000   0.2044994232
   0.6000000000   0.2022521225
   0.6250000000   0.2001359316
   0.6500000000   0.1981617585
   0.6750000000   0.1963388397
   0.7000000000   0.1946743308
   0.7250000000   0.1931736979
   0.7500000000   0.1918403606
   0.7750000000   0.1906761282
   0.8000000000   0.1896808879
   0.8250000000   0.1888530785
   0.8500000000   0.1881894158
   0.8750000000   0.1876853945
   0.9000000000   0.1873350405
   0.9250000000   0.1871314314
   0.9500000000   0.1870664661
   0.9750000000   0.1871313925
   1.0000000000   0.1873165847
   1.0250000000   0.1876120698
   1.0500000000   0.1880073024
   1.0750000000   0.1884916817
   1.1000000000   0.1890543166
   1.1250000000   0.1896845262
   1.1500000000   0.1903715895
   1.1750000000   0.1911052236
   1.2000000000   0.1918753145
   1.2250000000   0.1926723699
   1.2500000000   0.1934872282
   1.2750000000   0.1943114856
   1.3000000000   0.1951371817
   1.3250000000   0.1959572013
   1.3500000000   0.1967649385
   1.3750000000   0.1975546738
   1.4000000000   0.1983212189
   1.4250000000   0.1990602728
   1.4500000000   0.1997680492
   1.4750000000   0.2004416152
   1.5000000000   0.2010785059
   1.5250000000   0.2016770482
   1.5500000000   0.2022359671
   1.5750000000   0.2027546986
   1.6000000000   0.2032329912
   1.6250000000   0.2036712118
   1.6500000000   0.2040699459
   1.6750000000   0.2044303001
   1.7000000000   0.2047535040
   1.7250000000   0.2050412117
   1.7500000000   0.2052951084
   1.7750000000   0.2055172140
   1.8000000000   0.2057094950
   1.8250000000   0.2058741722
   1.8500000000   0.2060133399
   1.8750000000   0.2061292781
   1.9000000000   0.2062240805
   1.9250000000   0.2062999706
   1.9500000000   0.2063589394
   1.9750000000   0.2064030661
   2.0000000000   0.2064341637
   2.0250000000   0.2064541052
   2.0500000000   0.2064644765
   2.0750000000   0.2064669063
   2.1000000000   0.2064627266
   2.1250000000   0.2064533054
   2.1500000000   0.2064397137
   2.1750000000   0.2064230596
   2.2000000000   0.2064041609
   2.2250000000   0.2063838804
   2.2500000000   0.2063628025
   2.2750000000   0.2063415687
   2.3000000000   0.2063205572
   2.3250000000   0.2063002183
   2.3500000000   0.2062807562
   2.3750000000   0.2062624627
   2.4000000000   0.2062454010
   2.4250000000   0.2062297381
   2.4500000000   0.2062154287
   2.4750000000   0.2062025460
   2.5000000000   0.2061909666
   2.5250000000   0.2061806981
   2.5500000000   0.2061715653
   2.5750000000   0.2061635345
   2.6000000000   0.2061564007
   2.6250000000   0.2061501090
   2.6500000000   0.2061444419
   2.6750000000   0.2061393386
   2.7000000000   0.2061345828
   2.7250000000   0.2061301188
   2.7500000000   0.2061257405
   2.7750000000   0.2061214054
   2.8000000000   0.2061169235
   2.8250000000   0.2061122695
   2.8500000000   0.2061072729
   2.8750000000   0.2061019278
   2.9000000000   0.2060960842
   2.9250000000   0.2060897556
   2.9500000000   0.2060828121
   2.9750000000   0.2060752857
   3.0000000000   0.2060670649
   3.0250000000   0.2060581984
   3.0500000000   0.2060485912
   3.0750000000   0.2060383062
   3.1000000000   0.2060272626
   3.1250000000   0.2060155355
   3.1500000000   0.2060030558
   3.1750000000   0.2059899082
   3.2000000000   0.2059760334
   3.2250000000   0.2059615240
   3.2500000000   0.2059463281
   3.2750000000   0.2059305445
   3.3000000000   0.2059141272
   3.3250000000   0.2058971796
   3.3500000000   0.2058796602
   3.3750000000   0.2058616757
   3.4000000000   0.2058431881
   3.4250000000   0.2058243063
   3.4500000000   0.2058049948
   3.4750000000   0.2057853638
   3.5000000000   0.2057653796
   3.5250000000   0.2057451529
   3.5500000000   0.2057246512
   3.5750000000   0.2057039851
   3.6000000000   0.2056831226
   3.6250000000   0.2056621737
   3.6500000000   0.2056411064
   3.6750000000   0.2056200295
   3.7000000000   0.2055989106
   3.7250000000   0.2055778569
   3.7500000000   0.2055568350
   3.7750000000   0.2055359503
   3.8000000000   0.2055151680
   3.8250000000   0.2054945911
   3.8500000000   0.2054741832
   3.8750000000   0.2054540447
   3.9000000000   0.2054341371
   3.9250000000   0.2054145579
   3.9500000000   0.2053952663
   3.9750000000   0.2053763567
   4.0000000000   0.2053577859
   4.0250000000   0.2053396449
   4.0500000000   0.2053218877
   4.0750000000   0.2053046019
   4.1000000000   0.2052877388
   4.1250000000   0.2052713824
   4.1500000000   0.2052554812
   4.1750000000   0.2052401154
   4.2000000000   0.2052252308
   4.2250000000   0.2052109040
   4.2500000000   0.2051970777
   4.2750000000   0.2051838252
   4.3000000000   0.2051710864
   4.3250000000   0.2051589309
   4.3500000000   0.2051472961
   4.3750000000   0.2051362482
   4.4000000000   0.2051257219
   4.4250000000   0.2051157805
   4.4500000000   0.2051063562
   4.4750000000   0.2050975091
   4.5000000000   0.2050891697
   4.5250000000   0.2050813951
   4.5500000000   0.2050741137
   4.5750000000   0.2050673805
   4.6000000000   0.2050611222
   4.6250000000   0.2050553914
   4.6500000000   0.2050501136
   4.6750000000   0.2050453394
   4.7000000000   0.2050409934
   4.7250000000   0.2050371246
   4.7500000000   0.2050336567
   4.7750000000   0.2050306376
   4.8000000000   0.2050279905
   4.8250000000   0.2050257622
   4.8500000000   0.2050238759
   4.8750000000   0.2050223778
   4.9000000000   0.2050211909
   4.9250000000   0.2050203610
   4.9500000000   0.2050198116
   4.9750000000   0.2050195883
   5.0000000000   0.2050196150
