   0.0000000000   0.0000000000
   0.0250000000  -0.0001317652
   0.0500000000  -0.0005258093
   0.0750000000  -0.0011781520
   0.1000000000  -0.0020824536
   0.1250000000  -0.0032297148
   0.1500000000  -0.0046088067
   0.1750000000  -0.0062062123
   0.2000000000  -0.0080066134
   0.2250000000  -0.0099926875
   0.2500000000  -0.0121457390
   0.2750000000  -0.0144455377
   0.3000000000  -0.0168709798
   0.3250000000  -0.0193999519
   0.3500000000  -0.0220100049
   0.3750000000  -0.0246782266
   0.4000000000  -0.0273819117
   0.4250000000  -0.0300984265
   0.4500000000  -0.0328058592
   0.4750000000  -0.0354828609
   0.5000000000  -0.0381092625
   0.5250000000  -0.0406658802
   0.5500000000  -0.0431350877
   0.5750000000  -0.0455005768
   0.6000000000  -0.0477478775
   0.6250000000  -0.0498640684
   0.6500000000  -0.0518382415
   0.6750000000  -0.0536611603
   0.7000000000  -0.0553256692
   0.7250000000  -0.0568263021
   0.7500000000  -0.0581596394
   0.7750000000  -0.0593238718
   0.8000000000  -0.0603191121
   0.8250000000  -0.0611469215
   0.8500000000  -0.0618105842
   0.8750000000  -0.0623146055
   0.9000000000  -0.0626649595
   0.9250000000  -0.0628685686
   0.9500000000  -0.0629335339
   0.9750000000  -0.0628686075
   1.0000000000  -0.0626834153
   1.0250000000  -0.0623879302
   1.0500000000  -0.0619926976
   1.0750000000  -0.0615083183
   1.1000000000  -0.0609456834
   1.1250000000  -0.0603154738
   1.1500000000  -0.0596284105
   1.1750000000  -0.0588947764
   1.2000000000  -0.0581246855
   1.2250000000  -0.0573276301
   1.2500000000  -0.0565127718
   1.2750000000  -0.0556885144
   1.3000000000  -0.0548628183
   1.3250000000  -0.0540427987
   1.3500000000  -0.0532350615
   1.3750000000  -0.0524453262
   1.4000000000  -0.0516787811
   1.4250000000  -0.0509397272
   1.4500000000  -0.0502319508
   1.4750000000  -0.0495583848
   1.5000000000  -0.0489214941
   1.5250000000  -0.0483229518
   1.5500000000  -0.0477640329
   1.5750000000  -0.0472453014
   1.6000000000  -0.0467670088
   1.6250000000  -0.0463287882
   1.6500000000  -0.0459300541
   1.6750000000  -0.0455696999
   1.7000000000  -0.0452464960
   1.7250000000  -0.0449587883
   1.7500000000  -0.0447048916
   1.7750000000  -0.0444827860
   1.8000000000  -0.0442905050
   1.8250000000  -0.0441258278
   1.8500000000  -0.0439866601
   1.8750000000  -0.0438707219
   1.9000000000  -0.0437759195
   1.9250000000  -0.0437000294
   1.9500000000  -0.0436410606
   1.9750000000  -0.0435969339
   2.0000000000  -0.0435658363
   2.0250000000  -0.0435458948
   2.0500000000  -0.0435355235
   2.0750000000  -0.0435330937
   2.1000000000  -0.0435372734
   2.1250000000  -0.0435466946
   2.1500000000  -0.0435602863
   2.1750000000  -0.0435769404
   2.2000000000  -0.0435958391
   2.2250000000  -0.0436161196
   2.2500000000  -0.0436371975
   2.2750000000  -0.0436584313
   2.3000000000  -0.0436794428
   2.3250000000  -0.0436997817
   2.3500000000  -0.0437192438
   2.3750000000  -0.0437375373
   2.4000000000  -0.0437545990
   2.4250000000  -0.0437702619
   2.4500000000  -0.0437845713
   2.4750000000  -0.0437974540
   2.5000000000  -0.0438090334
   2.5250000000  -0.0438193019
   2.5500000000  -0.0438284347
   2.5750000000  -0.0438364655
   2.6000000000  -0.0438435993
   2.6250000000  -0.0438498910
   2.6500000000  -0.0438555581
   2.6750000000  -0.0438606614
   2.7000000000  -0.0438654172
   2.7250000000  -0.0438698812
   2.7500000000  -0.0438742595
   2.7750000000  -0.0438785946
   2.8000000000  -0.0438830765
   2.8250000000  -0.0438877305
   2.8500000000  -0.0438927271
   2.8750000000  -0.0438980722
   2.9000000000  -0.0439039158
   2.9250000000  -0.0439102444
   2.9500000000  -0.0439171879
   2.9750000000  -0.0439247143
   3.0000000000  -0.0439329351
   3.0250000000  -0.0439418016
   3.0500000000  -0.0439514088
   3.0750000000  -0.0439616938
   3.1000000000  -0.0439727374
   3.1250000000  -0.0439844645
   3.1500000000  -0.0439969442
   3.1750000000  -0.0440100918
   3.2000000000  -0.0440239666
   3.2250000000  -0.0440384760
   3.2500000000  -0.0440536719
   3.2750000000  -0.0440694555
   3.3000000000  -0.0440858728
   3.3250000000  -0.0441028204
   3.3500000000  -0.0441203398
   3.3750000000  -0.0441383243
   3.4000000000  -0.0441568119
   3.4250000000  -0.0441756937
   3.4500000000  -0.0441950052
   3.4750000000  -0.0442146362
   3.5000000000  -0.0442346204
   3.5250000000  -0.0442548471
   3.5500000000  -0.0442753488
   3.5750000000  -0.0442960149
   3.6000000000  -0.0443168774
   3.6250000000  -0.0443378263
   3.6500000000  -0.0443588936
   3.6750000000  -0.0443799705
   3.7000000000  -0.0444010894
   3.7250000000  -0.0444221431
   3.7500000000  -0.0444431650
   3.7750000000  -0.0444640497
   3.8000000000  -0.0444848320
   3.8250000000  -0.0445054089
   3.8500000000  -0.0445258168
   3.8750000000  -0.0445459553
   3.9000000000  -0.0445658629
   3.9250000000  -0.0445854421
   3.9500000000  -0.0446047337
   3.9750000000  -0.0446236433
   4.0000000000  -0.0446422141
   4.0250000000  -0.0446603551
   4.0500000000  -0.0446781123
   4.0750000000  -0.0446953981
   4.1000000000  -0.0447122612
   4.1250000000  -0.0447286176
   4.1500000000  -0.0447445188
   4.1750000000  -0.0447598846
   4.2000000000  -0.0447747692
   4.2250000000  -0.0447890960
   4.2500000000  -0.0448029223
   4.2750000000  -0.0448161748
   4.3000000000  -0.0448289136
   4.3250000000  -0.0448410691
   4.3500000000  -0.0448527039
   4.3750000000  -0.0448637518
   4.4000000000  -0.0448742781
   4.4250000000  -0.0448842195
   4.4500000000  -0.0448936438
   4.4750000000  -0.0449024909
   4.5000000000  -0.0449108303
   4.5250000000  -0.0449186049
   4.5500000000  -0.0449258863
   4.5750000000  -0.0449326195
   4.6000000000  -0.0449388778
   4.6250000000  -0.0449446086
   4.6500000000  -0.0449498864
   4.6750000000  -0.0449546606
   4.7000000000  -0.0449590066
   4.7250000000  -0.0449628754
   4.7500000000  -0.0449663433
   4.7750000000  -0.0449693624
   4.8000000000  -0.0449720095
   4.8250000000  -0.0449742378
   4.8500000000  -0.0449761241
   4.8750000000  -0.0449776222
   4.9000000000  -0.0449788091
   4.9250000000  -0.0449796390
   4.9500000000  -0.0449801884
   4.9750000000  -0.0449804117
   5.0000000000  -0.0449803850
