   0.0000000000   0.0000000000
   0.0250000000  -0.0000493997
   0.0500000000  -0.0006082323
   0.0750000000  -0.0010958084
   0.1000000000  -0.0021642819
   0.1250000000  -0.0031469883
   0.1500000000  -0.0046896501
   0.1750000000  -0.0061227287
   0.2000000000  -0.0080861195
   0.2250000000  -0.0099081176
   0.2500000000  -0.0122236067
   0.2750000000  -0.0143596090
   0.3000000000  -0.0169469696
   0.3250000000  -0.0193124575
   0.3500000000  -0.0220839456
   0.3750000000  -0.0245890299
   0.4000000000  -0.0274537038
   0.4250000000  -0.0300074628
   0.4500000000  -0.0328754741
   0.4750000000  -0.0353901347
   0.5000000000  -0.0381767383
   0.5250000000  -0.0405714596
   0.5500000000  -0.0432005223
   0.5750000000  -0.0454045847
   0.6000000000  -0.0478114183
   0.6250000000  -0.0497666720
   0.6500000000  -0.0519000742
   0.6750000000  -0.0535625583
   0.7000000000  -0.0553860047
   0.7250000000  -0.0567267124
   0.7500000000  -0.0582187010
   0.7750000000  -0.0592235183
   0.8000000000  -0.0603771232
   0.8250000000  -0.0610460222
   0.8500000000  -0.0618677571
   0.8750000000  -0.0622133624
   0.9000000000  -0.0627214856
   0.9250000000  -0.0627671589
   0.9500000000  -0.0629895768
   0.9750000000  -0.0627671779
   1.0000000000  -0.0627391055
   1.0250000000  -0.0622865926
   1.0500000000  -0.0620481303
   1.0750000000  -0.0614071491
   1.1000000000  -0.0610009183
   1.1250000000  -0.0602145145
   1.1500000000  -0.0596834738
   1.1750000000  -0.0587940368
   1.2000000000  -0.0581795736
   1.2250000000  -0.0572270926
   1.2500000000  -0.0565674564
   1.2750000000  -0.0555881398
   1.3000000000  -0.0549172527
   1.3250000000  -0.0539425323
   1.3500000000  -0.0532891868
   1.3750000000  -0.0523451046
   1.4000000000  -0.0517325326
   1.4250000000  -0.0508394843
   1.4500000000  -0.0502852644
   1.4750000000  -0.0494580575
   1.5000000000  -0.0489743112
   1.5250000000  -0.0482224851
   1.5500000000  -0.0478163048
   1.5750000000  -0.0471446519
   1.6000000000  -0.0468187000
   1.6250000000  -0.0462279269
   1.6500000000  -0.0459811441
   1.6750000000  -0.0454686132
   1.7000000000  -0.0452969804
   1.7250000000  -0.0448574789
   1.7500000000  -0.0447547816
   1.7750000000  -0.0443812717
   1.8000000000  -0.0443398265
   1.8250000000  -0.0440241399
   1.8500000000  -0.0440354514
   1.8750000000  -0.0437689033
   1.9000000000  -0.0438242293
   1.9250000000  -0.0435981318
   1.9500000000  -0.0436889446
   1.9750000000  -0.0434950148
   2.0000000000  -0.0436133549
   2.0250000000  -0.0434440147
   2.0500000000  -0.0435827387
   2.0750000000  -0.0434313135
   2.1000000000  -0.0435842462
   2.1250000000  -0.0434450729
   2.1500000000  -0.0436070742
   2.1750000000  -0.0434755316
   2.2000000000  -0.0436424948
   2.2250000000  -0.0435149722
   2.2500000000  -0.0436837670
   2.2750000000  -0.0435575870
   2.3000000000  -0.0437259648
   2.3250000000  -0.0435992742
   2.3500000000  -0.0437657492
   2.3750000000  -0.0436373927
   2.4000000000  -0.0438011107
   2.4250000000  -0.0436704986
   2.4500000000  -0.0438311051
   2.4750000000  -0.0436980831
   2.5000000000  -0.0438555982
   2.5250000000  -0.0437203284
   2.5500000000  -0.0438750334
   2.5750000000  -0.0437378888
   2.6000000000  -0.0438902299
   2.6250000000  -0.0437517062
   2.6500000000  -0.0439022148
   2.6750000000  -0.0437628602
   2.7000000000  -0.0439120914
   2.7250000000  -0.0437724531
   2.7500000000  -0.0439209406
   2.7750000000  -0.0437815277
   2.8000000000  -0.0439297534
   2.8250000000  -0.0437910125
   2.8500000000  -0.0439393883
   2.8750000000  -0.0438016908
   2.9000000000  -0.0439505503
   2.9250000000  -0.0438141883
   2.9500000000  -0.0439637858
   2.9750000000  -0.0438289732
   3.0000000000  -0.0439794877
   3.0250000000  -0.0438463667
   3.0500000000  -0.0439979090
   3.0750000000  -0.0438665579
   3.1000000000  -0.0440191795
   3.1250000000  -0.0438896219
   3.1500000000  -0.0440433245
   3.1750000000  -0.0439155385
   3.2000000000  -0.0440702824
   3.2250000000  -0.0439442094
   3.2500000000  -0.0440999221
   3.2750000000  -0.0439754740
   3.3000000000  -0.0441320574
   3.3250000000  -0.0440091237
   3.3500000000  -0.0441664596
   3.3750000000  -0.0440449126
   3.4000000000  -0.0442028685
   3.4250000000  -0.0440825681
   3.4500000000  -0.0442410007
   3.4750000000  -0.0441217979
   3.5000000000  -0.0442805571
   3.5250000000  -0.0441622977
   3.5500000000  -0.0443212290
   3.5750000000  -0.0442037559
   3.6000000000  -0.0443627035
   3.6250000000  -0.0442458591
   3.6500000000  -0.0444046679
   3.6750000000  -0.0442882965
   3.7000000000  -0.0444468139
   3.7250000000  -0.0443307632
   3.7500000000  -0.0444888413
   3.7750000000  -0.0443729646
   3.8000000000  -0.0445304615
   3.8250000000  -0.0444146188
   3.8500000000  -0.0445714005
   3.8750000000  -0.0444554603
   3.9000000000  -0.0446114014
   3.9250000000  -0.0444952418
   3.9500000000  -0.0446502273
   3.9750000000  -0.0445337369
   4.0000000000  -0.0446876628
   4.0250000000  -0.0445707418
   4.0500000000  -0.0447235160
   4.0750000000  -0.0446060766
   4.1000000000  -0.0447576193
   4.1250000000  -0.0446395865
   4.1500000000  -0.0447898308
   4.1750000000  -0.0446711424
   4.2000000000  -0.0448200342
   4.2250000000  -0.0447006410
   4.2500000000  -0.0448481394
   4.2750000000  -0.0447280053
   4.3000000000  -0.0448740819
   4.3250000000  -0.0447531832
   4.3500000000  -0.0448978225
   4.3750000000  -0.0447761478
   4.4000000000  -0.0449193459
   4.4250000000  -0.0447968955
   4.4500000000  -0.0449386599
   4.4750000000  -0.0448154451
   4.5000000000  -0.0449557937
   4.5250000000  -0.0448318356
   4.5500000000  -0.0449707960
   4.5750000000  -0.0448461249
   4.6000000000  -0.0449837330
   4.6250000000  -0.0448583871
   4.6500000000  -0.0449946863
   4.6750000000  -0.0448687105
   4.7000000000  -0.0450037504
   4.7250000000  -0.0448771953
   4.7500000000  -0.0450110304
   4.7750000000  -0.0448839507
   4.8000000000  -0.0450166392
   4.8250000000  -0.0448890930
   4.8500000000  -0.0450206957
   4.8750000000  -0.0448927431
   4.9000000000  -0.0450233221
   4.9250000000  -0.0448950242
   4.9500000000  -0.0450246423
   4.9750000000  -0.0448960599
   5.0000000000  -0.0450247795
