   0.0000000000  -0.8447837376
   0.0250000000  -0.8445432144
   0.0500000000  -0.8448829135
   0.0750000000  -0.8439088381
   0.1000000000  -0.8437343954
   0.1250000000  -0.8422632093
   0.1500000000  -0.8416082337
   0.1750000000  -0.8396828931
   0.2000000000  -0.8385991124
   0.2250000000  -0.8362794025
   0.2500000000  -0.8348338707
   0.2750000000  -0.8321932125
   0.3000000000  -0.8304647705
   0.3250000000  -0.8275863953
   0.3500000000  -0.8256616213
   0.3750000000  -0.8226343621
   0.4000000000  -0.8206032720
   0.4250000000  -0.8175172399
   0.4500000000  -0.8154690050
   0.4750000000  -0.8124114118
   0.5000000000  -0.8104303463
   0.5250000000  -0.8074817128
   0.5500000000  -0.8056437522
   0.5750000000  -0.8028746997
   0.6000000000  -0.8012445442
   0.6250000000  -0.7987133195
   0.6500000000  -0.7973423614
   0.6750000000  -0.7950931826
   0.7000000000  -0.7940182783
   0.7250000000  -0.7920805323
   0.7500000000  -0.7913236189
   0.7750000000  -0.7897118839
   0.8000000000  -0.7892803875
   0.8250000000  -0.7879952029
   0.8500000000  -0.7878831422
   0.8750000000  -0.7869124120
   0.9000000000  -0.7871020645
   0.9250000000  -0.7864229491
   0.9500000000  -0.7868869291
   0.9750000000  -0.7864680688
   1.0000000000  -0.7871716560
   1.0250000000  -0.7869755649
   1.0500000000  -0.7878791259
   1.0750000000  -0.7878646049
   1.1000000000  -0.7889259635
   1.1250000000  -0.7890503973
   1.1500000000  -0.7902270303
   1.1750000000  -0.7904484573
   1.2000000000  -0.7916994184
   1.2250000000  -0.7919782918
   1.2500000000  -0.7932657957
   1.2750000000  -0.7935663808
   1.3000000000  -0.7948570083
   1.3250000000  -0.7951483925
   1.3500000000  -0.7964139056
   1.3750000000  -0.7966706220
   1.4000000000  -0.7978884021
   1.4250000000  -0.7980906912
   1.4500000000  -0.7992438341
   1.4750000000  -0.7993775832
   1.5000000000  -0.8004546977
   1.5250000000  -0.8005111141
   1.5500000000  -0.8015058831
   1.5750000000  -0.8014809587
   1.6000000000  -0.8023915246
   1.6250000000  -0.8022853566
   1.6500000000  -0.8031135923
   1.6750000000  -0.8029296205
   1.7000000000  -0.8036803459
   1.7250000000  -0.8034245606
   1.7500000000  -0.8041047547
   1.7750000000  -0.8037849240
   1.8000000000  -0.8044029770
   1.8250000000  -0.8040279311
   1.8500000000  -0.8045929675
   1.8750000000  -0.8041719681
   1.9000000000  -0.8046932662
   1.9250000000  -0.8042354782
   1.9500000000  -0.8047219977
   1.9750000000  -0.8042360734
   2.0000000000  -0.8046960956
   2.0250000000  -0.8041898711
   2.0500000000  -0.8046307497
   2.0750000000  -0.8041110476
   2.1000000000  -0.8045390607
   2.1250000000  -0.8040115882
   2.1500000000  -0.8044318793
   2.1750000000  -0.8039012079
   2.2000000000  -0.8043177996
   2.2250000000  -0.8037874090
   2.2500000000  -0.8042032736
   2.2750000000  -0.8036756448
   2.3000000000  -0.8040928151
   2.3250000000  -0.8035695551
   2.3500000000  -0.8039892600
   2.3750000000  -0.8034712448
   2.4000000000  -0.8038940566
   2.4250000000  -0.8033815797
   2.4500000000  -0.8038075609
   2.4750000000  -0.8033004772
   2.5000000000  -0.8037293199
   2.5250000000  -0.8032271782
   2.5500000000  -0.8036583284
   2.5750000000  -0.8031604868
   2.6000000000  -0.8035932506
   2.6250000000  -0.8030989727
   2.6500000000  -0.8035326019
   2.6750000000  -0.8030411329
   2.7000000000  -0.8034748916
   2.7250000000  -0.8029855144
   2.7500000000  -0.8034187256
   2.7750000000  -0.8029307995
   2.8000000000  -0.8033628758
   2.8250000000  -0.8028758592
   2.8500000000  -0.8033063192
   2.8750000000  -0.8028197806
   2.9000000000  -0.8032482541
   2.9250000000  -0.8027618725
   2.9500000000  -0.8031880977
   2.9750000000  -0.8027016568
   3.0000000000  -0.8031254715
   3.0250000000  -0.8026388488
   3.0500000000  -0.8030601783
   3.0750000000  -0.8025733320
   3.1000000000  -0.8029921754
   3.1250000000  -0.8025051306
   3.1500000000  -0.8029215467
   3.1750000000  -0.8024343813
   3.2000000000  -0.8028484755
   3.2250000000  -0.8023613077
   3.2500000000  -0.8027732195
   3.2750000000  -0.8022861967
   3.3000000000  -0.8026960900
   3.3250000000  -0.8022093790
   3.3500000000  -0.8026174328
   3.3750000000  -0.8021312121
   3.4000000000  -0.8025376139
   3.4250000000  -0.8020520672
   3.4500000000  -0.8024570071
   3.4750000000  -0.8019723187
   3.5000000000  -0.8023759852
   3.5250000000  -0.8018923358
   3.5500000000  -0.8022949124
   3.5750000000  -0.8018124764
   3.6000000000  -0.8022141388
   3.6250000000  -0.8017330821
   3.6500000000  -0.8021339969
   3.6750000000  -0.8016544750
   3.7000000000  -0.8020547978
   3.7250000000  -0.8015769550
   3.7500000000  -0.8019768294
   3.7750000000  -0.8015007978
   3.8000000000  -0.8019003550
   3.8250000000  -0.8014262537
   3.8500000000  -0.8018256118
   3.8750000000  -0.8013535469
   3.9000000000  -0.8017528108
   3.9250000000  -0.8012828750
   3.9500000000  -0.8016821361
   3.9750000000  -0.8012144089
   4.0000000000  -0.8016137455
   4.0250000000  -0.8011482932
   4.0500000000  -0.8015477707
   4.0750000000  -0.8010846467
   4.1000000000  -0.8014843176
   4.1250000000  -0.8010235630
   4.1500000000  -0.8014234677
   4.1750000000  -0.8009651115
   4.2000000000  -0.8013652785
   4.2250000000  -0.8009093382
   4.2500000000  -0.8013097850
   4.2750000000  -0.8008562674
   4.3000000000  -0.8012570007
   4.3250000000  -0.8008059023
   4.3500000000  -0.8012069192
   4.3750000000  -0.8007582268
   4.4000000000  -0.8011595150
   4.4250000000  -0.8007132069
   4.4500000000  -0.8011147458
   4.4750000000  -0.8006707921
   4.5000000000  -0.8010725535
   4.5250000000  -0.8006309172
   4.5500000000  -0.8010328661
   4.5750000000  -0.8005935039
   4.6000000000  -0.8009955995
   4.6250000000  -0.8005584628
   4.6500000000  -0.8009606593
   4.6750000000  -0.8005256947
   4.7000000000  -0.8009279423
   4.7250000000  -0.8004950934
   4.7500000000  -0.8008973391
   4.7750000000  -0.8004665464
   4.8000000000  -0.8008687352
   4.8250000000  -0.8004399376
   4.8500000000  -0.8008420130
   4.8750000000  -0.8004151486
   4.9000000000  -0.8008170536
   4.9250000000  -0.8003920602
   4.9500000000  -0.8007937381
   4.9750000000  -0.8003705539
   5.0000000000  -0.8007719486
