   0.0000000000  -0.8447842552
   0.0250000000  -0.8445485872
   0.0500000000  -0.8439474933
   0.0750000000  -0.8430885105
   0.1000000000  -0.8419788935
   0.1250000000  -0.8406276891
   0.1500000000  -0.8390469260
   0.1750000000  -0.8372501526
   0.2000000000  -0.8352535623
   0.2250000000  -0.8330744849
   0.2500000000  -0.8307324586
   0.2750000000  -0.8282476893
   0.3000000000  -0.8256420842
   0.3250000000  -0.8229376950
   0.3500000000  -0.8201577296
   0.3750000000  -0.8173249960
   0.4000000000  -0.8144629093
   0.4250000000  -0.8115939523
   0.4500000000  -0.8087406948
   0.4750000000  -0.8059242848
   0.5000000000  -0.8031654941
   0.5250000000  -0.8004832536
   0.5500000000  -0.7978957352
   0.5750000000  -0.7954189406
   0.6000000000  -0.7930678265
   0.6250000000  -0.7908549531
   0.6500000000  -0.7887916562
   0.6750000000  -0.7868867562
   0.7000000000  -0.7851477777
   0.7250000000  -0.7835797170
   0.7500000000  -0.7821863058
   0.7750000000  -0.7809688319
   0.8000000000  -0.7799274407
   0.8250000000  -0.7790600018
   0.8500000000  -0.7783634397
   0.8750000000  -0.7778326376
   0.9000000000  -0.7774617870
   0.9250000000  -0.7772433187
   0.9500000000  -0.7771692615
   0.9750000000  -0.7772301897
   1.0000000000  -0.7774165811
   1.0250000000  -0.7777177715
   1.0500000000  -0.7781233031
   1.0750000000  -0.7786218765
   1.1000000000  -0.7792026827
   1.1250000000  -0.7798543456
   1.1500000000  -0.7805662304
   1.1750000000  -0.7813273732
   1.2000000000  -0.7821277601
   1.2250000000  -0.7829572406
   1.2500000000  -0.7838067763
   1.2750000000  -0.7846673352
   1.3000000000  -0.7855311098
   1.3250000000  -0.7863903930
   1.3500000000  -0.7872387659
   1.3750000000  -0.7880699567
   1.4000000000  -0.7888790013
   1.4250000000  -0.7896610870
   1.4500000000  -0.7904126885
   1.4750000000  -0.7911304014
   1.5000000000  -0.7918120564
   1.5250000000  -0.7924555460
   1.5500000000  -0.7930599217
   1.5750000000  -0.7936242173
   1.6000000000  -0.7941485333
   1.6250000000  -0.7946328607
   1.6500000000  -0.7950781564
   1.6750000000  -0.7954851703
   1.7000000000  -0.7958555156
   1.7250000000  -0.7961905026
   1.7500000000  -0.7964922054
   1.7750000000  -0.7967623058
   1.8000000000  -0.7970031583
   1.8250000000  -0.7972166452
   1.8500000000  -0.7974052420
   1.8750000000  -0.7975708852
   1.9000000000  -0.7977160380
   1.9250000000  -0.7978425713
   1.9500000000  -0.7979528312
   1.9750000000  -0.7980485319
   2.0000000000  -0.7981318254
   2.0250000000  -0.7982042065
   2.0500000000  -0.7982675826
   2.0750000000  -0.7983231911
   2.1000000000  -0.7983726692
   2.1250000000  -0.7984169815
   2.1500000000  -0.7984574887
   2.1750000000  -0.7984948857
   2.2000000000  -0.7985302675
   2.2250000000  -0.7985640760
   2.2500000000  -0.7985971634
   2.2750000000  -0.7986297457
   2.3000000000  -0.7986624629
   2.3250000000  -0.7986953387
   2.3500000000  -0.7987288358
   2.3750000000  -0.7987628220
   2.4000000000  -0.7987976191
   2.4250000000  -0.7988329752
   2.4500000000  -0.7988691070
   2.4750000000  -0.7989056767
   2.5000000000  -0.7989428284
   2.5250000000  -0.7989801691
   2.5500000000  -0.7990177983
   2.5750000000  -0.7990552938
   2.6000000000  -0.7990927341
   2.6250000000  -0.7991296885
   2.6500000000  -0.7991662331
   2.6750000000  -0.7992019445
   2.7000000000  -0.7992369096
   2.7250000000  -0.7992707240
   2.7500000000  -0.7993034946
   2.7750000000  -0.7993348426
   2.8000000000  -0.7993649004
   2.8250000000  -0.7993933185
   2.8500000000  -0.7994202569
   2.8750000000  -0.7994453965
   2.9000000000  -0.7994689247
   2.9250000000  -0.7994905517
   2.9500000000  -0.7995104904
   2.9750000000  -0.7995284778
   3.0000000000  -0.7995447495
   3.0250000000  -0.7995590661
   3.0500000000  -0.7995716823
   3.0750000000  -0.7995823787
   3.1000000000  -0.7995914256
   3.1250000000  -0.7995986198
   3.1500000000  -0.7996042436
   3.1750000000  -0.7996081069
   3.2000000000  -0.7996105005
   3.2250000000  -0.7996112444
   3.2500000000  -0.7996106352
   3.2750000000  -0.7996085001
   3.3000000000  -0.7996051392
   3.3250000000  -0.7996003848
   3.3500000000  -0.7995945385
   3.3750000000  -0.7995874359
   3.4000000000  -0.7995793787
   3.4250000000  -0.7995702040
   3.4500000000  -0.7995602125
   3.4750000000  -0.7995492421
   3.5000000000  -0.7995375910
   3.5250000000  -0.7995250971
   3.5500000000  -0.7995120558
   3.5750000000  -0.7994983041
   3.6000000000  -0.7994841337
   3.6250000000  -0.7994693806
   3.6500000000  -0.7994543323
   3.6750000000  -0.7994388232
   3.7000000000  -0.7994231364
   3.7250000000  -0.7994071043
   3.7500000000  -0.7993910056
   3.7750000000  -0.7993746701
   3.8000000000  -0.7993583719
   3.8250000000  -0.7993419383
   3.8500000000  -0.7993256383
   3.8750000000  -0.7993092967
   3.9000000000  -0.7992931774
   3.9250000000  -0.7992771026
   3.9500000000  -0.7992613307
   3.9750000000  -0.7992456812
   4.0000000000  -0.7992304073
   4.0250000000  -0.7992153258
   4.0500000000  -0.7992006845
   4.0750000000  -0.7991862972
   4.1000000000  -0.7991724067
   4.1250000000  -0.7991588238
   4.1500000000  -0.7991457862
   4.1750000000  -0.7991331019
   4.2000000000  -0.7991210033
   4.2250000000  -0.7991092958
   4.2500000000  -0.7990982067
   4.2750000000  -0.7990875388
   4.3000000000  -0.7990775144
   4.3250000000  -0.7990679339
   4.3500000000  -0.7990590149
   4.3750000000  -0.7990505552
   4.4000000000  -0.7990427678
   4.4250000000  -0.7990354484
   4.4500000000  -0.7990288056
   4.4750000000  -0.7990226332
   4.5000000000  -0.7990171354
   4.5250000000  -0.7990121044
   4.5500000000  -0.7990077403
   4.5750000000  -0.7990038339
   4.6000000000  -0.7990005816
   4.6250000000  -0.7989977729
   4.6500000000  -0.7989956011
   4.6750000000  -0.7989938544
   4.7000000000  -0.7989927230
   4.7250000000  -0.7989919948
   4.7500000000  -0.7989918569
   4.7750000000  -0.7989920969
   4.8000000000  -0.7989928995
   4.8250000000  -0.7989940522
   4.8500000000  -0.7989957375
   4.8750000000  -0.7989977432
   4.9000000000  -0.7990002498
   4.9250000000  -0.7990030456
   4.9500000000  -0.7990063096
   4.9750000000  -0.7990098306
   5.0000000000  -0.7990137864
