   0.0000000000  -0.8447842552
   0.0250000000  -0.8447838999
   0.0500000000  -0.8447834173
   0.0750000000  -0.8447826320
   0.1000000000  -0.8447815497
   0.1250000000  -0.8447801783
   0.1500000000  -0.8447785283
   0.1750000000  -0.8447766132
   0.2000000000  -0.8447744494
   0.2250000000  -0.8447720566
   0.2500000000  -0.8447694583
   0.2750000000  -0.8447666817
   0.3000000000  -0.8447637577
   0.3250000000  -0.8447607215
   0.3500000000  -0.8447576123
   0.3750000000  -0.8447544732
   0.4000000000  -0.8447513509
   0.4250000000  -0.8447482955
   0.4500000000  -0.8447453602
   0.4750000000  -0.8447426001
   0.5000000000  -0.8447400720
   0.5250000000  -0.8447378335
   0.5500000000  -0.8447359417
   0.5750000000  -0.8447344524
   0.6000000000  -0.8447334189
   0.6250000000  -0.8447328910
   0.6500000000  -0.8447329136
   0.6750000000  -0.8447335256
   0.7000000000  -0.8447347588
   0.7250000000  -0.8447366369
   0.7500000000  -0.8447391748
   0.7750000000  -0.8447423773
   0.8000000000  -0.8447462389
   0.8250000000  -0.8447507434
   0.8500000000  -0.8447558636
   0.8750000000  -0.8447615612
   0.9000000000  -0.8447677873
   0.9250000000  -0.8447744828
   0.9500000000  -0.8447815788
   0.9750000000  -0.8447889984
   1.0000000000  -0.8447966569
   1.0250000000  -0.8448044637
   1.0500000000  -0.8448123235
   1.0750000000  -0.8448201381
   1.1000000000  -0.8448278082
   1.1250000000  -0.8448352348
   1.1500000000  -0.8448423212
   1.1750000000  -0.8448489749
   1.2000000000  -0.8448551089
   1.2250000000  -0.8448606436
   1.2500000000  -0.8448655085
   1.2750000000  -0.8448696429
   1.3000000000  -0.8448729973
   1.3250000000  -0.8448755347
   1.3500000000  -0.8448772308
   1.3750000000  -0.8448780745
   1.4000000000  -0.8448780685
   1.4250000000  -0.8448772288
   1.4500000000  -0.8448755848
   1.4750000000  -0.8448731787
   1.5000000000  -0.8448700646
   1.5250000000  -0.8448663077
   1.5500000000  -0.8448619833
   1.5750000000  -0.8448571756
   1.6000000000  -0.8448519760
   1.6250000000  -0.8448464819
   1.6500000000  -0.8448407951
   1.6750000000  -0.8448350202
   1.7000000000  -0.8448292631
   1.7250000000  -0.8448236292
   1.7500000000  -0.8448182220
   1.7750000000  -0.8448131417
   1.8000000000  -0.8448084837
   1.8250000000  -0.8448043375
   1.8500000000  -0.8448007854
   1.8750000000  -0.8447979016
   1.9000000000  -0.8447957511
   1.9250000000  -0.8447943897
   1.9500000000  -0.8447938626
   1.9750000000  -0.8447942046
   2.0000000000  -0.8447954400
   2.0250000000  -0.8447975821
   2.0500000000  -0.8448006336
   2.0750000000  -0.8448045870
   2.1000000000  -0.8448094246
   2.1250000000  -0.8448151195
   2.1500000000  -0.8448216358
   2.1750000000  -0.8448289295
   2.2000000000  -0.8448369492
   2.2250000000  -0.8448456372
   2.2500000000  -0.8448549300
   2.2750000000  -0.8448647595
   2.3000000000  -0.8448750539
   2.3250000000  -0.8448857386
   2.3500000000  -0.8448967369
   2.3750000000  -0.8449079714
   2.4000000000  -0.8449193644
   2.4250000000  -0.8449308390
   2.4500000000  -0.8449423197
   2.4750000000  -0.8449537331
   2.5000000000  -0.8449650087
   2.5250000000  -0.8449760794
   2.5500000000  -0.8449868818
   2.5750000000  -0.8449973570
   2.6000000000  -0.8450074505
   2.6250000000  -0.8450171128
   2.6500000000  -0.8450262996
   2.6750000000  -0.8450349716
   2.7000000000  -0.8450430950
   2.7250000000  -0.8450506412
   2.7500000000  -0.8450575867
   2.7750000000  -0.8450639132
   2.8000000000  -0.8450696075
   2.8250000000  -0.8450746610
   2.8500000000  -0.8450790696
   2.8750000000  -0.8450828336
   2.9000000000  -0.8450859571
   2.9250000000  -0.8450884480
   2.9500000000  -0.8450903175
   2.9750000000  -0.8450915798
   3.0000000000  -0.8450922517
   3.0250000000  -0.8450923526
   3.0500000000  -0.8450919036
   3.0750000000  -0.8450909277
   3.1000000000  -0.8450894493
   3.1250000000  -0.8450874938
   3.1500000000  -0.8450850876
   3.1750000000  -0.8450822573
   3.2000000000  -0.8450790300
   3.2250000000  -0.8450754331
   3.2500000000  -0.8450714935
   3.2750000000  -0.8450672380
   3.3000000000  -0.8450626928
   3.3250000000  -0.8450578835
   3.3500000000  -0.8450528351
   3.3750000000  -0.8450475715
   3.4000000000  -0.8450421157
   3.4250000000  -0.8450364899
   3.4500000000  -0.8450307149
   3.4750000000  -0.8450248105
   3.5000000000  -0.8450187954
   3.5250000000  -0.8450126872
   3.5500000000  -0.8450065020
   3.5750000000  -0.8450002552
   3.6000000000  -0.8449939606
   3.6250000000  -0.8449876312
   3.6500000000  -0.8449812788
   3.6750000000  -0.8449749141
   3.7000000000  -0.8449685468
   3.7250000000  -0.8449621858
   3.7500000000  -0.8449558388
   3.7750000000  -0.8449495129
   3.8000000000  -0.8449432143
   3.8250000000  -0.8449369484
   3.8500000000  -0.8449307199
   3.8750000000  -0.8449245331
   3.9000000000  -0.8449183913
   3.9250000000  -0.8449122977
   3.9500000000  -0.8449062547
   3.9750000000  -0.8449002645
   4.0000000000  -0.8448943289
   4.0250000000  -0.8448884492
   4.0500000000  -0.8448826266
   4.0750000000  -0.8448768620
   4.1000000000  -0.8448711562
   4.1250000000  -0.8448655097
   4.1500000000  -0.8448599229
   4.1750000000  -0.8448543962
   4.2000000000  -0.8448489299
   4.2250000000  -0.8448435242
   4.2500000000  -0.8448381792
   4.2750000000  -0.8448328953
   4.3000000000  -0.8448276725
   4.3250000000  -0.8448225112
   4.3500000000  -0.8448174116
   4.3750000000  -0.8448123741
   4.4000000000  -0.8448073990
   4.4250000000  -0.8448024866
   4.4500000000  -0.8447976375
   4.4750000000  -0.8447928522
   4.5000000000  -0.8447881311
   4.5250000000  -0.8447834749
   4.5500000000  -0.8447788842
   4.5750000000  -0.8447743597
   4.6000000000  -0.8447699019
   4.6250000000  -0.8447655116
   4.6500000000  -0.8447611893
   4.6750000000  -0.8447569359
   4.7000000000  -0.8447527519
   4.7250000000  -0.8447486379
   4.7500000000  -0.8447445945
   4.7750000000  -0.8447406222
   4.8000000000  -0.8447367215
   4.8250000000  -0.8447328927
   4.8500000000  -0.8447291363
   4.8750000000  -0.8447254523
   4.9000000000  -0.8447218411
   4.9250000000  -0.8447183025
   4.9500000000  -0.8447148367
   4.9750000000  -0.8447114433
   5.0000000000  -0.8447081223
