   0.0000000000  -0.8447842552
   0.0250000000  -0.8446803524
   0.0500000000  -0.8444733027
   0.0750000000  -0.8442666625
   0.1000000000  -0.8440613471
   0.1250000000  -0.8438574039
   0.1500000000  -0.8436557326
   0.1750000000  -0.8434563649
   0.2000000000  -0.8432601757
   0.2250000000  -0.8430671725
   0.2500000000  -0.8428781976
   0.2750000000  -0.8426932270
   0.3000000000  -0.8425130641
   0.3250000000  -0.8423376469
   0.3500000000  -0.8421677345
   0.3750000000  -0.8420032225
   0.4000000000  -0.8418448210
   0.4250000000  -0.8416923789
   0.4500000000  -0.8415465540
   0.4750000000  -0.8414071457
   0.5000000000  -0.8412747565
   0.5250000000  -0.8411491338
   0.5500000000  -0.8410308229
   0.5750000000  -0.8409195174
   0.6000000000  -0.8408157040
   0.6250000000  -0.8407190215
   0.6500000000  -0.8406298977
   0.6750000000  -0.8405479165
   0.7000000000  -0.8404734469
   0.7250000000  -0.8404060191
   0.7500000000  -0.8403459452
   0.7750000000  -0.8402927037
   0.8000000000  -0.8402465528
   0.8250000000  -0.8402069232
   0.8500000000  -0.8401740239
   0.8750000000  -0.8401472431
   0.9000000000  -0.8401267466
   0.9250000000  -0.8401118873
   0.9500000000  -0.8401027955
   0.9750000000  -0.8400987972
   1.0000000000  -0.8400999964
   1.0250000000  -0.8401057017
   1.0500000000  -0.8401160006
   1.0750000000  -0.8401301949
   1.1000000000  -0.8401483661
   1.1250000000  -0.8401698193
   1.1500000000  -0.8401946410
   1.1750000000  -0.8402221495
   1.2000000000  -0.8402524457
   1.2250000000  -0.8402848707
   1.2500000000  -0.8403195481
   1.2750000000  -0.8403558496
   1.3000000000  -0.8403939281
   1.3250000000  -0.8404331916
   1.3500000000  -0.8404738274
   1.3750000000  -0.8405152830
   1.4000000000  -0.8405577824
   1.4250000000  -0.8406008142
   1.4500000000  -0.8406446393
   1.4750000000  -0.8406887862
   1.5000000000  -0.8407335505
   1.5250000000  -0.8407784978
   1.5500000000  -0.8408239546
   1.5750000000  -0.8408695187
   1.6000000000  -0.8409155422
   1.6250000000  -0.8409616490
   1.6500000000  -0.8410082105
   1.6750000000  -0.8410548702
   1.7000000000  -0.8411020116
   1.7250000000  -0.8411492909
   1.7500000000  -0.8411970970
   1.7750000000  -0.8412450918
   1.8000000000  -0.8412936632
   1.8250000000  -0.8413424730
   1.8500000000  -0.8413919021
   1.8750000000  -0.8414416071
   1.9000000000  -0.8414919576
   1.9250000000  -0.8415426007
   1.9500000000  -0.8415938918
   1.9750000000  -0.8416454659
   2.0000000000  -0.8416976617
   2.0250000000  -0.8417501012
   2.0500000000  -0.8418031060
   2.0750000000  -0.8418562848
   2.1000000000  -0.8419099427
   2.1250000000  -0.8419636760
   2.1500000000  -0.8420177750
   2.1750000000  -0.8420718261
   2.2000000000  -0.8421261066
   2.2250000000  -0.8421801956
   2.2500000000  -0.8422343608
   2.2750000000  -0.8422881771
   2.3000000000  -0.8423419057
   2.3250000000  -0.8423951204
   2.3500000000  -0.8424480797
   2.3750000000  -0.8425003593
   2.4000000000  -0.8425522181
   2.4250000000  -0.8426032371
   2.4500000000  -0.8426536783
   2.4750000000  -0.8427031307
   2.5000000000  -0.8427518618
   2.5250000000  -0.8427994710
   2.5500000000  -0.8428462330
   2.5750000000  -0.8428917593
   2.6000000000  -0.8429363334
   2.6250000000  -0.8429795796
   2.6500000000  -0.8430217912
   2.6750000000  -0.8430626058
   2.7000000000  -0.8431023269
   2.7250000000  -0.8431406053
   2.7500000000  -0.8431777541
   2.7750000000  -0.8432134372
   2.8000000000  -0.8432479769
   2.8250000000  -0.8432810490
   2.8500000000  -0.8433129840
   2.8750000000  -0.8433434688
   2.9000000000  -0.8433728406
   2.9250000000  -0.8434007962
   2.9500000000  -0.8434276783
   2.9750000000  -0.8434531922
   3.0000000000  -0.8434776846
   3.0250000000  -0.8435008677
   3.0500000000  -0.8435230911
   3.0750000000  -0.8435440725
   3.1000000000  -0.8435641629
   3.1250000000  -0.8435830843
   3.1500000000  -0.8436011878
   3.1750000000  -0.8436181986
   3.2000000000  -0.8436344671
   3.2250000000  -0.8436497204
   3.2500000000  -0.8436643071
   3.2750000000  -0.8436779556
   3.3000000000  -0.8436910120
   3.3250000000  -0.8437032052
   3.3500000000  -0.8437148783
   3.3750000000  -0.8437257602
   3.4000000000  -0.8437361905
   3.4250000000  -0.8437458978
   3.4500000000  -0.8437552177
   3.4750000000  -0.8437638783
   3.5000000000  -0.8437722114
   3.5250000000  -0.8437799443
   3.5500000000  -0.8437874046
   3.5750000000  -0.8437943190
   3.6000000000  -0.8438010111
   3.6250000000  -0.8438072068
   3.6500000000  -0.8438132259
   3.6750000000  -0.8438187936
   3.7000000000  -0.8438242259
   3.7250000000  -0.8438292475
   3.7500000000  -0.8438341706
   3.7750000000  -0.8438387198
   3.8000000000  -0.8438432039
   3.8250000000  -0.8438473472
   3.8500000000  -0.8438514551
   3.8750000000  -0.8438552520
   3.9000000000  -0.8438590404
   3.9250000000  -0.8438625447
   3.9500000000  -0.8438660644
   3.9750000000  -0.8438693244
   4.0000000000  -0.8438726214
   4.0250000000  -0.8438756809
   4.0500000000  -0.8438787968
   4.0750000000  -0.8438816953
   4.1000000000  -0.8438846679
   4.1250000000  -0.8438874414
   4.1500000000  -0.8438903050
   4.1750000000  -0.8438929864
   4.2000000000  -0.8438957725
   4.2250000000  -0.8438983918
   4.2500000000  -0.8439011289
   4.2750000000  -0.8439037135
   4.3000000000  -0.8439064280
   4.3250000000  -0.8439090030
   4.3500000000  -0.8439117188
   4.3750000000  -0.8439143070
   4.4000000000  -0.8439170459
   4.4250000000  -0.8439196680
   4.4500000000  -0.8439224495
   4.4750000000  -0.8439251241
   4.5000000000  -0.8439279658
   4.5250000000  -0.8439307093
   4.5500000000  -0.8439336266
   4.5750000000  -0.8439364533
   4.6000000000  -0.8439394594
   4.6250000000  -0.8439423815
   4.6500000000  -0.8439454875
   4.6750000000  -0.8439485150
   4.7000000000  -0.8439517297
   4.7250000000  -0.8439548702
   4.7500000000  -0.8439582002
   4.7750000000  -0.8439614593
   4.8000000000  -0.8439649090
   4.8250000000  -0.8439682900
   4.8500000000  -0.8439718616
   4.8750000000  -0.8439753654
   4.9000000000  -0.8439790589
   4.9250000000  -0.8439826846
   4.9500000000  -0.8439864979
   4.9750000000  -0.8439902423
   5.0000000000  -0.8439941714
