   0.0000000000  -0.8447837376
   0.0250000000  -0.8445926141
   0.0500000000  -0.8454911458
   0.0750000000  -0.8450046465
   0.1000000000  -0.8458986774
   0.1250000000  -0.8454101976
   0.1500000000  -0.8462978837
   0.1750000000  -0.8458056217
   0.2000000000  -0.8466852319
   0.2250000000  -0.8461875201
   0.2500000000  -0.8470574774
   0.2750000000  -0.8465528215
   0.3000000000  -0.8474117402
   0.3250000000  -0.8468988528
   0.3500000000  -0.8477455670
   0.3750000000  -0.8472233920
   0.4000000000  -0.8480569758
   0.4250000000  -0.8475247027
   0.4500000000  -0.8483444790
   0.4750000000  -0.8478015465
   0.5000000000  -0.8486070847
   0.5250000000  -0.8480531723
   0.5500000000  -0.8488442745
   0.5750000000  -0.8482792844
   0.6000000000  -0.8490559625
   0.6250000000  -0.8484799914
   0.6500000000  -0.8492424355
   0.6750000000  -0.8486557409
   0.7000000000  -0.8494042830
   0.7250000000  -0.8488072448
   0.7500000000  -0.8495423199
   0.7750000000  -0.8489354021
   0.8000000000  -0.8496575108
   0.8250000000  -0.8490412251
   0.8500000000  -0.8497508993
   0.8750000000  -0.8491257744
   0.9000000000  -0.8498235501
   0.9250000000  -0.8491901080
   0.9500000000  -0.8498765059
   0.9750000000  -0.8492352467
   1.0000000000  -0.8499107615
   1.0250000000  -0.8492621575
   1.0500000000  -0.8499272562
   1.0750000000  -0.8492717540
   1.1000000000  -0.8499268819
   1.1250000000  -0.8492649118
   1.1500000000  -0.8499105041
   1.1750000000  -0.8492424941
   1.2000000000  -0.8498789920
   1.2250000000  -0.8492053844
   1.2500000000  -0.8498332521
   1.2750000000  -0.8491545206
   1.3000000000  -0.8497742610
   1.3250000000  -0.8490909248
   1.3500000000  -0.8497030923
   1.3750000000  -0.8490157266
   1.4000000000  -0.8496209348
   1.4250000000  -0.8489301754
   1.4500000000  -0.8495290985
   1.4750000000  -0.8488356407
   1.5000000000  -0.8494290089
   1.5250000000  -0.8487335992
   1.5500000000  -0.8493221879
   1.5750000000  -0.8486256106
   1.6000000000  -0.8492102245
   1.6250000000  -0.8485132835
   1.6500000000  -0.8490947364
   1.6750000000  -0.8483982337
   1.7000000000  -0.8489773263
   1.7250000000  -0.8482820395
   1.7500000000  -0.8488595364
   1.7750000000  -0.8481661957
   1.8000000000  -0.8487428034
   1.8250000000  -0.8480520711
   1.8500000000  -0.8486284189
   1.8750000000  -0.8479408714
   1.9000000000  -0.8485174955
   1.9250000000  -0.8478336099
   1.9500000000  -0.8484109423
   1.9750000000  -0.8477310882
   2.0000000000  -0.8483094505
   2.0250000000  -0.8476338858
   2.0500000000  -0.8482134884
   2.0750000000  -0.8475423611
   2.1000000000  -0.8481233069
   2.1250000000  -0.8474566611
   2.1500000000  -0.8480389536
   2.1750000000  -0.8473767395
   2.2000000000  -0.8479602944
   2.2250000000  -0.8473023812
   2.2500000000  -0.8478870406
   2.2750000000  -0.8472332317
   2.3000000000  -0.8478187799
   2.3250000000  -0.8471688293
   2.3500000000  -0.8477550092
   2.3750000000  -0.8471086376
   2.4000000000  -0.8476951673
   2.4250000000  -0.8470520782
   2.4500000000  -0.8476386660
   2.4750000000  -0.8469985603
   2.5000000000  -0.8475849181
   2.5250000000  -0.8469475065
   2.5500000000  -0.8475333618
   2.5750000000  -0.8468983756
   2.6000000000  -0.8474834804
   2.6250000000  -0.8468506789
   2.6500000000  -0.8474348167
   2.6750000000  -0.8468039931
   2.7000000000  -0.8473869830
   2.7250000000  -0.8467579676
   2.7500000000  -0.8473396663
   2.7750000000  -0.8467123272
   2.8000000000  -0.8472926292
   2.8250000000  -0.8466668717
   2.8500000000  -0.8472457074
   2.8750000000  -0.8466214714
   2.9000000000  -0.8471988044
   2.9250000000  -0.8465760608
   2.9500000000  -0.8471518835
   2.9750000000  -0.8465306300
   3.0000000000  -0.8471049592
   3.0250000000  -0.8464852155
   3.0500000000  -0.8470580873
   3.0750000000  -0.8464398899
   3.1000000000  -0.8470113550
   3.1250000000  -0.8463947525
   3.1500000000  -0.8469648712
   3.1750000000  -0.8463499198
   3.2000000000  -0.8469187579
   3.2250000000  -0.8463055171
   3.2500000000  -0.8468731416
   3.2750000000  -0.8462616708
   3.3000000000  -0.8468281474
   3.3250000000  -0.8462185027
   3.3500000000  -0.8467838925
   3.3750000000  -0.8461761247
   3.4000000000  -0.8467404824
   3.4250000000  -0.8461346353
   3.4500000000  -0.8466980078
   3.4750000000  -0.8460941166
   3.5000000000  -0.8466565423
   3.5250000000  -0.8460546335
   3.5500000000  -0.8466161414
   3.5750000000  -0.8460162322
   3.6000000000  -0.8465768424
   3.6250000000  -0.8459789412
   3.6500000000  -0.8465386648
   3.6750000000  -0.8459427715
   3.7000000000  -0.8465016117
   3.7250000000  -0.8459077182
   3.7500000000  -0.8464656707
   3.7750000000  -0.8458737624
   3.8000000000  -0.8464308165
   3.8250000000  -0.8458408726
   3.8500000000  -0.8463970123
   3.8750000000  -0.8458090072
   3.9000000000  -0.8463642122
   3.9250000000  -0.8457781168
   3.9500000000  -0.8463323634
   3.9750000000  -0.8457481458
   4.0000000000  -0.8463014084
   4.0250000000  -0.8457190350
   4.0500000000  -0.8462712867
   4.0750000000  -0.8456907233
   4.1000000000  -0.8462419369
   4.1250000000  -0.8456631495
   4.1500000000  -0.8462132984
   4.1750000000  -0.8456362538
   4.2000000000  -0.8461853126
   4.2250000000  -0.8456099793
   4.2500000000  -0.8461579244
   4.2750000000  -0.8455842726
   4.3000000000  -0.8461310827
   4.3250000000  -0.8455590855
   4.3500000000  -0.8461047416
   4.3750000000  -0.8455343746
   4.4000000000  -0.8460788609
   4.4250000000  -0.8455101024
   4.4500000000  -0.8460534057
   4.4750000000  -0.8454862371
   4.5000000000  -0.8460283472
   4.5250000000  -0.8454627528
   4.5500000000  -0.8460036621
   4.5750000000  -0.8454396288
   4.6000000000  -0.8459793325
   4.6250000000  -0.8454168498
   4.6500000000  -0.8459553456
   4.6750000000  -0.8453944053
   4.7000000000  -0.8459316928
   4.7250000000  -0.8453722886
   4.7500000000  -0.8459083695
   4.7750000000  -0.8453504971
   4.8000000000  -0.8458853743
   4.8250000000  -0.8453290306
   4.8500000000  -0.8458627087
   4.8750000000  -0.8453078917
   4.9000000000  -0.8458403758
   4.9250000000  -0.8452870843
   4.9500000000  -0.8458183804
   4.9750000000  -0.8452666138
   5.0000000000  -0.8457967280
