   0.0000000000  -0.0000000000  -1.0000000000
   0.0250000000   0.0000000000  -0.9999219669
   0.0500000000  -0.0000000000  -0.9996882343
   0.0750000000  -0.0000000000  -0.9992998998
   0.1000000000  -0.0000000000  -0.9987587835
   0.1250000000  -0.0000000000  -0.9980674143
   0.1500000000  -0.0000000000  -0.9972290108
   0.1750000000  -0.0000000000  -0.9962474575
   0.2000000000  -0.0000000000  -0.9951272755
   0.2250000000  -0.0000000000  -0.9938735893
   0.2500000000  -0.0000000000  -0.9924920892
   0.2750000000  -0.0000000000  -0.9909889898
   0.3000000000  -0.0000000000  -0.9893709855
   0.3250000000  -0.0000000000  -0.9876452022
   0.3500000000  -0.0000000000  -0.9858191480
   0.3750000000  -0.0000000000  -0.9839006606
   0.4000000000  -0.0000000000  -0.9818978537
   0.4250000000  -0.0000000000  -0.9798190630
   0.4500000000  -0.0000000000  -0.9776727907
   0.4750000000  -0.0000000000  -0.9754676512
   0.5000000000  -0.0000000000  -0.9732123162
   0.5250000000  -0.0000000000  -0.9709154615
   0.5500000000  -0.0000000000  -0.9685857154
   0.5750000000  -0.0000000000  -0.9662316077
   0.6000000000  -0.0000000000  -0.9638615227
   0.6250000000  -0.0000000000  -0.9614836531
   0.6500000000  -0.0000000000  -0.9591059577
   0.6750000000  -0.0000000000  -0.9567361218
   0.7000000000  -0.0000000000  -0.9543815213
   0.7250000000  -0.0000000000  -0.9520491897
   0.7500000000  -0.0000000000  -0.9497457892
   0.7750000000  -0.0000000000  -0.9474775857
   0.8000000000  -0.0000000000  -0.9452504271
   0.8250000000  -0.0000000000  -0.9430697255
   0.8500000000  -0.0000000000  -0.9409404440
   0.8750000000  -0.0000000000  -0.9388670858
   0.9000000000  -0.0000000000  -0.9368536883
   0.9250000000  -0.0000000000  -0.9349038203
   0.9500000000  -0.0000000000  -0.9330205821
   0.9750000000  -0.0000000000  -0.9312066095
   1.0000000000  -0.0000000000  -0.9294640808
   1.0250000000  -0.0000000000  -0.9277947261
   1.0500000000  -0.0000000000  -0.9261998398
   1.0750000000  -0.0000000000  -0.9246802952
   1.1000000000  -0.0000000000  -0.9232365613
   1.1250000000  -0.0000000000  -0.9218687214
   1.1500000000  -0.0000000000  -0.9205764936
   1.1750000000  -0.0000000000  -0.9193592522
   1.2000000000  -0.0000000000  -0.9182160513
   1.2250000000  -0.0000000000  -0.9171456476
   1.2500000000  -0.0000000000  -0.9161465255
   1.2750000000  -0.0000000000  -0.9152169219
   1.3000000000  -0.0000000000  -0.9143548512
   1.3250000000  -0.0000000000  -0.9135581303
   1.3500000000  -0.0000000000  -0.9128244036
   1.3750000000  -0.0000000000  -0.9121511678
   1.4000000000  -0.0000000000  -0.9115357956
   1.4250000000  -0.0000000000  -0.9109755590
   1.4500000000  -0.0000000000  -0.9104676524
   1.4750000000  -0.0000000000  -0.9100092135
   1.5000000000  -0.0000000000  -0.9095973444
   1.5250000000  -0.0000000000  -0.9092291307
   1.5500000000  -0.0000000000  -0.9089016600
   1.5750000000  -0.0000000000  -0.9086120386
   1.6000000000  -0.0000000000  -0.9083574074
   1.6250000000  -0.0000000000  -0.9081349565
   1.6500000000  -0.0000000000  -0.9079419375
   1.6750000000  -0.0000000000  -0.9077756758
   1.7000000000  -0.0000000000  -0.9076335806
   1.7250000000  -0.0000000000  -0.9075131542
   1.7500000000  -0.0000000000  -0.9074119992
   1.7750000000  -0.0000000000  -0.9073278252
   1.8000000000  -0.0000000000  -0.9072584541
   1.8250000000  -0.0000000000  -0.9072018237
   1.8500000000  -0.0000000000  -0.9071559913
   1.8750000000  -0.0000000000  -0.9071191347
   1.9000000000  -0.0000000000  -0.9070895537
   1.9250000000  -0.0000000000  -0.9070656696
   1.9500000000  -0.0000000000  -0.9070460248
   1.9750000000  -0.0000000000  -0.9070292805
   2.0000000000  -0.0000000000  -0.9070142147
   2.0250000000  -0.0000000000  -0.9069997190
   2.0500000000  -0.0000000000  -0.9069847950
   2.0750000000  -0.0000000000  -0.9069685504
   2.1000000000  -0.0000000000  -0.9069501943
   2.1250000000  -0.0000000000  -0.9069290325
   2.1500000000  -0.0000000000  -0.9069044624
   2.1750000000  -0.0000000000  -0.9068759674
   2.2000000000  -0.0000000000  -0.9068431120
   2.2250000000  -0.0000000000  -0.9068055357
   2.2500000000  -0.0000000000  -0.9067629476
   2.2750000000  -0.0000000000  -0.9067151206
   2.3000000000  -0.0000000000  -0.9066618865
   2.3250000000  -0.0000000000  -0.9066031295
   2.3500000000  -0.0000000000  -0.9065387819
   2.3750000000  -0.0000000000  -0.9064688181
   2.4000000000  -0.0000000000  -0.9063932504
   2.4250000000  -0.0000000000  -0.9063121235
   2.4500000000  -0.0000000000  -0.9062255105
   2.4750000000  -0.0000000000  -0.9061335085
   2.5000000000  -0.0000000000  -0.9060362345
   2.5250000000  -0.0000000000  -0.9059338219
   2.5500000000  -0.0000000000  -0.9058264167
   2.5750000000  -0.0000000000  -0.9057141747
   2.6000000000  -0.0000000000  -0.9055972586
   2.6250000000  -0.0000000000  -0.9054758350
   2.6500000000  -0.0000000000  -0.9053500728
   2.6750000000  -0.0000000000  -0.9052201403
   2.7000000000  -0.0000000000  -0.9050862043
   2.7250000000  -0.0000000000  -0.9049484278
   2.7500000000  -0.0000000000  -0.9048069692
   2.7750000000  -0.0000000000  -0.9046619810
   2.8000000000  -0.0000000000  -0.9045136090
   2.8250000000  -0.0000000000  -0.9043619917
   2.8500000000  -0.0000000000  -0.9042072594
   2.8750000000  -0.0000000000  -0.9040495347
   2.9000000000  -0.0000000000  -0.9038889312
   2.9250000000  -0.0000000000  -0.9037255546
   2.9500000000  -0.0000000000  -0.9035595019
   2.9750000000  -0.0000000000  -0.9033908619
   3.0000000000  -0.0000000000  -0.9032197155
   3.0250000000  -0.0000000000  -0.9030461359
   3.0500000000  -0.0000000000  -0.9028701891
   3.0750000000  -0.0000000000  -0.9026919344
   3.1000000000  -0.0000000000  -0.9025114245
   3.1250000000  -0.0000000000  -0.9023287065
   3.1500000000  -0.0000000000  -0.9021438221
   3.1750000000  -0.0000000000  -0.9019568083
   3.2000000000  -0.0000000000  -0.9017676979
   3.2250000000  -0.0000000000  -0.9015765199
   3.2500000000  -0.0000000000  -0.9013833002
   3.2750000000  -0.0000000000  -0.9011880621
   3.3000000000  -0.0000000000  -0.9009908267
   3.3250000000  -0.0000000000  -0.9007916134
   3.3500000000  -0.0000000000  -0.9005904404
   3.3750000000  -0.0000000000  -0.9003873250
   3.4000000000  -0.0000000000  -0.9001822842
   3.4250000000  -0.0000000000  -0.8999753348
   3.4500000000  -0.0000000000  -0.8997664940
   3.4750000000  -0.0000000000  -0.8995557794
   3.5000000000  -0.0000000000  -0.8993432095
   3.5250000000  -0.0000000000  -0.8991288039
   3.5500000000  -0.0000000000  -0.8989125834
   3.5750000000  -0.0000000000  -0.8986945704
   3.6000000000  -0.0000000000  -0.8984747887
   3.6250000000  -0.0000000000  -0.8982532640
   3.6500000000  -0.0000000000  -0.8980300238
   3.6750000000  -0.0000000000  -0.8978050975
   3.7000000000  -0.0000000000  -0.8975785166
   3.7250000000  -0.0000000000  -0.8973503145
   3.7500000000  -0.0000000000  -0.8971205266
   3.7750000000  -0.0000000000  -0.8968891905
   3.8000000000  -0.0000000000  -0.8966563456
   3.8250000000  -0.0000000000  -0.8964220334
   3.8500000000  -0.0000000000  -0.8961862974
   3.8750000000  -0.0000000000  -0.8959491828
   3.9000000000  -0.0000000000  -0.8957107366
   3.9250000000  -0.0000000000  -0.8954710077
   3.9500000000  -0.0000000000  -0.8952300463
   3.9750000000  -0.0000000000  -0.8949879042
   4.0000000000  -0.0000000000  -0.8947446347
   4.0250000000  -0.0000000000  -0.8945002922
   4.0500000000  -0.0000000000  -0.8942549321
   4.0750000000  -0.0000000000  -0.8940086109
   4.1000000000  -0.0000000000  -0.8937613860
   4.1250000000  -0.0000000000  -0.8935133152
   4.1500000000  -0.0000000000  -0.8932644570
   4.1750000000  -0.0000000000  -0.8930148701
   4.2000000000  -0.0000000000  -0.8927646136
   4.2250000000  -0.0000000000  -0.8925137464
   4.2500000000  -0.0000000000  -0.8922623274
   4.2750000000  -0.0000000000  -0.8920104152
   4.3000000000  -0.0000000000  -0.8917580678
   4.3250000000  -0.0000000000  -0.8915053427
   4.3500000000  -0.0000000000  -0.8912522966
   4.3750000000  -0.0000000000  -0.8909989853
   4.4000000000  -0.0000000000  -0.8907454636
   4.4250000000  -0.0000000000  -0.8904917850
   4.4500000000  -0.0000000000  -0.8902380017
   4.4750000000  -0.0000000000  -0.8899841644
   4.5000000000  -0.0000000000  -0.8897303224
   4.5250000000  -0.0000000000  -0.8894765230
   4.5500000000  -0.0000000000  -0.8892228121
   4.5750000000  -0.0000000000  -0.8889692334
   4.6000000000  -0.0000000000  -0.8887158290
   4.6250000000  -0.0000000000  -0.8884626385
   4.6500000000  -0.0000000000  -0.8882097000
   4.6750000000  -0.0000000000  -0.8879570490
   4.7000000000  -0.0000000000  -0.8877047191
   4.7250000000  -0.0000000000  -0.8874527415
   4.7500000000  -0.0000000000  -0.8872011455
   4.7750000000  -0.0000000000  -0.8869499580
   4.8000000000  -0.0000000000  -0.8866992036
   4.8250000000  -0.0000000000  -0.8864489049
   4.8500000000  -0.0000000000  -0.8861990822
   4.8750000000  -0.0000000000  -0.8859497537
   4.9000000000  -0.0000000000  -0.8857009356
   4.9250000000  -0.0000000000  -0.8854526419
   4.9500000000  -0.0000000000  -0.8852048846
   4.9750000000  -0.0000000000  -0.8849576739
   5.0000000000  -0.0000000000  -0.8847110180
