   0.0000000000  -0.0000000000  -1.0000000000   0.0000000000   0.0000000000
   0.0250000000   0.0000000000  -0.9992979208   0.0000000000   0.0561663352
   0.0500000000  -0.0000000000  -0.9971958529  -0.0000000000   0.1119990988
   0.0750000000  -0.0000000000  -0.9937062484  -0.0000000000   0.1671692562
   0.1000000000  -0.0000000000  -0.9888496735  -0.0000000000   0.2213567395
   0.1250000000  -0.0000000000  -0.9826545309  -0.0000000000   0.2742546679
   0.1500000000  -0.0000000000  -0.9751566818  -0.0000000000   0.3255732632
   0.1750000000  -0.0000000000  -0.9663989738  -0.0000000000   0.3750433749
   0.2000000000  -0.0000000000  -0.9564306873  -0.0000000000   0.4224195446
   0.2250000000  -0.0000000000  -0.9453069111  -0.0000000000   0.4674825525
   0.2500000000  -0.0000000000  -0.9330878616  -0.0000000000   0.5100414088
   0.2750000000  -0.0000000000  -0.9198381594  -0.0000000000   0.5499347666
   0.3000000000  -0.0000000000  -0.9056260779  -0.0000000000   0.5870317531
   0.3250000000  -0.0000000000  -0.8905227781  -0.0000000000   0.6212322302
   0.3500000000  -0.0000000000  -0.8746015438  -0.0000000000   0.6524665119
   0.3750000000  -0.0000000000  -0.8579370302  -0.0000000000   0.6806945783
   0.4000000000  -0.0000000000  -0.8406045375  -0.0000000000   0.7059048360
   0.4250000000  -0.0000000000  -0.8226793210  -0.0000000000   0.7281124840
   0.4500000000  -0.0000000000  -0.8042359456  -0.0000000000   0.7473575494
   0.4750000000  -0.0000000000  -0.7853476930  -0.0000000000   0.7637026587
   0.5000000000  -0.0000000000  -0.7660860271  -0.0000000000   0.7772306150
   0.5250000000  -0.0000000000  -0.7465201213  -0.0000000000   0.7880418442
   0.5500000000  -0.0000000000  -0.7267164511  -0.0000000000   0.7962517763
   0.5750000000  -0.0000000000  -0.7067384511  -0.0000000000   0.8019882179
   0.6000000000  -0.0000000000  -0.6866462388  -0.0000000000   0.8053887692
   0.6250000000  -0.0000000000  -0.6664964001  -0.0000000000   0.8065983309
   0.6500000000  -0.0000000000  -0.6463418367  -0.0000000000   0.8057667394
   0.6750000000  -0.0000000000  -0.6262316704  -0.0000000000   0.8030465618
   0.7000000000  -0.0000000000  -0.6062112000  -0.0000000000   0.7985910740
   0.7250000000  -0.0000000000  -0.5863219060  -0.0000000000   0.7925524399
   0.7500000000  -0.0000000000  -0.5666014993  -0.0000000000   0.7850801015
   0.7750000000  -0.0000000000  -0.5470840057  -0.0000000000   0.7763193858
   0.8000000000  -0.0000000000  -0.5277998843  -0.0000000000   0.7664103269
   0.8250000000  -0.0000000000  -0.5087761714  -0.0000000000   0.7554866997
   0.8500000000  -0.0000000000  -0.4900366470  -0.0000000000   0.7436752569
   0.8750000000  -0.0000000000  -0.4716020168  -0.0000000000   0.7310951567
   0.9000000000  -0.0000000000  -0.4534901077  -0.0000000000   0.7178575694
   0.9250000000  -0.0000000000  -0.4357160701  -0.0000000000   0.7040654455
   0.9500000000  -0.0000000000  -0.4182925841  -0.0000000000   0.6898134312
   0.9750000000  -0.0000000000  -0.4012300673  -0.0000000000   0.6751879118
   1.0000000000  -0.0000000000  -0.3845368788  -0.0000000000   0.6602671680
   1.0250000000  -0.0000000000  -0.3682195189  -0.0000000000   0.6451216267
   1.0500000000  -0.0000000000  -0.3522828212  -0.0000000000   0.6298141904
   1.0750000000  -0.0000000000  -0.3367301359  -0.0000000000   0.6144006301
   1.1000000000  -0.0000000000  -0.3215635027  -0.0000000000   0.5989300250
   1.1250000000  -0.0000000000  -0.3067838119  -0.0000000000   0.5834452384
   1.1500000000  -0.0000000000  -0.2923909538  -0.0000000000   0.5679834147
   1.1750000000  -0.0000000000  -0.2783839550  -0.0000000000   0.5525764877
   1.2000000000  -0.0000000000  -0.2647611027  -0.0000000000   0.5372516906
   1.2250000000  -0.0000000000  -0.2515200559  -0.0000000000   0.5220320583
   1.2500000000  -0.0000000000  -0.2386579437  -0.0000000000   0.5069369154
   1.2750000000  -0.0000000000  -0.2261714530  -0.0000000000   0.4919823440
   1.3000000000  -0.0000000000  -0.2140569034  -0.0000000000   0.4771816254
   1.3250000000  -0.0000000000  -0.2023103124  -0.0000000000   0.4625456538
   1.3500000000  -0.0000000000  -0.1909274502  -0.0000000000   0.4480833172
   1.3750000000  -0.0000000000  -0.1799038857  -0.0000000000   0.4338018452
   1.4000000000  -0.0000000000  -0.1692350236  -0.0000000000   0.4197071226
   1.4250000000  -0.0000000000  -0.1589161350  -0.0000000000   0.4058039667
   1.4500000000  -0.0000000000  -0.1489423808  -0.0000000000   0.3920963720
   1.4750000000  -0.0000000000  -0.1393088296  -0.0000000000   0.3785877196
   1.5000000000  -0.0000000000  -0.1300104712  -0.0000000000   0.3652809560
   1.5250000000  -0.0000000000  -0.1210422250  -0.0000000000   0.3521787402
   1.5500000000  -0.0000000000  -0.1123989462  -0.0000000000   0.3392835634
   1.5750000000  -0.0000000000  -0.1040754286  -0.0000000000   0.3265978420
   1.6000000000  -0.0000000000  -0.0960664057  -0.0000000000   0.3141239873
   1.6250000000  -0.0000000000  -0.0883665502  -0.0000000000   0.3018644539
   1.6500000000  -0.0000000000  -0.0809704724  -0.0000000000   0.2898217690
   1.6750000000  -0.0000000000  -0.0738727185  -0.0000000000   0.2779985464
   1.7000000000  -0.0000000000  -0.0670677681  -0.0000000000   0.2663974861
   1.7250000000  -0.0000000000  -0.0605500325  -0.0000000000   0.2550213621
   1.7500000000  -0.0000000000  -0.0543138529  -0.0000000000   0.2438730022
   1.7750000000  -0.0000000000  -0.0483534997  -0.0000000000   0.2329552590
   1.8000000000  -0.0000000000  -0.0426631717  -0.0000000000   0.2222709772
   1.8250000000  -0.0000000000  -0.0372369975  -0.0000000000   0.2118229560
   1.8500000000  -0.0000000000  -0.0320690367  -0.0000000000   0.2016139103
   1.8750000000  -0.0000000000  -0.0271532825  -0.0000000000   0.1916464307
   1.9000000000  -0.0000000000  -0.0224836653  -0.0000000000   0.1819229444
   1.9250000000  -0.0000000000  -0.0180540575  -0.0000000000   0.1724456768
   1.9500000000  -0.0000000000  -0.0138582788  -0.0000000000   0.1632166167
   1.9750000000  -0.0000000000  -0.0098901026  -0.0000000000   0.1542374827
   2.0000000000  -0.0000000000  -0.0061432629  -0.0000000000   0.1455096946
   2.0250000000  -0.0000000000  -0.0026114623   0.0000000000   0.1370343478
   2.0500000000  -0.0000000000   0.0007116194   0.0000000000   0.1288121921
   2.0750000000  -0.0000000000   0.0038323170   0.0000000000   0.1208436146
   2.1000000000  -0.0000000000   0.0067569700   0.0000000000   0.1131286267
   2.1250000000  -0.0000000000   0.0094919135   0.0000000000   0.1056668561
   2.1500000000  -0.0000000000   0.0120434685   0.0000000000   0.0984575417
   2.1750000000  -0.0000000000   0.0144179320   0.0000000000   0.0914995340
   2.2000000000  -0.0000000000   0.0166215673   0.0000000000   0.0847912974
   2.2250000000  -0.0000000000   0.0186605950   0.0000000000   0.0783309178
   2.2500000000  -0.0000000000   0.0205411829   0.0000000000   0.0721161121
   2.2750000000  -0.0000000000   0.0222694373   0.0000000000   0.0661442410
   2.3000000000  -0.0000000000   0.0238513944   0.0000000000   0.0604123244
   2.3250000000  -0.0000000000   0.0252930117   0.0000000000   0.0549170589
   2.3500000000  -0.0000000000   0.0266001604   0.0000000000   0.0496548370
   2.3750000000  -0.0000000000   0.0277786179   0.0000000000   0.0446217679
   2.4000000000  -0.0000000000   0.0288340613   0.0000000000   0.0398136996
   2.4250000000  -0.0000000000   0.0297720606   0.0000000000   0.0352262419
   2.4500000000  -0.0000000000   0.0305980734   0.0000000000   0.0308547894
   2.4750000000  -0.0000000000   0.0313174401   0.0000000000   0.0266945456
   2.5000000000  -0.0000000000   0.0319353788   0.0000000000   0.0227405463
   2.5250000000  -0.0000000000   0.0324569817   0.0000000000   0.0189876831
   2.5500000000  -0.0000000000   0.0328872118   0.0000000000   0.0154307267
   2.5750000000  -0.0000000000   0.0332309002   0.0000000000   0.0120643487
   2.6000000000  -0.0000000000   0.0334927439   0.0000000000   0.0088831438
   2.6250000000  -0.0000000000   0.0336773038   0.0000000000   0.0058816500
   2.6500000000  -0.0000000000   0.0337890040   0.0000000000   0.0030543685
   2.6750000000  -0.0000000000   0.0338321309   0.0000000000   0.0003957815
   2.7000000000  -0.0000000000   0.0338108328   0.0000000000  -0.0020996299
   2.7250000000  -0.0000000000   0.0337291203   0.0000000000  -0.0044373703
   2.7500000000  -0.0000000000   0.0335908667   0.0000000000  -0.0066229153
   2.7750000000  -0.0000000000   0.0333998091   0.0000000000  -0.0086616981
   2.8000000000  -0.0000000000   0.0331595491   0.0000000000  -0.0105590977
   2.8250000000  -0.0000000000   0.0328735550   0.0000000000  -0.0123204282
   2.8500000000  -0.0000000000   0.0325451631   0.0000000000  -0.0139509294
   2.8750000000  -0.0000000000   0.0321775795   0.0000000000  -0.0154557583
   2.9000000000  -0.0000000000   0.0317738827   0.0000000000  -0.0168399823
   2.9250000000  -0.0000000000   0.0313370258   0.0000000000  -0.0181085732
   2.9500000000  -0.0000000000   0.0308698386   0.0000000000  -0.0192664018
   2.9750000000  -0.0000000000   0.0303750306   0.0000000000  -0.0203182343
   3.0000000000  -0.0000000000   0.0298551936   0.0000000000  -0.0212687285
   3.0250000000  -0.0000000000   0.0293128041   0.0000000000  -0.0221224316
   3.0500000000  -0.0000000000   0.0287502265   0.0000000000  -0.0228837785
   3.0750000000  -0.0000000000   0.0281697156   0.0000000000  -0.0235570901
   3.1000000000  -0.0000000000   0.0275734198   0.0000000000  -0.0241465730
   3.1250000000  -0.0000000000   0.0269633837   0.0000000000  -0.0246563191
   3.1500000000  -0.0000000000   0.0263415509   0.0000000000  -0.0250903059
   3.1750000000  -0.0000000000   0.0257097671   0.0000000000  -0.0254523964
   3.2000000000  -0.0000000000   0.0250697829   0.0000000000  -0.0257463407
   3.2250000000  -0.0000000000   0.0244232564   0.0000000000  -0.0259757763
   3.2500000000  -0.0000000000   0.0237717563   0.0000000000  -0.0261442292
   3.2750000000  -0.0000000000   0.0231167645   0.0000000000  -0.0262551159
   3.3000000000  -0.0000000000   0.0224596788   0.0000000000  -0.0263117437
   3.3250000000  -0.0000000000   0.0218018156   0.0000000000  -0.0263173131
   3.3500000000  -0.0000000000   0.0211444127   0.0000000000  -0.0262749187
   3.3750000000  -0.0000000000   0.0204886318   0.0000000000  -0.0261875511
   3.4000000000  -0.0000000000   0.0198355612   0.0000000000  -0.0260580980
   3.4250000000  -0.0000000000   0.0191862181   0.0000000000  -0.0258893465
   3.4500000000  -0.0000000000   0.0185415515   0.0000000000  -0.0256839840
   3.4750000000  -0.0000000000   0.0179024442   0.0000000000  -0.0254446000
   3.5000000000  -0.0000000000   0.0172697156   0.0000000000  -0.0251736880
   3.5250000000  -0.0000000000   0.0166441239   0.0000000000  -0.0248736466
   3.5500000000  -0.0000000000   0.0160263686   0.0000000000  -0.0245467817
   3.5750000000  -0.0000000000   0.0154170924   0.0000000000  -0.0241953076
   3.6000000000   0.0000000000   0.0148168842   0.0000000000  -0.0238213487
   3.6250000000   0.0000000000   0.0142262806   0.0000000000  -0.0234269415
   3.6500000000   0.0000000000   0.0136457684   0.0000000000  -0.0230140361
   3.6750000000   0.0000000000   0.0130757867   0.0000000000  -0.0225844977
   3.7000000000   0.0000000000   0.0125167291   0.0000000000  -0.0221401086
   3.7250000000   0.0000000000   0.0119689457   0.0000000000  -0.0216825698
   3.7500000000   0.0000000000   0.0114327448   0.0000000000  -0.0212135029
   3.7750000000   0.0000000000   0.0109083953   0.0000000000  -0.0207344517
   3.8000000000   0.0000000000   0.0103961286   0.0000000000  -0.0202468846
   3.8250000000   0.0000000000   0.0098961401   0.0000000000  -0.0197521956
   3.8500000000   0.0000000000   0.0094085913   0.0000000000  -0.0192517071
   3.8750000000   0.0000000000   0.0089336116   0.0000000000  -0.0187466712
   3.9000000000   0.0000000000   0.0084712998   0.0000000000  -0.0182382721
   3.9250000000   0.0000000000   0.0080217261   0.0000000000  -0.0177276276
   3.9500000000   0.0000000000   0.0075849333   0.0000000000  -0.0172157917
   3.9750000000   0.0000000000   0.0071609390   0.0000000000  -0.0167037562
   4.0000000000   0.0000000000   0.0067497364   0.0000000000  -0.0161924525
   4.0250000000   0.0000000000   0.0063512963   0.0000000000  -0.0156827544
   4.0500000000   0.0000000000   0.0059655684   0.0000000000  -0.0151754793
   4.0750000000   0.0000000000   0.0055924825   0.0000000000  -0.0146713904
   4.1000000000   0.0000000000   0.0052319501   0.0000000000  -0.0141711992
   4.1250000000   0.0000000000   0.0048838655   0.0000000000  -0.0136755666
   4.1500000000   0.0000000000   0.0045481071   0.0000000000  -0.0131851057
   4.1750000000   0.0000000000   0.0042245385   0.0000000000  -0.0127003831
   4.2000000000   0.0000000000   0.0039130097   0.0000000000  -0.0122219209
   4.2250000000   0.0000000000   0.0036133582   0.0000000000  -0.0117501988
   4.2500000000   0.0000000000   0.0033254101   0.0000000000  -0.0112856558
   4.2750000000   0.0000000000   0.0030489807   0.0000000000  -0.0108286917
   4.3000000000   0.0000000000   0.0027838762   0.0000000000  -0.0103796692
   4.3250000000   0.0000000000   0.0025298939   0.0000000000  -0.0099389153
   4.3500000000   0.0000000000   0.0022868234   0.0000000000  -0.0095067232
   4.3750000000   0.0000000000   0.0020544474   0.0000000000  -0.0090833535
   4.4000000000   0.0000000000   0.0018325426   0.0000000000  -0.0086690362
   4.4250000000   0.0000000000   0.0016208800   0.0000000000  -0.0082639717
   4.4500000000   0.0000000000   0.0014192262  -0.0000000000  -0.0078683325
   4.4750000000   0.0000000000   0.0012273437  -0.0000000000  -0.0074822649
   4.5000000000   0.0000000000   0.0010449918  -0.0000000000  -0.0071058896
   4.5250000000   0.0000000000   0.0008719269  -0.0000000000  -0.0067393036
   4.5500000000   0.0000000000   0.0007079033  -0.0000000000  -0.0063825813
   4.5750000000   0.0000000000   0.0005526738  -0.0000000000  -0.0060357754
   4.6000000000   0.0000000000   0.0004059902  -0.0000000000  -0.0056989187
   4.6250000000   0.0000000000   0.0002676034  -0.0000000000  -0.0053720244
   4.6500000000   0.0000000000   0.0001372645  -0.0000000000  -0.0050550880
   4.6750000000   0.0000000000   0.0000147248  -0.0000000000  -0.0047480877
   4.7000000000   0.0000000000  -0.0001002636  -0.0000000000  -0.0044509857
   4.7250000000   0.0000000000  -0.0002079476  -0.0000000000  -0.0041637293
   4.7500000000   0.0000000000  -0.0003085723  -0.0000000000  -0.0038862514
   4.7750000000   0.0000000000  -0.0004023814  -0.0000000000  -0.0036184718
   4.8000000000   0.0000000000  -0.0004896160  -0.0000000000  -0.0033602979
   4.8250000000   0.0000000000  -0.0005705150  -0.0000000000  -0.0031116256
   4.8500000000   0.0000000000  -0.0006453146  -0.0000000000  -0.0028723401
   4.8750000000   0.0000000000  -0.0007142478  -0.0000000000  -0.0026423166
   4.9000000000   0.0000000000  -0.0007775445  -0.0000000000  -0.0024214211
   4.9250000000   0.0000000000  -0.0008354312  -0.0000000000  -0.0022095113
   4.9500000000   0.0000000000  -0.0008881306  -0.0000000000  -0.0020064369
   4.9750000000   0.0000000000  -0.0009358615  -0.0000000000  -0.0018120409
   5.0000000000   0.0000000000  -0.0009788390  -0.0000000000  -0.0016261597
