   0.0000000000  -0.0000000000  -1.0000000000   0.0000000000   0.0000000000
   0.0250000000   0.0000000000  -0.9996879040   0.0000000000   0.0249676816
   0.0500000000  -0.0000000000  -0.9987532279  -0.0000000000   0.0498064062
   0.0750000000  -0.0000000000  -0.9972007913  -0.0000000000   0.0743885195
   0.1000000000  -0.0000000000  -0.9950385729  -0.0000000000   0.0985889510
   0.1250000000  -0.0000000000  -0.9922776304  -0.0000000000   0.1222864544
   0.1500000000  -0.0000000000  -0.9889319899  -0.0000000000   0.1453647845
   0.1750000000  -0.0000000000  -0.9850185076  -0.0000000000   0.1677137963
   0.2000000000  -0.0000000000  -0.9805567046  -0.0000000000   0.1892304463
   0.2250000000  -0.0000000000  -0.9755685779  -0.0000000000   0.2098196852
   0.2500000000  -0.0000000000  -0.9700783915  -0.0000000000   0.2293952274
   0.2750000000  -0.0000000000  -0.9641124488  -0.0000000000   0.2478801906
   0.3000000000  -0.0000000000  -0.9576988514  -0.0000000000   0.2652075991
   0.3250000000  -0.0000000000  -0.9508672471  -0.0000000000   0.2813207459
   0.3500000000  -0.0000000000  -0.9436485701  -0.0000000000   0.2961734164
   0.3750000000  -0.0000000000  -0.9360747777  -0.0000000000   0.3097299720
   0.4000000000  -0.0000000000  -0.9281785868  -0.0000000000   0.3219653022
   0.4250000000  -0.0000000000  -0.9199932124  -0.0000000000   0.3328646496
   0.4500000000  -0.0000000000  -0.9115521128  -0.0000000000   0.3424233171
   0.4750000000  -0.0000000000  -0.9028887430  -0.0000000000   0.3506462693
   0.5000000000  -0.0000000000  -0.8940363192  -0.0000000000   0.3575476380
   0.5250000000  -0.0000000000  -0.8850275969  -0.0000000000   0.3631501459
   0.5500000000  -0.0000000000  -0.8758946643  -0.0000000000   0.3674844612
   0.5750000000  -0.0000000000  -0.8666687523  -0.0000000000   0.3705884972
   0.6000000000  -0.0000000000  -0.8573800627  -0.0000000000   0.3725066696
   0.6250000000  -0.0000000000  -0.8480576153  -0.0000000000   0.3732891265
   0.6500000000  -0.0000000000  -0.8387291142  -0.0000000000   0.3729909614
   0.6750000000  -0.0000000000  -0.8294208343  -0.0000000000   0.3716714240
   0.7000000000  -0.0000000000  -0.8201575273  -0.0000000000   0.3693931369
   0.7250000000  -0.0000000000  -0.8109623465  -0.0000000000   0.3662213311
   0.7500000000  -0.0000000000  -0.8018567910  -0.0000000000   0.3622231074
   0.7750000000  -0.0000000000  -0.7928606680  -0.0000000000   0.3574667307
   0.8000000000  -0.0000000000  -0.7839920718  -0.0000000000   0.3520209670
   0.8250000000  -0.0000000000  -0.7752673789  -0.0000000000   0.3459544639
   0.8500000000  -0.0000000000  -0.7667012583  -0.0000000000   0.3393351824
   0.8750000000  -0.0000000000  -0.7583066950  -0.0000000000   0.3322298811
   0.9000000000  -0.0000000000  -0.7500950258  -0.0000000000   0.3247036546
   0.9250000000  -0.0000000000  -0.7420759861  -0.0000000000   0.3168195279
   0.9500000000  -0.0000000000  -0.7342577656  -0.0000000000   0.3086381066
   0.9750000000  -0.0000000000  -0.7266470733  -0.0000000000   0.3002172809
   1.0000000000  -0.0000000000  -0.7192492075  -0.0000000000   0.2916119839
   1.0250000000  -0.0000000000  -0.7120681327  -0.0000000000   0.2828740005
   1.0500000000  -0.0000000000  -0.7051065599  -0.0000000000   0.2740518248
   1.0750000000  -0.0000000000  -0.6983660300  -0.0000000000   0.2651905635
   1.1000000000  -0.0000000000  -0.6918469994  -0.0000000000   0.2563318808
   1.1250000000  -0.0000000000  -0.6855489262  -0.0000000000   0.2475139829
   1.1500000000  -0.0000000000  -0.6794703559  -0.0000000000   0.2387716367
   1.1750000000  -0.0000000000  -0.6736090077  -0.0000000000   0.2301362204
   1.2000000000  -0.0000000000  -0.6679618574  -0.0000000000   0.2216358008
   1.2250000000  -0.0000000000  -0.6625252195  -0.0000000000   0.2132952351
   1.2500000000  -0.0000000000  -0.6572948254  -0.0000000000   0.2051362922
   1.2750000000  -0.0000000000  -0.6522658993  -0.0000000000   0.1971777911
   1.3000000000  -0.0000000000  -0.6474332301  -0.0000000000   0.1894357517
   1.3250000000  -0.0000000000  -0.6427912387  -0.0000000000   0.1819235567
   1.3500000000  -0.0000000000  -0.6383340427  -0.0000000000   0.1746521201
   1.3750000000  -0.0000000000  -0.6340555155  -0.0000000000   0.1676300603
   1.4000000000  -0.0000000000  -0.6299493413  -0.0000000000   0.1608638753
   1.4250000000  -0.0000000000  -0.6260090664  -0.0000000000   0.1543581180
   1.4500000000  -0.0000000000  -0.6222281453  -0.0000000000   0.1481155693
   1.4750000000  -0.0000000000  -0.6185999831  -0.0000000000   0.1421374073
   1.5000000000  -0.0000000000  -0.6151179733  -0.0000000000   0.1364233721
   1.5250000000  -0.0000000000  -0.6117755322  -0.0000000000   0.1309719234
   1.5500000000  -0.0000000000  -0.6085661282  -0.0000000000   0.1257803917
   1.5750000000  -0.0000000000  -0.6054833093  -0.0000000000   0.1208451206
   1.6000000000  -0.0000000000  -0.6025207253  -0.0000000000   0.1161616011
   1.6250000000  -0.0000000000  -0.5996721478  -0.0000000000   0.1117245969
   1.6500000000  -0.0000000000  -0.5969314871  -0.0000000000   0.1075282602
   1.6750000000  -0.0000000000  -0.5942928059  -0.0000000000   0.1035662379
   1.7000000000  -0.0000000000  -0.5917503308  -0.0000000000   0.0998317697
   1.7250000000  -0.0000000000  -0.5892984615  -0.0000000000   0.0963177758
   1.7500000000  -0.0000000000  -0.5869317776  -0.0000000000   0.0930169366
   1.7750000000  -0.0000000000  -0.5846450438  -0.0000000000   0.0899217633
   1.8000000000  -0.0000000000  -0.5824332135  -0.0000000000   0.0870246611
   1.8250000000  -0.0000000000  -0.5802914304  -0.0000000000   0.0843179840
   1.8500000000  -0.0000000000  -0.5782150296  -0.0000000000   0.0817940826
   1.8750000000  -0.0000000000  -0.5761995367  -0.0000000000   0.0794453461
   1.9000000000  -0.0000000000  -0.5742406670  -0.0000000000   0.0772642362
   1.9250000000  -0.0000000000  -0.5723343225  -0.0000000000   0.0752433177
   1.9500000000  -0.0000000000  -0.5704765900  -0.0000000000   0.0733752822
   1.9750000000  -0.0000000000  -0.5686637369  -0.0000000000   0.0716529681
   2.0000000000  -0.0000000000  -0.5668922076  -0.0000000000   0.0700693761
   2.0250000000  -0.0000000000  -0.5651586194  -0.0000000000   0.0686176816
   2.0500000000  -0.0000000000  -0.5634597578  -0.0000000000   0.0672912435
   2.0750000000  -0.0000000000  -0.5617925722  -0.0000000000   0.0660836104
   2.1000000000  -0.0000000000  -0.5601541705  -0.0000000000   0.0649885243
   2.1250000000  -0.0000000000  -0.5585418149  -0.0000000000   0.0639999231
   2.1500000000  -0.0000000000  -0.5569529166  -0.0000000000   0.0631119405
   2.1750000000  -0.0000000000  -0.5553850310  -0.0000000000   0.0623189049
   2.2000000000  -0.0000000000  -0.5538358530  -0.0000000000   0.0616153378
   2.2250000000  -0.0000000000  -0.5523032119  -0.0000000000   0.0609959507
   2.2500000000  -0.0000000000  -0.5507850670  -0.0000000000   0.0604556417
   2.2750000000  -0.0000000000  -0.5492795028  -0.0000000000   0.0599894914
   2.3000000000  -0.0000000000  -0.5477847247  -0.0000000000   0.0595927593
   2.3250000000  -0.0000000000  -0.5462990542  -0.0000000000   0.0592608791
   2.3500000000  -0.0000000000  -0.5448209250  -0.0000000000   0.0589894544
   2.3750000000  -0.0000000000  -0.5433488787  -0.0000000000   0.0587742548
   2.4000000000  -0.0000000000  -0.5418815603  -0.0000000000   0.0586112114
   2.4250000000  -0.0000000000  -0.5404177150  -0.0000000000   0.0584964131
   2.4500000000  -0.0000000000  -0.5389561836  -0.0000000000   0.0584261026
   2.4750000000  -0.0000000000  -0.5374958989  -0.0000000000   0.0583966731
   2.5000000000  -0.0000000000  -0.5360358822  -0.0000000000   0.0584046649
   2.5250000000  -0.0000000000  -0.5345752393  -0.0000000000   0.0584467622
   2.5500000000  -0.0000000000  -0.5331131574  -0.0000000000   0.0585197903
   2.5750000000  -0.0000000000  -0.5316489011  -0.0000000000   0.0586207130
   2.6000000000  -0.0000000000  -0.5301818093  -0.0000000000   0.0587466302
   2.6250000000  -0.0000000000  -0.5287112918  -0.0000000000   0.0588947750
   2.6500000000  -0.0000000000  -0.5272368257  -0.0000000000   0.0590625124
   2.6750000000  -0.0000000000  -0.5257579526  -0.0000000000   0.0592473365
   2.7000000000  -0.0000000000  -0.5242742750  -0.0000000000   0.0594468686
   2.7250000000  -0.0000000000  -0.5227854534  -0.0000000000   0.0596588555
   2.7500000000  -0.0000000000  -0.5212912032  -0.0000000000   0.0598811673
   2.7750000000  -0.0000000000  -0.5197912911  -0.0000000000   0.0601117954
   2.8000000000  -0.0000000000  -0.5182855331  -0.0000000000   0.0603488507
   2.8250000000  -0.0000000000  -0.5167737904  -0.0000000000   0.0605905612
   2.8500000000  -0.0000000000  -0.5152559675  -0.0000000000   0.0608352702
   2.8750000000  -0.0000000000  -0.5137320087  -0.0000000000   0.0610814336
   2.9000000000  -0.0000000000  -0.5122018956  -0.0000000000   0.0613276181
   2.9250000000  -0.0000000000  -0.5106656441  -0.0000000000   0.0615724983
   2.9500000000  -0.0000000000  -0.5091233022  -0.0000000000   0.0618148541
   2.9750000000  -0.0000000000  -0.5075749469  -0.0000000000   0.0620535680
   3.0000000000  -0.0000000000  -0.5060206820  -0.0000000000   0.0622876223
   3.0250000000  -0.0000000000  -0.5044606356  -0.0000000000   0.0625160960
   3.0500000000  -0.0000000000  -0.5028949574  -0.0000000000   0.0627381613
   3.0750000000  -0.0000000000  -0.5013238168  -0.0000000000   0.0629530806
   3.1000000000  -0.0000000000  -0.4997474008  -0.0000000000   0.0631602032
   3.1250000000  -0.0000000000  -0.4981659112  -0.0000000000   0.0633589611
   3.1500000000  -0.0000000000  -0.4965795634  -0.0000000000   0.0635488657
   3.1750000000  -0.0000000000  -0.4949885838  -0.0000000000   0.0637295043
   3.2000000000  -0.0000000000  -0.4933932083  -0.0000000000   0.0639005354
   3.2250000000  -0.0000000000  -0.4917936805  -0.0000000000   0.0640616856
   3.2500000000  -0.0000000000  -0.4901902501  -0.0000000000   0.0642127450
   3.2750000000  -0.0000000000  -0.4885831713  -0.0000000000   0.0643535638
   3.3000000000  -0.0000000000  -0.4869727011  -0.0000000000   0.0644840473
   3.3250000000  -0.0000000000  -0.4853590986  -0.0000000000   0.0646041529
   3.3500000000  -0.0000000000  -0.4837426231  -0.0000000000   0.0647138854
   3.3750000000  -0.0000000000  -0.4821235334  -0.0000000000   0.0648132932
   3.4000000000  -0.0000000000  -0.4805020864  -0.0000000000   0.0649024643
   3.4250000000  -0.0000000000  -0.4788785366  -0.0000000000   0.0649815225
   3.4500000000  -0.0000000000  -0.4772531348  -0.0000000000   0.0650506239
   3.4750000000  -0.0000000000  -0.4756261276  -0.0000000000   0.0651099524
   3.5000000000  -0.0000000000  -0.4739977567  -0.0000000000   0.0651597170
   3.5250000000  -0.0000000000  -0.4723682584  -0.0000000000   0.0652001480
   3.5500000000  -0.0000000000  -0.4707378629  -0.0000000000   0.0652314935
   3.5750000000  -0.0000000000  -0.4691067940  -0.0000000000   0.0652540167
   3.6000000000  -0.0000000000  -0.4674752689  -0.0000000000   0.0652679924
   3.6250000000  -0.0000000000  -0.4658434977  -0.0000000000   0.0652737046
   3.6500000000  -0.0000000000  -0.4642116833  -0.0000000000   0.0652714437
   3.6750000000  -0.0000000000  -0.4625800215  -0.0000000000   0.0652615038
   3.7000000000  -0.0000000000  -0.4609487004  -0.0000000000   0.0652441808
   3.7250000000  -0.0000000000  -0.4593179010  -0.0000000000   0.0652197700
   3.7500000000  -0.0000000000  -0.4576877969  -0.0000000000   0.0651885642
   3.7750000000  -0.0000000000  -0.4560585542  -0.0000000000   0.0651508523
   3.8000000000  -0.0000000000  -0.4544303320  -0.0000000000   0.0651069172
   3.8250000000  -0.0000000000  -0.4528032826  -0.0000000000   0.0650570348
   3.8500000000  -0.0000000000  -0.4511775513  -0.0000000000   0.0650014727
   3.8750000000  -0.0000000000  -0.4495532768  -0.0000000000   0.0649404890
   3.9000000000  -0.0000000000  -0.4479305915  -0.0000000000   0.0648743319
   3.9250000000  -0.0000000000  -0.4463096219  -0.0000000000   0.0648032384
   3.9500000000  -0.0000000000  -0.4446904885  -0.0000000000   0.0647274343
   3.9750000000  -0.0000000000  -0.4430733064  -0.0000000000   0.0646471333
   4.0000000000  -0.0000000000  -0.4414581855  -0.0000000000   0.0645625371
   4.0250000000  -0.0000000000  -0.4398452308  -0.0000000000   0.0644738352
   4.0500000000  -0.0000000000  -0.4382345428  -0.0000000000   0.0643812046
   4.0750000000  -0.0000000000  -0.4366262177  -0.0000000000   0.0642848101
   4.1000000000  -0.0000000000  -0.4350203475  -0.0000000000   0.0641848047
   4.1250000000  -0.0000000000  -0.4334170208  -0.0000000000   0.0640813292
   4.1500000000  -0.0000000000  -0.4318163228  -0.0000000000   0.0639745134
   4.1750000000  -0.0000000000  -0.4302183354  -0.0000000000   0.0638644758
   4.2000000000  -0.0000000000  -0.4286231379  -0.0000000000   0.0637513244
   4.2250000000  -0.0000000000  -0.4270308069  -0.0000000000   0.0636351574
   4.2500000000  -0.0000000000  -0.4254414166  -0.0000000000   0.0635160634
   4.2750000000  -0.0000000000  -0.4238550393  -0.0000000000   0.0633941222
   4.3000000000  -0.0000000000  -0.4222717452  -0.0000000000   0.0632694055
   4.3250000000  -0.0000000000  -0.4206916029  -0.0000000000   0.0631419773
   4.3500000000  -0.0000000000  -0.4191146795  -0.0000000000   0.0630118950
   4.3750000000  -0.0000000000  -0.4175410407  -0.0000000000   0.0628792096
   4.4000000000  -0.0000000000  -0.4159707510  -0.0000000000   0.0627439666
   4.4250000000  -0.0000000000  -0.4144038738  -0.0000000000   0.0626062069
   4.4500000000  -0.0000000000  -0.4128404717  -0.0000000000   0.0624659669
   4.4750000000  -0.0000000000  -0.4112806061  -0.0000000000   0.0623232795
   4.5000000000  -0.0000000000  -0.4097243379  -0.0000000000   0.0621781746
   4.5250000000  -0.0000000000  -0.4081717272  -0.0000000000   0.0620306800
   4.5500000000  -0.0000000000  -0.4066228335  -0.0000000000   0.0618808214
   4.5750000000  -0.0000000000  -0.4050777154  -0.0000000000   0.0617286233
   4.6000000000  -0.0000000000  -0.4035364312  -0.0000000000   0.0615741095
   4.6250000000  -0.0000000000  -0.4019990386  -0.0000000000   0.0614173033
   4.6500000000  -0.0000000000  -0.4004655944  -0.0000000000   0.0612582284
   4.6750000000  -0.0000000000  -0.3989361552  -0.0000000000   0.0610969087
   4.7000000000  -0.0000000000  -0.3974107768  -0.0000000000   0.0609333691
   4.7250000000  -0.0000000000  -0.3958895142  -0.0000000000   0.0607676356
   4.7500000000  -0.0000000000  -0.3943724221  -0.0000000000   0.0605997358
   4.7750000000  -0.0000000000  -0.3928595541  -0.0000000000   0.0604296988
   4.8000000000  -0.0000000000  -0.3913509634  -0.0000000000   0.0602575558
   4.8250000000  -0.0000000000  -0.3898467022  -0.0000000000   0.0600833397
   4.8500000000  -0.0000000000  -0.3883468219  -0.0000000000   0.0599070861
   4.8750000000  -0.0000000000  -0.3868513729  -0.0000000000   0.0597288324
   4.9000000000  -0.0000000000  -0.3853604048  -0.0000000000   0.0595486188
   4.9250000000  -0.0000000000  -0.3838739660  -0.0000000000   0.0593664876
   4.9500000000  -0.0000000000  -0.3823921038  -0.0000000000   0.0591824837
   4.9750000000  -0.0000000000  -0.3809148646  -0.0000000000   0.0589966545
   5.0000000000  -0.0000000000  -0.3794422933  -0.0000000000   0.0588090496
