   0.0000000000   0.2500000000
   0.0250000000   0.2494737764
   0.0500000000   0.2479048879
   0.0750000000   0.2453233658
   0.1000000000   0.2417782433
   0.1250000000   0.2373360686
   0.1500000000   0.2320789155
   0.1750000000   0.2261019762
   0.2000000000   0.2195108350
   0.2250000000   0.2124185362
   0.2500000000   0.2049425570
   0.2750000000   0.1972018014
   0.3000000000   0.1893137175
   0.3250000000   0.1813916327
   0.3500000000   0.1735423856
   0.3750000000   0.1658643120
   0.4000000000   0.1584456287
   0.4250000000   0.1513632340
   0.4500000000   0.1446819296
   0.4750000000   0.1384540496
   0.5000000000   0.1327194679
   0.5250000000   0.1275059464
   0.5500000000   0.1228297739
   0.5750000000   0.1186966445
   0.6000000000   0.1151027186
   0.6250000000   0.1120358114
   0.6500000000   0.1094766565
   0.6750000000   0.1074001941
   0.7000000000   0.1057768436
   0.7250000000   0.1045737200
   0.7500000000   0.1037557690
   0.7750000000   0.1032867944
   0.8000000000   0.1031303651
   0.8250000000   0.1032505915
   0.8500000000   0.1036127684
   0.8750000000   0.1041838861
   0.9000000000   0.1049330169
   0.9250000000   0.1058315845
   0.9500000000   0.1068535294
   0.9750000000   0.1079753834
   1.0000000000   0.1091762671
   1.0250000000   0.1104378238
   1.0500000000   0.1117441054
   1.0750000000   0.1130814214
   1.1000000000   0.1144381632
   1.1250000000   0.1158046147
   1.1500000000   0.1171727568
   1.1750000000   0.1185360736
   1.2000000000   0.1198893655
   1.2250000000   0.1212285737
   1.2500000000   0.1225506181
   1.2750000000   0.1238532509
   1.3000000000   0.1251349265
   1.3250000000   0.1263946867
   1.3500000000   0.1276320619
   1.3750000000   0.1288469851
   1.4000000000   0.1300397195
   1.4250000000   0.1312107961
   1.4500000000   0.1323609612
   1.4750000000   0.1334911306
   1.5000000000   0.1346023509
   1.5250000000   0.1356957649
   1.5500000000   0.1367725814
   1.5750000000   0.1378340474
   1.6000000000   0.1388814225
   1.6250000000   0.1399159558
   1.6500000000   0.1409388630
   1.6750000000   0.1419513062
   1.7000000000   0.1429543744
   1.7250000000   0.1439490657
   1.7500000000   0.1449362714
   1.7750000000   0.1459167622
   1.8000000000   0.1468911773
   1.8250000000   0.1478600153
   1.8500000000   0.1488236298
   1.8750000000   0.1497822268
   1.9000000000   0.1507358666
   1.9250000000   0.1516844695
   1.9500000000   0.1526278240
   1.9750000000   0.1535656001
   2.0000000000   0.1544973642
   2.0250000000   0.1554225981
   2.0500000000   0.1563407192
   2.0750000000   0.1572511035
   2.1000000000   0.1581531082
   2.1250000000   0.1590460961
   2.1500000000   0.1599294586
   2.1750000000   0.1608026372
   2.2000000000   0.1616651443
   2.2250000000   0.1625165800
   2.2500000000   0.1633566471
   2.2750000000   0.1641851615
   2.3000000000   0.1650020594
   2.3250000000   0.1658074006
   2.3500000000   0.1666013675
   2.3750000000   0.1673842605
   2.4000000000   0.1681564897
   2.4250000000   0.1689185637
   2.4500000000   0.1696710756
   2.4750000000   0.1704146867
   2.5000000000   0.1711501088
   2.5250000000   0.1718780860
   2.5500000000   0.1725993754
   2.5750000000   0.1733147291
   2.6000000000   0.1740248762
   2.6250000000   0.1747305066
   2.6500000000   0.1754322568
   2.6750000000   0.1761306972
   2.7000000000   0.1768263222
   2.7250000000   0.1775195423
   2.7500000000   0.1782106795
   2.7750000000   0.1788999640
   2.8000000000   0.1795875347
   2.8250000000   0.1802734404
   2.8500000000   0.1809576444
   2.8750000000   0.1816400298
   2.9000000000   0.1823204069
   2.9250000000   0.1829985214
   2.9500000000   0.1836740641
   2.9750000000   0.1843466800
   3.0000000000   0.1850159790
   3.0250000000   0.1856815461
   3.0500000000   0.1863429512
   3.0750000000   0.1869997586
   3.1000000000   0.1876515363
   3.1250000000   0.1882978645
   3.1500000000   0.1889383425
   3.1750000000   0.1895725957
   3.2000000000   0.1902002808
   3.2250000000   0.1908210907
   3.2500000000   0.1914347579
   3.2750000000   0.1920410566
   3.3000000000   0.1926398046
   3.3250000000   0.1932308640
   3.3500000000   0.1938141402
   3.3750000000   0.1943895817
   3.4000000000   0.1949571776
   3.4250000000   0.1955169556
   3.4500000000   0.1960689791
   3.4750000000   0.1966133438
   3.5000000000   0.1971501741
   3.5250000000   0.1976796195
   3.5500000000   0.1982018504
   3.5750000000   0.1987170546
   3.6000000000   0.1992254333
   3.6250000000   0.1997271971
   3.6500000000   0.2002225632
   3.6750000000   0.2007117517
   3.7000000000   0.2011949827
   3.7250000000   0.2016724743
   3.7500000000   0.2021444396
   3.7750000000   0.2026110855
   3.8000000000   0.2030726113
   3.8250000000   0.2035292069
   3.8500000000   0.2039810529
   3.8750000000   0.2044283196
   3.9000000000   0.2048711671
   3.9250000000   0.2053097454
   3.9500000000   0.2057441941
   3.9750000000   0.2061746438
   4.0000000000   0.2066012155
   4.0250000000   0.2070240222
   4.0500000000   0.2074431687
   4.0750000000   0.2078587526
   4.1000000000   0.2082708651
   4.1250000000   0.2086795907
   4.1500000000   0.2090850086
   4.1750000000   0.2094871923
   4.2000000000   0.2098862103
   4.2250000000   0.2102821262
   4.2500000000   0.2106749984
   4.2750000000   0.2110648806
   4.3000000000   0.2114518214
   4.3250000000   0.2118358643
   4.3500000000   0.2122170477
   4.3750000000   0.2125954043
   4.4000000000   0.2129709613
   4.4250000000   0.2133437402
   4.4500000000   0.2137137566
   4.4750000000   0.2140810201
   4.5000000000   0.2144455344
   4.5250000000   0.2148072974
   4.5500000000   0.2151663010
   4.5750000000   0.2155225320
   4.6000000000   0.2158759716
   4.6250000000   0.2162265965
   4.6500000000   0.2165743786
   4.6750000000   0.2169192862
   4.7000000000   0.2172612844
   4.7250000000   0.2176003352
   4.7500000000   0.2179363989
   4.7750000000   0.2182694343
   4.8000000000   0.2185993995
   4.8250000000   0.2189262527
   4.8500000000   0.2192499527
   4.8750000000   0.2195704597
   4.9000000000   0.2198877360
   4.9250000000   0.2202017461
   4.9500000000   0.2205124581
   4.9750000000   0.2208198434
   5.0000000000   0.2211238774
