   0.0000000000   0.0000000000
   0.0250000000  -0.0032857228
   0.0500000000  -0.0130646325
   0.0750000000  -0.0290953239
   0.1000000000  -0.0509856019
   0.1250000000  -0.0782071771
   0.1500000000  -0.1101151105
   0.1750000000  -0.1459709816
   0.2000000000  -0.1849685900
   0.2250000000  -0.2262609245
   0.2500000000  -0.2689871362
   0.2750000000  -0.3122983354
   0.3000000000  -0.3553811774
   0.3250000000  -0.3974783995
   0.3500000000  -0.4379056983
   0.3750000000  -0.4760645799
   0.4000000000  -0.5114510482
   0.4250000000  -0.5436602171
   0.4500000000  -0.5723871172
   0.4750000000  -0.5974241153
   0.5000000000  -0.6186554739
   0.5250000000  -0.6360496367
   0.5500000000  -0.6496498541
   0.5750000000  -0.6595637475
   0.6000000000  -0.6659523715
   0.6250000000  -0.6690192684
   0.6500000000  -0.6689999324
   0.6750000000  -0.6661520113
   0.7000000000  -0.6607464868
   0.7250000000  -0.6530599875
   0.7500000000  -0.6433683077
   0.7750000000  -0.6319411394
   0.8000000000  -0.6190379669
   0.8250000000  -0.6049050278
   0.8500000000  -0.5897732172
   0.8750000000  -0.5738567922
   0.9000000000  -0.5573527259
   0.9250000000  -0.5404405659
   0.9500000000  -0.5232826601
   0.9750000000  -0.5060246302
   1.0000000000  -0.4887959926
   1.0250000000  -0.4717108488
   1.0500000000  -0.4548685866
   1.0750000000  -0.4383545572
   1.1000000000  -0.4222407086
   1.1250000000  -0.4065861739
   1.1500000000  -0.3914378204
   1.1750000000  -0.3768307811
   1.2000000000  -0.3627889882
   1.2250000000  -0.3493257347
   1.2500000000  -0.3364442902
   1.2750000000  -0.3241385905
   1.3000000000  -0.3123940204
   1.3250000000  -0.3011882994
   1.3500000000  -0.2904924762
   1.3750000000  -0.2802720275
   1.4000000000  -0.2704880497
   1.4250000000  -0.2610985250
   1.4500000000  -0.2520596343
   1.4750000000  -0.2433270853
   1.5000000000  -0.2348574161
   1.5250000000  -0.2266092346
   1.5500000000  -0.2185443499
   1.5750000000  -0.2106287554
   1.6000000000  -0.2028334251
   1.6250000000  -0.1951348929
   1.6500000000  -0.1875155892
   1.6750000000  -0.1799639251
   1.7000000000  -0.1724741204
   1.7250000000  -0.1650457873
   1.7500000000  -0.1576832927
   1.7750000000  -0.1503949329
   1.8000000000  -0.1431919647
   1.8250000000  -0.1360875425
   1.8500000000  -0.1290956168
   1.8750000000  -0.1222298492
   1.9000000000  -0.1155025970
   1.9250000000  -0.1089240167
   1.9500000000  -0.1025013239
   1.9750000000  -0.0962382432
   2.0000000000  -0.0901346634
   2.0250000000  -0.0841865079
   2.0500000000  -0.0783858140
   2.0750000000  -0.0727210064
   2.1000000000  -0.0671773402
   2.1250000000  -0.0617374820
   2.1500000000  -0.0563821929
   2.1750000000  -0.0510910738
   2.2000000000  -0.0458433344
   2.2250000000  -0.0406185489
   2.2500000000  -0.0353973647
   2.2750000000  -0.0301621361
   2.3000000000  -0.0248974608
   2.3250000000  -0.0195906029
   2.3500000000  -0.0142317943
   2.3750000000  -0.0088144108
   2.4000000000  -0.0033350261
   2.4250000000   0.0022066485
   2.4500000000   0.0078079282
   2.4750000000   0.0134634059
   2.5000000000   0.0191652772
   2.5250000000   0.0249037183
   2.5500000000   0.0306673023
   2.5750000000   0.0364434350
   2.6000000000   0.0422187947
   2.6250000000   0.0479797621
   2.6500000000   0.0537128267
   2.6750000000   0.0594049596
   2.7000000000   0.0650439440
   2.7250000000   0.0706186569
   2.7500000000   0.0761192974
   2.7750000000   0.0815375588
   2.8000000000   0.0868667441
   2.8250000000   0.0921018250
   2.8500000000   0.0972394481
   2.8750000000   0.1022778903
   2.9000000000   0.1072169691
   2.9250000000   0.1120579136
   2.9500000000   0.1168032024
   2.9750000000   0.1214563758
   3.0000000000   0.1260218294
   3.0250000000   0.1305045971
   3.0500000000   0.1349101316
   3.0750000000   0.1392440886
   3.1000000000   0.1435121222
   3.1250000000   0.1477196989
   3.1500000000   0.1518719328
   3.1750000000   0.1559734495
   3.2000000000   0.1600282797
   3.2250000000   0.1640397851
   3.2500000000   0.1680106176
   3.2750000000   0.1719427111
   3.3000000000   0.1758373034
   3.3250000000   0.1796949863
   3.3500000000   0.1835157794
   3.3750000000   0.1872992227
   3.4000000000   0.1910444838
   3.4250000000   0.1947504728
   3.4500000000   0.1984159605
   3.4750000000   0.2020396946
   3.5000000000   0.2056205071
   3.5250000000   0.2091574113
   3.5500000000   0.2126496830
   3.5750000000   0.2160969235
   3.6000000000   0.2194991029
   3.6250000000   0.2228565837
   3.6500000000   0.2261701234
   3.6750000000   0.2294408579
   3.7000000000   0.2326702689
   3.7250000000   0.2358601350
   3.7500000000   0.2390124719
   3.7750000000   0.2421294639
   3.8000000000   0.2452133906
   3.8250000000   0.2482665510
   3.8500000000   0.2512911898
   3.8750000000   0.2542894283
   3.9000000000   0.2572632015
   3.9250000000   0.2602142047
   3.9500000000   0.2631438507
   3.9750000000   0.2660532387
   4.0000000000   0.2689431349
   4.0250000000   0.2718139661
   4.0500000000   0.2746658243
   4.0750000000   0.2774984826
   4.1000000000   0.2803114210
   4.1250000000   0.2831038597
   4.1500000000   0.2858748001
   4.1750000000   0.2886230699
   4.2000000000   0.2913473714
   4.2250000000   0.2940463313
   4.2500000000   0.2967185496
   4.2750000000   0.2993626471
   4.3000000000   0.3019773081
   4.3250000000   0.3045613199
   4.3500000000   0.3071136051
   4.3750000000   0.3096332488
   4.4000000000   0.3121195176
   4.4250000000   0.3145718719
   4.4500000000   0.3169899720
   4.4750000000   0.3193736757
   4.5000000000   0.3217230312
   4.5250000000   0.3240382638
   4.5500000000   0.3263197578
   4.5750000000   0.3285680353
   4.6000000000   0.3307837322
   4.6250000000   0.3329675724
   4.6500000000   0.3351203425
   4.6750000000   0.3372428666
   4.7000000000   0.3393359826
   4.7250000000   0.3414005220
   4.7500000000   0.3434372916
   4.7750000000   0.3454470600
   4.8000000000   0.3474305475
   4.8250000000   0.3493884198
   4.8500000000   0.3513212866
   4.8750000000   0.3532297033
   4.9000000000   0.3551141758
   4.9250000000   0.3569751689
   4.9500000000   0.3588131157
   4.9750000000   0.3606284295
   5.0000000000   0.3624215158
