   0.0000000000   0.0000000000
   0.0250000000  -0.0005269015
   0.0500000000  -0.0021014857
   0.0750000000  -0.0047052539
   0.1000000000  -0.0083077451
   0.1250000000  -0.0128670813
   0.1500000000  -0.0183307122
   0.1750000000  -0.0246363409
   0.2000000000  -0.0317130085
   0.2250000000  -0.0394823116
   0.2500000000  -0.0478597242
   0.2750000000  -0.0567559933
   0.3000000000  -0.0660785784
   0.3250000000  -0.0757331019
   0.3500000000  -0.0856247810
   0.3750000000  -0.0956598128
   0.4000000000  -0.1057466852
   0.4250000000  -0.1157973912
   0.4500000000  -0.1257285255
   0.4750000000  -0.1354622488
   0.5000000000  -0.1449271060
   0.5250000000  -0.1540586909
   0.5500000000  -0.1628001534
   0.5750000000  -0.1711025484
   0.6000000000  -0.1789250300
   0.6250000000  -0.1862348976
   0.6500000000  -0.1930075028
   0.6750000000  -0.1992260294
   0.7000000000  -0.2048811598
   0.7250000000  -0.2099706426
   0.7500000000  -0.2144987777
   0.7750000000  -0.2184758355
   0.8000000000  -0.2219174258
   0.8250000000  -0.2248438327
   0.8500000000  -0.2272793315
   0.8750000000  -0.2292515012
   0.9000000000  -0.2307905449
   0.9250000000  -0.2319286319
   0.9500000000  -0.2326992691
   0.9750000000  -0.2331367119
   1.0000000000  -0.2332754207
   1.0250000000  -0.2331495679
   1.0500000000  -0.2327926004
   1.0750000000  -0.2322368578
   1.1000000000  -0.2315132488
   1.1250000000  -0.2306509847
   1.1500000000  -0.2296773684
   1.1750000000  -0.2286176367
   1.2000000000  -0.2274948530
   1.2250000000  -0.2263298461
   1.2500000000  -0.2251411911
   1.2750000000  -0.2239452279
   1.3000000000  -0.2227561129
   1.3250000000  -0.2215858980
   1.3500000000  -0.2204446332
   1.3750000000  -0.2193404885
   1.4000000000  -0.2182798892
   1.4250000000  -0.2172676614
   1.4500000000  -0.2163071848
   1.4750000000  -0.2154005475
   1.5000000000  -0.2145487008
   1.5250000000  -0.2137516118
   1.5500000000  -0.2130084105
   1.5750000000  -0.2123175303
   1.6000000000  -0.2116768398
   1.6250000000  -0.2110837657
   1.6500000000  -0.2105354047
   1.6750000000  -0.2100286253
   1.7000000000  -0.2095601581
   1.7250000000  -0.2091266751
   1.7500000000  -0.2087248586
   1.7750000000  -0.2083514590
   1.8000000000  -0.2080033430
   1.8250000000  -0.2076775325
   1.8500000000  -0.2073712348
   1.8750000000  -0.2070818648
   1.9000000000  -0.2068070601
   1.9250000000  -0.2065446897
   1.9500000000  -0.2062928579
   1.9750000000  -0.2060499022
   2.0000000000  -0.2058143883
   2.0250000000  -0.2055851011
   2.0500000000  -0.2053610334
   2.0750000000  -0.2051413728
   2.1000000000  -0.2049254862
   2.1250000000  -0.2047129045
   2.1500000000  -0.2045033057
   2.1750000000  -0.2042964983
   2.2000000000  -0.2040924048
   2.2250000000  -0.2038910459
   2.2500000000  -0.2036925241
   2.2750000000  -0.2034970098
   2.3000000000  -0.2033047272
   2.3250000000  -0.2031159413
   2.3500000000  -0.2029309465
   2.3750000000  -0.2027500559
   2.4000000000  -0.2025735918
   2.4250000000  -0.2024018776
   2.4500000000  -0.2022352303
   2.4750000000  -0.2020739548
   2.5000000000  -0.2019183382
   2.5250000000  -0.2017686461
   2.5500000000  -0.2016251189
   2.5750000000  -0.2014879695
   2.6000000000  -0.2013573816
   2.6250000000  -0.2012335084
   2.6500000000  -0.2011164721
   2.6750000000  -0.2010063640
   2.7000000000  -0.2009032448
   2.7250000000  -0.2008071453
   2.7500000000  -0.2007180681
   2.7750000000  -0.2006359880
   2.8000000000  -0.2005608545
   2.8250000000  -0.2004925931
   2.8500000000  -0.2004311072
   2.8750000000  -0.2003762801
   2.9000000000  -0.2003279769
   2.9250000000  -0.2002860468
   2.9500000000  -0.2002503243
   2.9750000000  -0.2002206322
   3.0000000000  -0.2001967826
   3.0250000000  -0.2001785789
   3.0500000000  -0.2001658180
   3.0750000000  -0.2001582912
   3.1000000000  -0.2001557862
   3.1250000000  -0.2001580884
   3.1500000000  -0.2001649820
   3.1750000000  -0.2001762514
   3.2000000000  -0.2001916822
   3.2250000000  -0.2002110623
   3.2500000000  -0.2002341824
   3.2750000000  -0.2002608370
   3.3000000000  -0.2002908250
   3.3250000000  -0.2003239504
   3.3500000000  -0.2003600223
   3.3750000000  -0.2003988557
   3.4000000000  -0.2004402718
   3.4250000000  -0.2004840978
   3.4500000000  -0.2005301675
   3.4750000000  -0.2005783213
   3.5000000000  -0.2006284058
   3.5250000000  -0.2006802745
   3.5500000000  -0.2007337871
   3.5750000000  -0.2007888098
   3.6000000000  -0.2008452150
   3.6250000000  -0.2009028813
   3.6500000000  -0.2009616928
   3.6750000000  -0.2010215398
   3.7000000000  -0.2010823176
   3.7250000000  -0.2011439271
   3.7500000000  -0.2012062739
   3.7750000000  -0.2012692686
   3.8000000000  -0.2013328261
   3.8250000000  -0.2013968657
   3.8500000000  -0.2014613106
   3.8750000000  -0.2015260879
   3.9000000000  -0.2015911281
   3.9250000000  -0.2016563652
   3.9500000000  -0.2017217361
   3.9750000000  -0.2017871809
   4.0000000000  -0.2018526421
   4.0250000000  -0.2019180649
   4.0500000000  -0.2019833969
   4.0750000000  -0.2020485878
   4.1000000000  -0.2021135896
   4.1250000000  -0.2021783560
   4.1500000000  -0.2022428426
   4.1750000000  -0.2023070068
   4.2000000000  -0.2023708076
   4.2250000000  -0.2024342056
   4.2500000000  -0.2024971628
   4.2750000000  -0.2025596427
   4.3000000000  -0.2026216102
   4.3250000000  -0.2026830315
   4.3500000000  -0.2027438741
   4.3750000000  -0.2028041069
   4.4000000000  -0.2028636999
   4.4250000000  -0.2029226244
   4.4500000000  -0.2029808530
   4.4750000000  -0.2030383596
   4.5000000000  -0.2030951192
   4.5250000000  -0.2031511082
   4.5500000000  -0.2032063042
   4.5750000000  -0.2032606859
   4.6000000000  -0.2033142335
   4.6250000000  -0.2033669283
   4.6500000000  -0.2034187532
   4.6750000000  -0.2034696919
   4.7000000000  -0.2035197297
   4.7250000000  -0.2035688533
   4.7500000000  -0.2036170504
   4.7750000000  -0.2036643102
   4.8000000000  -0.2037106231
   4.8250000000  -0.2037559810
   4.8500000000  -0.2038003767
   4.8750000000  -0.2038438046
   4.9000000000  -0.2038862602
   4.9250000000  -0.2039277403
   4.9500000000  -0.2039682430
   4.9750000000  -0.2040077674
   5.0000000000  -0.2040463140
