   0.0000000000  -0.8447834039
   0.0250000000  -0.8435980754
   0.0500000000  -0.8400574981
   0.0750000000  -0.8342149833
   0.1000000000  -0.8261567171
   0.1250000000  -0.8160004385
   0.1500000000  -0.8038927426
   0.1750000000  -0.7900057137
   0.2000000000  -0.7745330440
   0.2250000000  -0.7576857604
   0.2500000000  -0.7396876903
   0.2750000000  -0.7207708031
   0.3000000000  -0.7011705578
   0.3250000000  -0.6811213846
   0.3500000000  -0.6608524137
   0.3750000000  -0.6405835521
   0.4000000000  -0.6205219899
   0.4250000000  -0.6008592014
   0.4500000000  -0.5817684826
   0.4750000000  -0.5634030525
   0.5000000000  -0.5458947206
   0.5250000000  -0.5293531123
   0.5500000000  -0.5138654241
   0.5750000000  -0.4994966691
   0.6000000000  -0.4862903655
   0.6250000000  -0.4742696093
   0.6500000000  -0.4634384708
   0.6750000000  -0.4537836508
   0.7000000000  -0.4452763315
   0.7250000000  -0.4378741613
   0.7500000000  -0.4315233123
   0.7750000000  -0.4261605583
   0.8000000000  -0.4217153225
   0.8250000000  -0.4181116546
   0.8500000000  -0.4152700999
   0.8750000000  -0.4131094326
   0.9000000000  -0.4115482313
   0.9250000000  -0.4105062805
   0.9500000000  -0.4099057895
   0.9750000000  -0.4096724232
   1.0000000000  -0.4097361479
   1.0250000000  -0.4100318945
   1.0500000000  -0.4105000500
   1.0750000000  -0.4110867872
   1.1000000000  -0.4117442463
   1.1250000000  -0.4124305845
   1.1500000000  -0.4131099078
   1.1750000000  -0.4137521037
   1.2000000000  -0.4143325885
   1.2250000000  -0.4148319876
   1.2500000000  -0.4152357630
   1.2750000000  -0.4155338020
   1.3000000000  -0.4157199808
   1.3250000000  -0.4157917146
   1.3500000000  -0.4157495047
   1.3750000000  -0.4155964911
   1.4000000000  -0.4153380193
   1.4250000000  -0.4149812263
   1.4500000000  -0.4145346517
   1.4750000000  -0.4140078769
   1.5000000000  -0.4134111960
   1.5250000000  -0.4127553184
   1.5500000000  -0.4120511064
   1.5750000000  -0.4113093449
   1.6000000000  -0.4105405449
   1.6250000000  -0.4097547781
   1.6500000000  -0.4089615429
   1.6750000000  -0.4081696570
   1.7000000000  -0.4073871779
   1.7250000000  -0.4066213464
   1.7500000000  -0.4058785517
   1.7750000000  -0.4051643164
   1.8000000000  -0.4044832975
   1.8250000000  -0.4038393024
   1.8500000000  -0.4032353174
   1.8750000000  -0.4026735456
   1.9000000000  -0.4021554540
   1.9250000000  -0.4016818261
   1.9500000000  -0.4012528200
   1.9750000000  -0.4008680288
   2.0000000000  -0.4005265437
   2.0250000000  -0.4002270172
   2.0500000000  -0.3999677255
   2.0750000000  -0.3997466305
   2.1000000000  -0.3995614387
   2.1250000000  -0.3994096579
   2.1500000000  -0.3992886503
   2.1750000000  -0.3991956819
   2.2000000000  -0.3991279683
   2.2250000000  -0.3990827154
   2.2500000000  -0.3990571569
   2.2750000000  -0.3990485865
   2.3000000000  -0.3990543860
   2.3250000000  -0.3990720496
   2.3500000000  -0.3990992037
   2.3750000000  -0.3991336224
   2.4000000000  -0.3991732400
   2.4250000000  -0.3992161598
   2.4500000000  -0.3992606593
   2.4750000000  -0.3993051933
   2.5000000000  -0.3993483933
   2.5250000000  -0.3993890654
   2.5500000000  -0.3994261860
   2.5750000000  -0.3994588958
   2.6000000000  -0.3994864917
   2.6250000000  -0.3995084187
   2.6500000000  -0.3995242599
   2.6750000000  -0.3995337258
   2.7000000000  -0.3995366443
   2.7250000000  -0.3995329490
   2.7500000000  -0.3995226681
   2.7750000000  -0.3995059136
   2.8000000000  -0.3994828702
   2.8250000000  -0.3994537850
   2.8500000000  -0.3994189573
   2.8750000000  -0.3993787294
   2.9000000000  -0.3993334773
   2.9250000000  -0.3992836025
   2.9500000000  -0.3992295249
   2.9750000000  -0.3991716753
   3.0000000000  -0.3991104894
   3.0250000000  -0.3990464023
   3.0500000000  -0.3989798439
   3.0750000000  -0.3989112341
   3.1000000000  -0.3988409799
   3.1250000000  -0.3987694721
   3.1500000000  -0.3986970826
   3.1750000000  -0.3986241631
   3.2000000000  -0.3985510431
   3.2250000000  -0.3984780290
   3.2500000000  -0.3984054036
   3.2750000000  -0.3983334254
   3.3000000000  -0.3982623290
   3.3250000000  -0.3981923251
   3.3500000000  -0.3981236007
   3.3750000000  -0.3980563203
   3.4000000000  -0.3979906262
   3.4250000000  -0.3979266394
   3.4500000000  -0.3978644611
   3.4750000000  -0.3978041732
   3.5000000000  -0.3977458397
   3.5250000000  -0.3976895080
   3.5500000000  -0.3976352098
   3.5750000000  -0.3975829626
   3.6000000000  -0.3975327706
   3.6250000000  -0.3974846263
   3.6500000000  -0.3974385112
   3.6750000000  -0.3973943971
   3.7000000000  -0.3973522473
   3.7250000000  -0.3973120175
   3.7500000000  -0.3972736568
   3.7750000000  -0.3972371088
   3.8000000000  -0.3972023124
   3.8250000000  -0.3971692024
   3.8500000000  -0.3971377106
   3.8750000000  -0.3971077666
   3.9000000000  -0.3970792980
   3.9250000000  -0.3970522316
   3.9500000000  -0.3970264934
   3.9750000000  -0.3970020096
   4.0000000000  -0.3969787069
   4.0250000000  -0.3969565127
   4.0500000000  -0.3969353559
   4.0750000000  -0.3969151668
   4.1000000000  -0.3968958776
   4.1250000000  -0.3968774228
   4.1500000000  -0.3968597389
   4.1750000000  -0.3968427653
   4.2000000000  -0.3968264437
   4.2250000000  -0.3968107189
   4.2500000000  -0.3967955383
   4.2750000000  -0.3967808523
   4.3000000000  -0.3967666142
   4.3250000000  -0.3967527805
   4.3500000000  -0.3967393103
   4.3750000000  -0.3967261659
   4.4000000000  -0.3967133123
   4.4250000000  -0.3967007176
   4.4500000000  -0.3966883524
   4.4750000000  -0.3966761902
   4.5000000000  -0.3966642070
   4.5250000000  -0.3966523815
   4.5500000000  -0.3966406945
   4.5750000000  -0.3966291294
   4.6000000000  -0.3966176717
   4.6250000000  -0.3966063090
   4.6500000000  -0.3965950308
   4.6750000000  -0.3965838286
   4.7000000000  -0.3965726955
   4.7250000000  -0.3965616263
   4.7500000000  -0.3965506171
   4.7750000000  -0.3965396657
   4.8000000000  -0.3965287708
   4.8250000000  -0.3965179324
   4.8500000000  -0.3965071515
   4.8750000000  -0.3964964301
   4.9000000000  -0.3964857708
   4.9250000000  -0.3964751771
   4.9500000000  -0.3964646530
   4.9750000000  -0.3964542030
   5.0000000000  -0.3964438320
