   0.0000000000   0.0000000000
   0.0250000000  -0.0021048944
   0.0500000000  -0.0083804488
   0.0750000000  -0.0187065369
   0.1000000000  -0.0328870269
   0.1250000000  -0.0506557259
   0.1500000000  -0.0716843382
   0.1750000000  -0.0955920956
   0.2000000000  -0.1219566602
   0.2250000000  -0.1503258556
   0.2500000000  -0.1802297722
   0.2750000000  -0.2111927945
   0.3000000000  -0.2427451304
   0.3250000000  -0.2744334693
   0.3500000000  -0.3058304579
   0.3750000000  -0.3365427521
   0.4000000000  -0.3662174855
   0.4250000000  -0.3945470644
   0.4500000000  -0.4212722819
   0.4750000000  -0.4461838020
   0.5000000000  -0.4691221286
   0.5250000000  -0.4899762146
   0.5500000000  -0.5086809046
   0.5750000000  -0.5252134221
   0.6000000000  -0.5395891258
   0.6250000000  -0.5518567545
   0.6500000000  -0.5620933744
   0.6750000000  -0.5703992237
   0.7000000000  -0.5768926259
   0.7250000000  -0.5817051201
   0.7500000000  -0.5849769241
   0.7750000000  -0.5868528226
   0.8000000000  -0.5874785397
   0.8250000000  -0.5869976341
   0.8500000000  -0.5855489268
   0.8750000000  -0.5832644558
   0.9000000000  -0.5802679325
   0.9250000000  -0.5766736623
   0.9500000000  -0.5725858828
   0.9750000000  -0.5680984667
   1.0000000000  -0.5632949321
   1.0250000000  -0.5582487052
   1.0500000000  -0.5530235785
   1.0750000000  -0.5476743145
   1.1000000000  -0.5422473473
   1.1250000000  -0.5367815414
   1.1500000000  -0.5313089731
   1.1750000000  -0.5258557060
   1.2000000000  -0.5204425383
   1.2250000000  -0.5150857055
   1.2500000000  -0.5097975280
   1.2750000000  -0.5045869967
   1.3000000000  -0.4994602944
   1.3250000000  -0.4944212534
   1.3500000000  -0.4894717528
   1.3750000000  -0.4846120600
   1.4000000000  -0.4798411224
   1.4250000000  -0.4751568157
   1.4500000000  -0.4705561554
   1.4750000000  -0.4660354777
   1.5000000000  -0.4615905967
   1.5250000000  -0.4572169406
   1.5500000000  -0.4529096746
   1.5750000000  -0.4486638108
   1.6000000000  -0.4444743102
   1.6250000000  -0.4403361772
   1.6500000000  -0.4362445485
   1.6750000000  -0.4321947755
   1.7000000000  -0.4281825026
   1.7250000000  -0.4242037374
   1.7500000000  -0.4202549147
   1.7750000000  -0.4163329514
   1.8000000000  -0.4124352913
   1.8250000000  -0.4085599390
   1.8500000000  -0.4047054810
   1.8750000000  -0.4008710931
   1.9000000000  -0.3970565337
   1.9250000000  -0.3932621224
   1.9500000000  -0.3894887043
   1.9750000000  -0.3857376001
   2.0000000000  -0.3820105435
   2.0250000000  -0.3783096080
   2.0500000000  -0.3746371234
   2.0750000000  -0.3709955865
   2.1000000000  -0.3673875676
   2.1250000000  -0.3638156158
   2.1500000000  -0.3602821661
   2.1750000000  -0.3567894516
   2.2000000000  -0.3533394233
   2.2250000000  -0.3499336802
   2.2500000000  -0.3465734118
   2.2750000000  -0.3432593543
   2.3000000000  -0.3399917627
   2.3250000000  -0.3367703978
   2.3500000000  -0.3335945302
   2.3750000000  -0.3304629583
   2.4000000000  -0.3273740416
   2.4250000000  -0.3243257454
   2.4500000000  -0.3213156978
   2.4750000000  -0.3183412536
   2.5000000000  -0.3153995650
   2.5250000000  -0.3124876563
   2.5500000000  -0.3096024985
   2.5750000000  -0.3067410837
   2.6000000000  -0.3039004955
   2.6250000000  -0.3010779738
   2.6500000000  -0.2982709730
   2.6750000000  -0.2954772114
   2.7000000000  -0.2926947116
   2.7250000000  -0.2899218310
   2.7500000000  -0.2871572824
   2.7750000000  -0.2844001441
   2.8000000000  -0.2816498615
   2.8250000000  -0.2789062386
   2.8500000000  -0.2761694227
   2.8750000000  -0.2734398812
   2.9000000000  -0.2707183729
   2.9250000000  -0.2680059146
   2.9500000000  -0.2653037440
   2.9750000000  -0.2626132804
   3.0000000000  -0.2599360842
   3.0250000000  -0.2572738157
   3.0500000000  -0.2546281956
   3.0750000000  -0.2520009661
   3.1000000000  -0.2493938549
   3.1250000000  -0.2468085422
   3.1500000000  -0.2442466302
   3.1750000000  -0.2417096176
   3.2000000000  -0.2391988772
   3.2250000000  -0.2367156374
   3.2500000000  -0.2342609688
   3.2750000000  -0.2318357741
   3.3000000000  -0.2294407818
   3.3250000000  -0.2270765444
   3.3500000000  -0.2247434394
   3.3750000000  -0.2224416736
   3.4000000000  -0.2201712900
   3.4250000000  -0.2179321779
   3.4500000000  -0.2157240838
   3.4750000000  -0.2135466250
   3.5000000000  -0.2113993038
   3.5250000000  -0.2092815224
   3.5500000000  -0.2071925987
   3.5750000000  -0.2051317817
   3.6000000000  -0.2030982672
   3.6250000000  -0.2010912119
   3.6500000000  -0.1991097474
   3.6750000000  -0.1971529936
   3.7000000000  -0.1952200693
   3.7250000000  -0.1933101032
   3.7500000000  -0.1914222420
   3.7750000000  -0.1895556581
   3.8000000000  -0.1877095553
   3.8250000000  -0.1858831728
   3.8500000000  -0.1840757889
   3.8750000000  -0.1822867220
   3.9000000000  -0.1805153317
   3.9250000000  -0.1787610188
   3.9500000000  -0.1770232238
   3.9750000000  -0.1753014252
   4.0000000000  -0.1735951382
   4.0250000000  -0.1719039116
   4.0500000000  -0.1702273256
   4.0750000000  -0.1685649898
   4.1000000000  -0.1669165401
   4.1250000000  -0.1652816376
   4.1500000000  -0.1636599660
   4.1750000000  -0.1620512311
   4.2000000000  -0.1604551589
   4.2250000000  -0.1588714955
   4.2500000000  -0.1573000068
   4.2750000000  -0.1557404781
   4.3000000000  -0.1541927149
   4.3250000000  -0.1526565431
   4.3500000000  -0.1511318096
   4.3750000000  -0.1496183832
   4.4000000000  -0.1481161551
   4.4250000000  -0.1466250394
   4.4500000000  -0.1451449739
   4.4750000000  -0.1436759199
   4.5000000000  -0.1422178627
   4.5250000000  -0.1407708109
   4.5500000000  -0.1393347962
   4.5750000000  -0.1379098723
   4.6000000000  -0.1364961137
   4.6250000000  -0.1350936145
   4.6500000000  -0.1337024860
   4.6750000000  -0.1323228553
   4.7000000000  -0.1309548628
   4.7250000000  -0.1295986596
   4.7500000000  -0.1282544048
   4.7750000000  -0.1269222633
   4.8000000000  -0.1256024024
   4.8250000000  -0.1242949897
   4.8500000000  -0.1230001896
   4.8750000000  -0.1217181615
   4.9000000000  -0.1204490565
   4.9250000000  -0.1191930157
   4.9500000000  -0.1179501677
   4.9750000000  -0.1167206267
   5.0000000000  -0.1155044907
