   0.0000000000  -0.8447834039
   0.0250000000  -0.8426761298
   0.0500000000  -0.8363928696
   0.0750000000  -0.8260547172
   0.1000000000  -0.8118581522
   0.1250000000  -0.7940698482
   0.1500000000  -0.7730188235
   0.1750000000  -0.7490868887
   0.2000000000  -0.7226978334
   0.2250000000  -0.6943057860
   0.2500000000  -0.6643831971
   0.2750000000  -0.6334088843
   0.3000000000  -0.6018565491
   0.3250000000  -0.5701841267
   0.3500000000  -0.5388242696
   0.3750000000  -0.5081761947
   0.4000000000  -0.4785990520
   0.4250000000  -0.4504068968
   0.4500000000  -0.4238652821
   0.4750000000  -0.3991894222
   0.5000000000  -0.3765438291
   0.5250000000  -0.3560432812
   0.5500000000  -0.3377549504
   0.5750000000  -0.3217015010
   0.6000000000  -0.3078649557
   0.6250000000  -0.2961911328
   0.6500000000  -0.2865944588
   0.6750000000  -0.2789629793
   0.7000000000  -0.2731634072
   0.7250000000  -0.2690460676
   0.7500000000  -0.2664496233
   0.7750000000  -0.2652054878
   0.8000000000  -0.2651418546
   0.8250000000  -0.2660872942
   0.8500000000  -0.2678738899
   0.8750000000  -0.2703399007
   0.9000000000  -0.2733319538
   0.9250000000  -0.2767067845
   0.9500000000  -0.2803325473
   0.9750000000  -0.2840897315
   1.0000000000  -0.2878717199
   1.0250000000  -0.2915850312
   1.0500000000  -0.2951492881
   1.0750000000  -0.2984969527
   1.1000000000  -0.3015728701
   1.1250000000  -0.3043336573
   1.1500000000  -0.3067469729
   1.1750000000  -0.3087906979
   1.2000000000  -0.3104520558
   1.2250000000  -0.3117266953
   1.2500000000  -0.3126177558
   1.2750000000  -0.3131349333
   1.3000000000  -0.3132935581
   1.3250000000  -0.3131136987
   1.3500000000  -0.3126192966
   1.3750000000  -0.3118373424
   1.4000000000  -0.3107970955
   1.4250000000  -0.3095293522
   1.4500000000  -0.3080657657
   1.4750000000  -0.3064382183
   1.5000000000  -0.3046782495
   1.5250000000  -0.3028165383
   1.5500000000  -0.3008824436
   1.5750000000  -0.2989036005
   1.6000000000  -0.2969055741
   1.6250000000  -0.2949115712
   1.6500000000  -0.2929422080
   1.6750000000  -0.2910153361
   1.7000000000  -0.2891459226
   1.7250000000  -0.2873459871
   1.7500000000  -0.2856245900
   1.7750000000  -0.2839878735
   1.8000000000  -0.2824391501
   1.8250000000  -0.2809790378
   1.8500000000  -0.2796056361
   1.8750000000  -0.2783147398
   1.9000000000  -0.2771000857
   1.9250000000  -0.2759536265
   1.9500000000  -0.2748658260
   1.9750000000  -0.2738259699
   2.0000000000  -0.2728224850
   2.0250000000  -0.2718432612
   2.0500000000  -0.2708759685
   2.0750000000  -0.2699083636
   2.1000000000  -0.2689285796
   2.1250000000  -0.2679253929
   2.1500000000  -0.2668884618
   2.1750000000  -0.2658085344
   2.2000000000  -0.2646776194
   2.2250000000  -0.2634891200
   2.2500000000  -0.2622379274
   2.2750000000  -0.2609204743
   2.3000000000  -0.2595347493
   2.3250000000  -0.2580802724
   2.3500000000  -0.2565580354
   2.3750000000  -0.2549704098
   2.4000000000  -0.2533210262
   2.4250000000  -0.2516146299
   2.4500000000  -0.2498569178
   2.4750000000  -0.2480543611
   2.5000000000  -0.2462140204
   2.5250000000  -0.2443433564
   2.5500000000  -0.2424500436
   2.5750000000  -0.2405417897
   2.6000000000  -0.2386261654
   2.6250000000  -0.2367104488
   2.6500000000  -0.2348014869
   2.6750000000  -0.2329055759
   2.7000000000  -0.2310283636
   2.7250000000  -0.2291747729
   2.7500000000  -0.2273489478
   2.7750000000  -0.2255542223
   2.8000000000  -0.2237931092
   2.8250000000  -0.2220673094
   2.8500000000  -0.2203777396
   2.8750000000  -0.2187245754
   2.9000000000  -0.2171073085
   2.9250000000  -0.2155248150
   2.9500000000  -0.2139754327
   2.9750000000  -0.2124570445
   3.0000000000  -0.2109671651
   3.0250000000  -0.2095030300
   3.0500000000  -0.2080616821
   3.0750000000  -0.2066400574
   3.1000000000  -0.2052350640
   3.1250000000  -0.2038436566
   3.1500000000  -0.2024629025
   3.1750000000  -0.2010900402
   3.2000000000  -0.1997225279
   3.2250000000  -0.1983580834
   3.2500000000  -0.1969947144
   3.2750000000  -0.1956307386
   3.3000000000  -0.1942647952
   3.3250000000  -0.1928958477
   3.3500000000  -0.1915231786
   3.3750000000  -0.1901463763
   3.4000000000  -0.1887653167
   3.4250000000  -0.1873801388
   3.4500000000  -0.1859912163
   3.4750000000  -0.1845991256
   3.5000000000  -0.1832046121
   3.5250000000  -0.1818085554
   3.5500000000  -0.1804119338
   3.5750000000  -0.1790157902
   3.6000000000  -0.1776211991
   3.6250000000  -0.1762292362
   3.6500000000  -0.1748409505
   3.6750000000  -0.1734573403
   3.7000000000  -0.1720793321
   3.7250000000  -0.1707077643
   3.7500000000  -0.1693433740
   3.7750000000  -0.1679867888
   3.8000000000  -0.1666385214
   3.8250000000  -0.1652989688
   3.8500000000  -0.1639684141
   3.8750000000  -0.1626470322
   3.9000000000  -0.1613348968
   3.9250000000  -0.1600319909
   3.9500000000  -0.1587382180
   3.9750000000  -0.1574534146
   4.0000000000  -0.1561773641
   4.0250000000  -0.1549098098
   4.0500000000  -0.1536504687
   4.0750000000  -0.1523990439
   4.1000000000  -0.1511552373
   4.1250000000  -0.1499187596
   4.1500000000  -0.1486893402
   4.1750000000  -0.1474667351
   4.2000000000  -0.1462507331
   4.2250000000  -0.1450411603
   4.2500000000  -0.1438378835
   4.2750000000  -0.1426408112
   4.3000000000  -0.1414498940
   4.3250000000  -0.1402651231
   4.3500000000  -0.1390865278
   4.3750000000  -0.1379141718
   4.4000000000  -0.1367481497
   4.4250000000  -0.1355885813
   4.4500000000  -0.1344356070
   4.4750000000  -0.1332893822
   4.5000000000  -0.1321500720
   4.5250000000  -0.1310178462
   4.5500000000  -0.1298928739
   4.5750000000  -0.1287753193
   4.6000000000  -0.1276653379
   4.6250000000  -0.1265630727
   4.6500000000  -0.1254686515
   4.6750000000  -0.1243821852
   4.7000000000  -0.1233037656
   4.7250000000  -0.1222334651
   4.7500000000  -0.1211713362
   4.7750000000  -0.1201174121
   4.8000000000  -0.1190717069
   4.8250000000  -0.1180342173
   4.8500000000  -0.1170049242
   4.8750000000  -0.1159837942
   4.9000000000  -0.1149707814
   4.9250000000  -0.1139658304
   4.9500000000  -0.1129688774
   4.9750000000  -0.1119798530
   5.0000000000  -0.1109986840
