   0.0000000000  -0.8447834039
   0.0250000000  -0.8447810241
   0.0500000000  -0.8447733184
   0.0750000000  -0.8447612541
   0.1000000000  -0.8447451790
   0.1250000000  -0.8447255741
   0.1500000000  -0.8447031617
   0.1750000000  -0.8446789844
   0.2000000000  -0.8446544936
   0.2250000000  -0.8446316416
   0.2500000000  -0.8446129693
   0.2750000000  -0.8446016788
   0.3000000000  -0.8446016794
   0.3250000000  -0.8446175960
   0.3500000000  -0.8446547274
   0.3750000000  -0.8447189469
   0.4000000000  -0.8448165375
   0.4250000000  -0.8449539612
   0.4500000000  -0.8451375640
   0.4750000000  -0.8453732242
   0.5000000000  -0.8456659578
   0.5250000000  -0.8460194958
   0.5500000000  -0.8464358550
   0.5750000000  -0.8469149231
   0.6000000000  -0.8474540816
   0.6250000000  -0.8480478873
   0.6500000000  -0.8486878332
   0.6750000000  -0.8493622030
   0.7000000000  -0.8500560332
   0.7250000000  -0.8507511878
   0.7500000000  -0.8514265475
   0.7750000000  -0.8520583104
   0.8000000000  -0.8526203943
   0.8250000000  -0.8530849283
   0.8500000000  -0.8534228167
   0.8750000000  -0.8536043564
   0.9000000000  -0.8535998862
   0.9250000000  -0.8533804468
   0.9500000000  -0.8529184301
   0.9750000000  -0.8521881982
   1.0000000000  -0.8511666520
   1.0250000000  -0.8498337364
   1.0500000000  -0.8481728666
   1.0750000000  -0.8461712672
   1.1000000000  -0.8438202174
   1.1250000000  -0.8411151986
   1.1500000000  -0.8380559459
   1.1750000000  -0.8346464039
   1.2000000000  -0.8308945941
   1.2250000000  -0.8268124008
   1.2500000000  -0.8224152838
   1.2750000000  -0.8177219300
   1.3000000000  -0.8127538525
   1.3250000000  -0.8075349520
   1.3500000000  -0.8020910493
   1.3750000000  -0.7964494024
   1.4000000000  -0.7906382179
   1.4250000000  -0.7846861679
   1.4500000000  -0.7786219210
   1.4750000000  -0.7724736961
   1.5000000000  -0.7662688462
   1.5250000000  -0.7600334789
   1.5500000000  -0.7537921182
   1.5750000000  -0.7475674112
   1.6000000000  -0.7413798843
   1.6250000000  -0.7352477484
   1.6500000000  -0.7291867565
   1.6750000000  -0.7232101116
   1.7000000000  -0.7173284252
   1.7250000000  -0.7115497245
   1.7500000000  -0.7058795048
   1.7750000000  -0.7003208248
   1.8000000000  -0.6948744414
   1.8250000000  -0.6895389769
   1.8500000000  -0.6843111172
   1.8750000000  -0.6791858329
   1.9000000000  -0.6741566194
   1.9250000000  -0.6692157489
   1.9500000000  -0.6643545303
   1.9750000000  -0.6595635700
   2.0000000000  -0.6548330286
   2.0250000000  -0.6501528692
   2.0500000000  -0.6455130918
   2.0750000000  -0.6409039501
   2.1000000000  -0.6363161472
   2.1250000000  -0.6317410087
   2.1500000000  -0.6271706279
   2.1750000000  -0.6225979859
   2.2000000000  -0.6180170427
   2.2250000000  -0.6134228003
   2.2500000000  -0.6088113392
   2.2750000000  -0.6041798287
   2.3000000000  -0.5995265120
   2.3250000000  -0.5948506702
   2.3500000000  -0.5901525656
   2.3750000000  -0.5854333682
   2.4000000000  -0.5806950678
   2.4250000000  -0.5759403753
   2.4500000000  -0.5711726156
   2.4750000000  -0.5663956147
   2.5000000000  -0.5616135854
   2.5250000000  -0.5568310127
   2.5500000000  -0.5520525421
   2.5750000000  -0.5472828734
   2.6000000000  -0.5425266609
   2.6250000000  -0.5377884226
   2.6500000000  -0.5330724599
   2.6750000000  -0.5283827873
   2.7000000000  -0.5237230752
   2.7250000000  -0.5190966039
   2.7500000000  -0.5145062302
   2.7750000000  -0.5099543664
   2.8000000000  -0.5054429706
   2.8250000000  -0.5009735480
   2.8500000000  -0.4965471623
   2.8750000000  -0.4921644566
   2.9000000000  -0.4878256813
   2.9250000000  -0.4835307295
   2.9500000000  -0.4792791767
   2.9750000000  -0.4750703249
   3.0000000000  -0.4709032493
   3.0250000000  -0.4667768457
   3.0500000000  -0.4626898777
   3.0750000000  -0.4586410235
   3.1000000000  -0.4546289189
   3.1250000000  -0.4506521987
   3.1500000000  -0.4467095327
   3.1750000000  -0.4427996579
   3.2000000000  -0.4389214051
   3.2250000000  -0.4350737208
   3.2500000000  -0.4312556833
   3.2750000000  -0.4274665126
   3.3000000000  -0.4237055770
   3.3250000000  -0.4199723922
   3.3500000000  -0.4162666180
   3.3750000000  -0.4125880498
   3.4000000000  -0.4089366067
   3.4250000000  -0.4053123167
   3.4500000000  -0.4017153001
   3.4750000000  -0.3981457506
   3.5000000000  -0.3946039159
   3.5250000000  -0.3910900778
   3.5500000000  -0.3876045324
   3.5750000000  -0.3841475719
   3.6000000000  -0.3807194663
   3.6250000000  -0.3773204480
   3.6500000000  -0.3739506980
   3.6750000000  -0.3706103339
   3.7000000000  -0.3672994015
   3.7250000000  -0.3640178675
   3.7500000000  -0.3607656160
   3.7750000000  -0.3575424469
   3.8000000000  -0.3543480767
   3.8250000000  -0.3511821416
   3.8500000000  -0.3480442030
   3.8750000000  -0.3449337542
   3.9000000000  -0.3418502286
   3.9250000000  -0.3387930098
   3.9500000000  -0.3357614417
   3.9750000000  -0.3327548399
   4.0000000000  -0.3297725024
   4.0250000000  -0.3268137214
   4.0500000000  -0.3238777943
   4.0750000000  -0.3209640337
   4.1000000000  -0.3180717774
   4.1250000000  -0.3152003971
   4.1500000000  -0.3123493063
   4.1750000000  -0.3095179663
   4.2000000000  -0.3067058920
   4.2250000000  -0.3039126559
   4.2500000000  -0.3011378902
   4.2750000000  -0.2983812893
   4.3000000000  -0.2956426089
   4.3250000000  -0.2929216662
   4.3500000000  -0.2902183374
   4.3750000000  -0.2875325551
   4.4000000000  -0.2848643048
   4.4250000000  -0.2822136207
   4.4500000000  -0.2795805809
   4.4750000000  -0.2769653021
   4.5000000000  -0.2743679347
   4.5250000000  -0.2717886571
   4.5500000000  -0.2692276701
   4.5750000000  -0.2666851916
   4.6000000000  -0.2641614516
   4.6250000000  -0.2616566871
   4.6500000000  -0.2591711375
   4.6750000000  -0.2567050405
   4.7000000000  -0.2542586284
   4.7250000000  -0.2518321246
   4.7500000000  -0.2494257410
   4.7750000000  -0.2470396753
   4.8000000000  -0.2446741093
   4.8250000000  -0.2423292070
   4.8500000000  -0.2400051139
   4.8750000000  -0.2377019556
   4.9000000000  -0.2354198379
   4.9250000000  -0.2331588461
   4.9500000000  -0.2309190451
   4.9750000000  -0.2287004797
   5.0000000000  -0.2265031747
