   0.0000000000   0.5000000305
   0.0250000000   0.4996976174
   0.0500000000   0.4988801761
   0.0750000000   0.4972555568
   0.1000000000   0.4948391427
   0.1250000000   0.4916600696
   0.1500000000   0.4877487397
   0.1750000000   0.4831510324
   0.2000000000   0.4779101810
   0.2250000000   0.4720858397
   0.2500000000   0.4657310895
   0.2750000000   0.4589156597
   0.3000000000   0.4516990165
   0.3250000000   0.4441568978
   0.3500000000   0.4363515540
   0.3750000000   0.4283606603
   0.4000000000   0.4202458275
   0.4250000000   0.4120829078
   0.4500000000   0.4039298758
   0.4750000000   0.3958575433
   0.5000000000   0.3879178406
   0.5250000000   0.3801740016
   0.5500000000   0.3726701634
   0.5750000000   0.3654601680
   0.6000000000   0.3585792624
   0.6250000000   0.3520707790
   0.6500000000   0.3459605655
   0.6750000000   0.3402809477
   0.7000000000   0.3350483608
   0.7250000000   0.3302841487
   0.7500000000   0.3259957152
   0.7750000000   0.3221938681
   0.8000000000   0.3188776601
   0.8250000000   0.3160481374
   0.8500000000   0.3136969026
   0.8750000000   0.3118162644
   0.9000000000   0.3103914335
   0.9250000000   0.3094071923
   0.9500000000   0.3088435258
   0.9750000000   0.3086790348
   1.0000000000   0.3088897136
   1.0250000000   0.3094494126
   1.0500000000   0.3103314034
   1.0750000000   0.3115062575
   1.1000000000   0.3129457879
   1.1250000000   0.3146187510
   1.1500000000   0.3164967210
   1.1750000000   0.3185480443
   1.2000000000   0.3207451884
   1.2250000000   0.3230573811
   1.2500000000   0.3254589837
   1.2750000000   0.3279212316
   1.3000000000   0.3304212060
   1.3250000000   0.3329330660
   1.3500000000   0.3354372313
   1.3750000000   0.3379114581
   1.4000000000   0.3403398956
   1.4250000000   0.3427043109
   1.4500000000   0.3449927424
   1.4750000000   0.3471911268
   1.5000000000   0.3492913341
   1.5250000000   0.3512833955
   1.5500000000   0.3531627680
   1.5750000000   0.3549233064
   1.6000000000   0.3565636642
   1.6250000000   0.3580811015
   1.6500000000   0.3594769806
   1.6750000000   0.3607514528
   1.7000000000   0.3619080514
   1.7250000000   0.3629492597
   1.7500000000   0.3638802380
   1.7750000000   0.3647052389
   1.8000000000   0.3654305335
   1.8250000000   0.3660616116
   1.8500000000   0.3666053899
   1.8750000000   0.3670681161
   1.9000000000   0.3674569518
   1.9250000000   0.3677784878
   1.9500000000   0.3680397999
   1.9750000000   0.3682474760
   2.0000000000   0.3684082437
   2.0250000000   0.3685284096
   2.0500000000   0.3686141539
   2.0750000000   0.3686712867
   2.1000000000   0.3687052987
   2.1250000000   0.3687213459
   2.1500000000   0.3687241369
   2.1750000000   0.3687180683
   2.2000000000   0.3687070183
   2.2250000000   0.3686945654
   2.2500000000   0.3686837473
   2.2750000000   0.3686773083
   2.3000000000   0.3686774692
   2.3250000000   0.3686861608
   2.3500000000   0.3687048401
   2.3750000000   0.3687346772
   2.4000000000   0.3687764420
   2.4250000000   0.3688306234
   2.4500000000   0.3688973994
   2.4750000000   0.3689766771
   2.5000000000   0.3690681500
   2.5250000000   0.3691712561
   2.5500000000   0.3692853181
   2.5750000000   0.3694094227
   2.6000000000   0.3695426355
   2.6250000000   0.3696838094
   2.6500000000   0.3698318604
   2.6750000000   0.3699855175
   2.7000000000   0.3701436437
   2.7250000000   0.3703049426
   2.7500000000   0.3704683065
   2.7750000000   0.3706324953
   2.8000000000   0.3707964963
   2.8250000000   0.3709591902
   2.8500000000   0.3711197070
   2.8750000000   0.3712770942
   2.9000000000   0.3714306550
   2.9250000000   0.3715796313
   2.9500000000   0.3717235146
   2.9750000000   0.3718617530
   3.0000000000   0.3719940266
   3.0250000000   0.3721199880
   3.0500000000   0.3722394958
   3.0750000000   0.3723523939
   3.1000000000   0.3724587009
   3.1250000000   0.3725584308
   3.1500000000   0.3726517378
   3.1750000000   0.3727387795
   3.2000000000   0.3728198185
   3.2250000000   0.3728951266
   3.2500000000   0.3729650461
   3.2750000000   0.3730299327
   3.3000000000   0.3730901807
   3.3250000000   0.3731462003
   3.3500000000   0.3731984117
   3.3750000000   0.3732472523
   3.4000000000   0.3732931449
   3.4250000000   0.3733365295
   3.4500000000   0.3733778118
   3.4750000000   0.3734174134
   3.5000000000   0.3734557064
   3.5250000000   0.3734930770
   3.5500000000   0.3735298506
   3.5750000000   0.3735663647
   3.6000000000   0.3736028893
   3.6250000000   0.3736397036
   3.6500000000   0.3736770158
   3.6750000000   0.3737150414
   3.7000000000   0.3737539243
   3.7250000000   0.3737938134
   3.7500000000   0.3738347885
   3.7750000000   0.3738769328
   3.8000000000   0.3739202645
   3.8250000000   0.3739648045
   3.8500000000   0.3740105139
   3.8750000000   0.3740573569
   3.9000000000   0.3741052443
   3.9250000000   0.3741540909
   3.9500000000   0.3742037649
   3.9750000000   0.3742541409
   4.0000000000   0.3743050531
   4.0250000000   0.3743563457
   4.0500000000   0.3744078282
   4.0750000000   0.3744593250
   4.1000000000   0.3745106305
   4.1250000000   0.3745615595
   4.1500000000   0.3746119007
   4.1750000000   0.3746614696
   4.2000000000   0.3747100577
   4.2250000000   0.3747574910
   4.2500000000   0.3748035718
   4.2750000000   0.3748481449
   4.3000000000   0.3748910304
   4.3250000000   0.3749320992
   4.3500000000   0.3749711949
   4.3750000000   0.3750082201
   4.4000000000   0.3750430462
   4.4250000000   0.3750756118
   4.4500000000   0.3751058189
   4.4750000000   0.3751336446
   4.5000000000   0.3751590226
   4.5250000000   0.3751819695
   4.5500000000   0.3752024508
   4.5750000000   0.3752205213
   4.6000000000   0.3752361771
   4.6250000000   0.3752495094
   4.6500000000   0.3752605416
   4.6750000000   0.3752693977
   4.7000000000   0.3752761253
   4.7250000000   0.3752808764
   4.7500000000   0.3752837181
   4.7750000000   0.3752848252
   4.8000000000   0.3752842795
   4.8250000000   0.3752822722
   4.8500000000   0.3752788947
   4.8750000000   0.3752743488
   4.9000000000   0.3752687297
   4.9250000000   0.3752622436
   4.9500000000   0.3752549848
   4.9750000000   0.3752471579
   5.0000000000   0.3752388512
