   0.0000000000   0.4999999948
   0.0250000000   0.5001812378
   0.0500000000   0.5012069134
   0.0750000000   0.5032512427
   0.1000000000   0.5062970531
   0.1250000000   0.5103226572
   0.1500000000   0.5152952478
   0.1750000000   0.5211793191
   0.2000000000   0.5279278816
   0.2250000000   0.5354932680
   0.2500000000   0.5438163487
   0.2750000000   0.5528394461
   0.3000000000   0.5624937825
   0.3250000000   0.5727141664
   0.3500000000   0.5834249490
   0.3750000000   0.5945561048
   0.4000000000   0.6060280065
   0.4250000000   0.6177684972
   0.4500000000   0.6296968193
   0.4750000000   0.6417412667
   0.5000000000   0.6538226164
   0.5250000000   0.6658719581
   0.5500000000   0.6778139791
   0.5750000000   0.6895845887
   0.6000000000   0.7011143977
   0.6250000000   0.7123457880
   0.6500000000   0.7232169071
   0.6750000000   0.7336778728
   0.7000000000   0.7436755748
   0.7250000000   0.7531687476
   0.7500000000   0.7621138354
   0.7750000000   0.7704787148
   0.8000000000   0.7782298351
   0.8250000000   0.7853444223
   0.8500000000   0.7917990605
   0.8750000000   0.7975802568
   0.9000000000   0.8026745828
   0.9250000000   0.8070775262
   0.9500000000   0.8107852638
   0.9750000000   0.8138017715
   1.0000000000   0.8161322520
   1.0250000000   0.8177885192
   1.0500000000   0.8187840603
   1.0750000000   0.8191377481
   1.1000000000   0.8188704778
   1.1250000000   0.8180072977
   1.1500000000   0.8165755249
   1.1750000000   0.8146054148
   1.2000000000   0.8121296315
   1.2250000000   0.8091826029
   1.2500000000   0.8058011964
   1.2750000000   0.8020229293
   1.3000000000   0.7978876802
   1.3250000000   0.7934349419
   1.3500000000   0.7887063861
   1.3750000000   0.7837423570
   1.4000000000   0.7785850995
   1.4250000000   0.7732746970
   1.4500000000   0.7678527730
   1.4750000000   0.7623580762
   1.5000000000   0.7568304681
   1.5250000000   0.7513063545
   1.5500000000   0.7458227793
   1.5750000000   0.7404128914
   1.6000000000   0.7351099782
   1.6250000000   0.7299431401
   1.6500000000   0.7249411144
   1.6750000000   0.7201283107
   1.7000000000   0.7155282945
   1.7250000000   0.7111603133
   1.7500000000   0.7070423317
   1.7750000000   0.7031881512
   1.8000000000   0.6996099128
   1.8250000000   0.6963158849
   1.8500000000   0.6933123731
   1.8750000000   0.6906022230
   1.9000000000   0.6881861014
   1.9250000000   0.6860617305
   1.9500000000   0.6842245285
   1.9750000000   0.6826675664
   2.0000000000   0.6813815773
   2.0250000000   0.6803556009
   2.0500000000   0.6795763918
   2.0750000000   0.6790296955
   2.1000000000   0.6786991034
   2.1250000000   0.6785678857
   2.1500000000   0.6786173549
   2.1750000000   0.6788291697
   2.2000000000   0.6791832772
   2.2250000000   0.6796605941
   2.2500000000   0.6802406063
   2.2750000000   0.6809043276
   2.3000000000   0.6816316401
   2.3250000000   0.6824044314
   2.3500000000   0.6832037579
   2.3750000000   0.6840130668
   2.4000000000   0.6848152617
   2.4250000000   0.6855959225
   2.4500000000   0.6863403463
   2.4750000000   0.6870366905
   2.5000000000   0.6876730527
   2.5250000000   0.6882404741
   2.5500000000   0.6887301132
   2.5750000000   0.6891360609
   2.6000000000   0.6894526490
   2.6250000000   0.6896770450
   2.6500000000   0.6898067249
   2.6750000000   0.6898418292
   2.7000000000   0.6897828163
   2.7250000000   0.6896325776
   2.7500000000   0.6893942753
   2.7750000000   0.6890732268
   2.8000000000   0.6886749202
   2.8250000000   0.6882066907
   2.8500000000   0.6876758964
   2.8750000000   0.6870914200
   2.9000000000   0.6864619791
   2.9250000000   0.6857974937
   2.9500000000   0.6851074996
   2.9750000000   0.6844024284
   3.0000000000   0.6836920874
   3.0250000000   0.6829869007
   3.0500000000   0.6822964182
   3.0750000000   0.6816305676
   3.1000000000   0.6809981537
   3.1250000000   0.6804081676
   3.1500000000   0.6798682420
   3.1750000000   0.6793860597
   3.2000000000   0.6789677314
   3.2250000000   0.6786193409
   3.2500000000   0.6783452179
   3.2750000000   0.6781496473
   3.3000000000   0.6780350167
   3.3250000000   0.6780037095
   3.3500000000   0.6780561120
   3.3750000000   0.6781926996
   3.4000000000   0.6784118972
   3.4250000000   0.6787123593
   3.4500000000   0.6790906824
   3.4750000000   0.6795438701
   3.5000000000   0.6800669054
   3.5250000000   0.6806553834
   3.5500000000   0.6813029550
   3.5750000000   0.6820041047
   3.6000000000   0.6827514835
   3.6250000000   0.6835388011
   3.6500000000   0.6843580714
   3.6750000000   0.6852025857
   3.7000000000   0.6860640951
   3.7250000000   0.6869358296
   3.7500000000   0.6878096449
   3.7750000000   0.6886790510
   3.8000000000   0.6895363508
   3.8250000000   0.6903756438
   3.8500000000   0.6911899825
   3.8750000000   0.6919743207
   3.9000000000   0.6927227116
   3.9250000000   0.6934311727
   3.9500000000   0.6940949475
   3.9750000000   0.6947112654
   4.0000000000   0.6952766835
   4.0250000000   0.6957897254
   4.0500000000   0.6962483169
   4.0750000000   0.6966522930
   4.1000000000   0.6970009358
   4.1250000000   0.6972953463
   4.1500000000   0.6975360878
   4.1750000000   0.6977254248
   4.2000000000   0.6978650709
   4.2250000000   0.6979583029
   4.2500000000   0.6980078070
   4.2750000000   0.6980176813
   4.3000000000   0.6979913712
   4.3250000000   0.6979335766
   4.3500000000   0.6978482650
   4.3750000000   0.6977405020
   4.4000000000   0.6976145275
   4.4250000000   0.6974755323
   4.4500000000   0.6973277800
   4.4750000000   0.6971763519
   4.5000000000   0.6970252991
   4.5250000000   0.6968793762
   4.5500000000   0.6967422079
   4.5750000000   0.6966180317
   4.6000000000   0.6965098636
   4.6250000000   0.6964212680
   4.6500000000   0.6963545088
   4.6750000000   0.6963123608
   4.7000000000   0.6962962362
   4.7250000000   0.6963080479
   4.7500000000   0.6963483026
   4.7750000000   0.6964180241
   4.8000000000   0.6965168070
   4.8250000000   0.6966448024
   4.8500000000   0.6968007307
   4.8750000000   0.6969839288
   4.9000000000   0.6971923215
   4.9250000000   0.6974245260
   4.9500000000   0.6976777859
   4.9750000000   0.6979501237
   5.0000000000   0.6982382435
