   0.0000000000   0.5000000207
   0.0250000000   0.5001680256
   0.0500000000   0.5011132953
   0.0750000000   0.5029963024
   0.1000000000   0.5057978195
   0.1250000000   0.5094947603
   0.1500000000   0.5140505338
   0.1750000000   0.5194277334
   0.2000000000   0.5255744532
   0.2250000000   0.5324412036
   0.2500000000   0.5399635888
   0.2750000000   0.5480828696
   0.3000000000   0.5567255106
   0.3250000000   0.5658266980
   0.3500000000   0.5753073540
   0.3750000000   0.5850998457
   0.4000000000   0.5951231239
   0.4250000000   0.6053098338
   0.4500000000   0.6155802675
   0.4750000000   0.6258700963
   0.5000000000   0.6361038336
   0.5250000000   0.6462224495
   0.5500000000   0.6561570189
   0.5750000000   0.6658555474
   0.6000000000   0.6752574321
   0.6250000000   0.6843189102
   0.6500000000   0.6929888950
   0.6750000000   0.7012325527
   0.7000000000   0.7090089912
   0.7250000000   0.7162925697
   0.7500000000   0.7230528261
   0.7750000000   0.7292732214
   0.8000000000   0.7349335932
   0.8250000000   0.7400261341
   0.8500000000   0.7445405598
   0.8750000000   0.7484772123
   0.9000000000   0.7518350355
   0.9250000000   0.7546217801
   0.9500000000   0.7568447917
   0.9750000000   0.7585183715
   1.0000000000   0.7596573028
   1.0250000000   0.7602814918
   1.0500000000   0.7604120894
   1.0750000000   0.7600735971
   1.1000000000   0.7592923827
   1.1250000000   0.7580964886
   1.1500000000   0.7565162933
   1.1750000000   0.7545823004
   1.2000000000   0.7523276646
   1.2250000000   0.7497842679
   1.2500000000   0.7469868068
   1.2750000000   0.7439674832
   1.3000000000   0.7407613358
   1.3250000000   0.7373998809
   1.3500000000   0.7339173706
   1.3750000000   0.7303437157
   1.4000000000   0.7267113611
   1.4250000000   0.7230478090
   1.4500000000   0.7193828193
   1.4750000000   0.7157408276
   1.5000000000   0.7121482013
   1.5250000000   0.7086258179
   1.5500000000   0.7051961360
   1.5750000000   0.7018761613
   1.6000000000   0.6986841262
   1.6250000000   0.6956330306
   1.6500000000   0.6927367593
   1.6750000000   0.6900043415
   1.7000000000   0.6874453739
   1.7250000000   0.6850651003
   1.7500000000   0.6828690457
   1.7750000000   0.6808589770
   1.8000000000   0.6790366894
   1.8250000000   0.6774008731
   1.8500000000   0.6759500273
   1.8750000000   0.6746802252
   1.9000000000   0.6735871617
   1.9250000000   0.6726647814
   1.9500000000   0.6719064930
   1.9750000000   0.6713046032
   2.0000000000   0.6708507530
   2.0250000000   0.6705360832
   2.0500000000   0.6703509656
   2.0750000000   0.6702858132
   2.1000000000   0.6703301922
   2.1250000000   0.6704741828
   2.1500000000   0.6707069651
   2.1750000000   0.6710186334
   2.2000000000   0.6713983531
   2.2250000000   0.6718365298
   2.2500000000   0.6723226347
   2.2750000000   0.6728476339
   2.3000000000   0.6734015755
   2.3250000000   0.6739761880
   2.3500000000   0.6745623191
   2.3750000000   0.6751526184
   2.4000000000   0.6757389088
   2.4250000000   0.6763148781
   2.4500000000   0.6768734552
   2.4750000000   0.6774094444
   2.5000000000   0.6779169677
   2.5250000000   0.6783919870
   2.5500000000   0.6788298633
   2.5750000000   0.6792277217
   2.6000000000   0.6795821685
   2.6250000000   0.6798914650
   2.6500000000   0.6801534311
   2.6750000000   0.6803674068
   2.7000000000   0.6805323604
   2.7250000000   0.6806486257
   2.7500000000   0.6807162232
   2.7750000000   0.6807363722
   2.8000000000   0.6807100240
   2.8250000000   0.6806391557
   2.8500000000   0.6805255079
   2.8750000000   0.6803716743
   2.9000000000   0.6801800286
   2.9250000000   0.6799536316
   2.9500000000   0.6796953259
   2.9750000000   0.6794084871
   3.0000000000   0.6790962618
   3.0250000000   0.6787621908
   3.0500000000   0.6784095638
   3.0750000000   0.6780419461
   3.1000000000   0.6776626198
   3.1250000000   0.6772750468
   3.1500000000   0.6768823667
   3.1750000000   0.6764878265
   3.2000000000   0.6760943077
   3.2250000000   0.6757047508
   3.2500000000   0.6753216856
   3.2750000000   0.6749476764
   3.3000000000   0.6745848313
   3.3250000000   0.6742352912
   3.3500000000   0.6739006975
   3.3750000000   0.6735827420
   3.4000000000   0.6732825779
   3.4250000000   0.6730014444
   3.4500000000   0.6727400068
   3.4750000000   0.6724990666
   3.5000000000   0.6722788220
   3.5250000000   0.6720796680
   3.5500000000   0.6719013731
   3.5750000000   0.6717439704
   3.6000000000   0.6716068489
   3.6250000000   0.6714897345
   3.6500000000   0.6713916968
   3.6750000000   0.6713122151
   3.7000000000   0.6712501056
   3.7250000000   0.6712046641
   3.7500000000   0.6711745215
   3.7750000000   0.6711588538
   3.8000000000   0.6711561731
   3.8250000000   0.6711655958
   3.8500000000   0.6711855782
   3.8750000000   0.6712152315
   3.9000000000   0.6712530131
   3.9250000000   0.6712980766
   3.9500000000   0.6713489289
   3.9750000000   0.6714048051
   4.0000000000   0.6714643010
   4.0250000000   0.6715267631
   4.0500000000   0.6715909060
   4.0750000000   0.6716562082
   4.1000000000   0.6717215231
   4.1250000000   0.6717864729
   4.1500000000   0.6718500605
   4.1750000000   0.6719120557
   4.2000000000   0.6719716129
   4.2250000000   0.6720286458
   4.2500000000   0.6720824559
   4.2750000000   0.6721330908
   4.3000000000   0.6721799884
   4.3250000000   0.6722233162
   4.3500000000   0.6722626334
   4.3750000000   0.6722982100
   4.4000000000   0.6723297085
   4.4250000000   0.6723574824
   4.4500000000   0.6723812778
   4.4750000000   0.6724015121
   4.5000000000   0.6724179953
   4.5250000000   0.6724311896
   4.5500000000   0.6724409500
   4.5750000000   0.6724477661
   4.6000000000   0.6724515204
   4.6250000000   0.6724527146
   4.6500000000   0.6724512442
   4.6750000000   0.6724476102
   4.7000000000   0.6724417086
   4.7250000000   0.6724340302
   4.7500000000   0.6724244626
   4.7750000000   0.6724134793
   4.8000000000   0.6724009531
   4.8250000000   0.6723873364
   4.8500000000   0.6723724838
   4.8750000000   0.6723568250
   4.9000000000   0.6723401953
   4.9250000000   0.6723230022
   4.9500000000   0.6723050627
   4.9750000000   0.6722867645
   5.0000000000   0.6722679085
