   0.0000000000   0.1260699893
   0.0250000000   0.1263240356
   0.0500000000   0.1265602170
   0.0750000000   0.1287846745
   0.1000000000   0.1306496003
   0.1250000000   0.1344816818
   0.1500000000   0.1379299836
   0.1750000000   0.1433072987
   0.2000000000   0.1482601535
   0.2250000000   0.1550841907
   0.2500000000   0.1614254731
   0.2750000000   0.1695577179
   0.3000000000   0.1771306882
   0.3250000000   0.1863902445
   0.3500000000   0.1949963636
   0.3750000000   0.2051605732
   0.4000000000   0.2145617677
   0.4250000000   0.2253708365
   0.4500000000   0.2352959246
   0.4750000000   0.2464618276
   0.5000000000   0.2566170166
   0.5250000000   0.2678361257
   0.5500000000   0.2779187057
   0.5750000000   0.2888868868
   0.6000000000   0.2986006604
   0.6250000000   0.3090291678
   0.6500000000   0.3180998890
   0.6750000000   0.3277303059
   0.7000000000   0.3359194744
   0.7250000000   0.3445361849
   0.7500000000   0.3516518821
   0.7750000000   0.3590910065
   0.8000000000   0.3649949547
   0.8250000000   0.3711492171
   0.8500000000   0.3757597762
   0.8750000000   0.3805792908
   0.9000000000   0.3838705763
   0.9250000000   0.3873599556
   0.9500000000   0.3893576165
   0.9750000000   0.3915700959
   1.0000000000   0.3923445156
   1.0250000000   0.3933739386
   1.0500000000   0.3930317147
   1.0750000000   0.3930032631
   1.1000000000   0.3916778191
   1.1250000000   0.3907383176
   1.1500000000   0.3885804146
   1.1750000000   0.3868889220
   1.2000000000   0.3840577066
   1.2250000000   0.3817769520
   1.2500000000   0.3784320122
   1.2750000000   0.3757210586
   1.3000000000   0.3720157903
   1.3250000000   0.3690241361
   1.3500000000   0.3651005572
   1.3750000000   0.3619637332
   1.4000000000   0.3579487478
   1.4250000000   0.3547853433
   1.4500000000   0.3507883521
   1.4750000000   0.3476983218
   1.5000000000   0.3438100121
   1.5250000000   0.3408740693
   1.5500000000   0.3371661878
   1.5750000000   0.3344460782
   1.6000000000   0.3309719909
   1.6250000000   0.3285114509
   1.6500000000   0.3253073065
   1.6750000000   0.3231335331
   1.7000000000   0.3202198717
   1.7250000000   0.3183453557
   1.7500000000   0.3157290260
   1.7750000000   0.3141536196
   1.8000000000   0.3118298869
   1.8250000000   0.3105430002
   1.8500000000   0.3084977432
   1.8750000000   0.3074805728
   1.9000000000   0.3056924797
   1.9250000000   0.3049201896
   1.9500000000   0.3033628771
   1.9750000000   0.3028066609
   2.0000000000   0.3014506500
   2.0250000000   0.3010796177
   2.0500000000   0.2998941149
   2.0750000000   0.2996769592
   2.1000000000   0.2986314027
   2.1250000000   0.2985378115
   2.1500000000   0.2976031562
   2.1750000000   0.2976049529
   2.2000000000   0.2967546776
   2.2250000000   0.2968266795
   2.2500000000   0.2960375150
   2.2750000000   0.2961581134
   2.3000000000   0.2954104976
   2.3250000000   0.2955619726
   2.3500000000   0.2948402512
   2.3750000000   0.2950088442
   2.4000000000   0.2943012433
   2.4250000000   0.2944770185
   2.4500000000   0.2937754231
   2.4750000000   0.2939519553
   2.5000000000   0.2932515342
   2.5250000000   0.2934254647
   2.5500000000   0.2927241841
   2.5750000000   0.2928946893
   2.6000000000   0.2921927585
   2.6250000000   0.2923609728
   2.6500000000   0.2916602643
   2.6750000000   0.2918286981
   2.7000000000   0.2911321786
   2.7250000000   0.2913041649
   2.7500000000   0.2906153690
   2.7750000000   0.2907945660
   2.8000000000   0.2901171352
   2.8250000000   0.2903071056
   2.8500000000   0.2896444104
   2.8750000000   0.2898482879
   2.9000000000   0.2892031397
   2.9250000000   0.2894233883
   2.9500000000   0.2887978436
   2.9750000000   0.2890361077
   3.0000000000   0.2884313597
   3.0250000000   0.2886883972
   3.0500000000   0.2881047456
   3.0750000000   0.2883804342
   3.1000000000   0.2878173222
   3.1250000000   0.2881107248
   3.1500000000   0.2875668277
   3.1750000000   0.2878763034
   3.2000000000   0.2873496561
   3.2250000000   0.2876730016
   3.2500000000   0.2871611504
   3.2750000000   0.2874957589
   3.3000000000   0.2869959249
   3.3250000000   0.2873389508
   3.3500000000   0.2868481941
   3.3750000000   0.2871967134
   3.4000000000   0.2867120886
   3.4250000000   0.2870632472
   3.4500000000   0.2865819440
   3.4750000000   0.2869330867
   3.5000000000   0.2864525501
   3.5250000000   0.2868013288
   3.5500000000   0.2863193554
   3.5750000000   0.2866638113
   3.6000000000   0.2861786208
   3.6250000000   0.2865172419
   3.6500000000   0.2860275224
   3.6750000000   0.2863592758
   3.7000000000   0.2858642051
   3.7250000000   0.2861885449
   3.7500000000   0.2856877881
   3.7750000000   0.2860046421
   3.8000000000   0.2854983291
   3.8250000000   0.2858080661
   3.8500000000   0.2852967514
   3.8750000000   0.2856001333
   3.9000000000   0.2850847408
   3.9250000000   0.2853828614
   3.9500000000   0.2848646192
   3.9750000000   0.2851588349
   4.0000000000   0.2846392021
   4.0250000000   0.2849310568
   4.0500000000   0.2844116470
   4.0750000000   0.2847027954
   4.1000000000   0.2841852994
   4.1250000000   0.2844774313
   4.1500000000   0.2839635430
   4.1750000000   0.2842583117
   4.2000000000   0.2837496584
   4.2250000000   0.2840486164
   4.2500000000   0.2835466978
   4.2750000000   0.2838512400
   4.3000000000   0.2833573760
   4.3250000000   0.2836686943
   4.3500000000   0.2831839833
   4.3750000000   0.2835030312
   4.4000000000   0.2830283207
   4.4250000000   0.2833557901
   4.4500000000   0.2828916581
   4.4750000000   0.2832279679
   4.5000000000   0.2827747164
   4.5250000000   0.2831200117
   4.5500000000   0.2826776709
   4.5750000000   0.2830318328
   4.6000000000   0.2826001754
   4.6250000000   0.2829628402
   4.6500000000   0.2825414036
   4.6750000000   0.2829119894
   4.7000000000   0.2825001060
   4.7250000000   0.2828778455
   4.7500000000   0.2824746774
   4.7750000000   0.2828586552
   4.8000000000   0.2824632329
   4.8250000000   0.2828524251
   4.8500000000   0.2824636883
   4.8750000000   0.2828570037
   4.9000000000   0.2824738417
   4.9250000000   0.2828701613
   4.9500000000   0.2824914525
   4.9750000000   0.2828896674
   5.0000000000   0.2825143158
