   0.0000000000   0.1661666056
   0.0250000000   0.1658337106
   0.0500000000   0.1652796527
   0.0750000000   0.1630175347
   0.1000000000   0.1606330181
   0.1250000000   0.1566156503
   0.1500000000   0.1525722685
   0.1750000000   0.1470221920
   0.2000000000   0.1415870687
   0.2250000000   0.1348110449
   0.2500000000   0.1283213181
   0.2750000000   0.1206818314
   0.3000000000   0.1135139021
   0.3250000000   0.1053972352
   0.3500000000   0.0979346874
   0.3750000000   0.0897195124
   0.4000000000   0.0823235127
   0.4250000000   0.0743535433
   0.4500000000   0.0673388325
   0.4750000000   0.0599021650
   0.5000000000   0.0535206377
   0.5250000000   0.0468371744
   0.5500000000   0.0412697487
   0.5750000000   0.0354868104
   0.6000000000   0.0308430774
   0.6250000000   0.0260382191
   0.6500000000   0.0223624344
   0.6750000000   0.0185517309
   0.7000000000   0.0158331833
   0.7250000000   0.0129829202
   0.7500000000   0.0111685865
   0.7750000000   0.0092083350
   0.8000000000   0.0082159343
   0.8250000000   0.0070513051
   0.8500000000   0.0067812840
   0.8750000000   0.0063051295
   0.9000000000   0.0066506222
   0.9250000000   0.0067519699
   0.9500000000   0.0076062757
   0.9750000000   0.0081767413
   1.0000000000   0.0094382912
   1.0250000000   0.0103760985
   1.0500000000   0.0119511954
   1.0750000000   0.0131631820
   1.1000000000   0.0149669966
   1.1250000000   0.0163691308
   1.1500000000   0.0183255212
   1.1750000000   0.0198424945
   1.2000000000   0.0218832100
   1.2250000000   0.0234476282
   1.2500000000   0.0255113795
   1.2750000000   0.0270629751
   1.3000000000   0.0290947290
   1.3250000000   0.0305798778
   1.3500000000   0.0325305780
   1.3750000000   0.0339022506
   1.4000000000   0.0357290171
   1.4250000000   0.0369471505
   1.4500000000   0.0386138714
   1.4750000000   0.0396460315
   1.5000000000   0.0411241676
   1.5250000000   0.0419462980
   1.5500000000   0.0432156716
   1.5750000000   0.0438127053
   1.6000000000   0.0448620478
   1.6250000000   0.0452281834
   1.6500000000   0.0460552693
   1.6750000000   0.0461937800
   1.7000000000   0.0468050497
   1.7250000000   0.0467275779
   1.7500000000   0.0471372468
   1.7750000000   0.0468626256
   1.8000000000   0.0470913568
   1.8250000000   0.0466440699
   1.8500000000   0.0467173479
   1.8750000000   0.0461257832
   1.9000000000   0.0460721558
   1.9250000000   0.0453668208
   1.9500000000   0.0452161736
   1.9750000000   0.0444280230
   2.0000000000   0.0442100228
   2.0250000000   0.0433690142
   2.0500000000   0.0431118170
   2.0750000000   0.0422457648
   2.1000000000   0.0419750349
   2.1250000000   0.0411087839
   2.1500000000   0.0408470297
   2.1750000000   0.0400019373
   2.2000000000   0.0397681343
   2.2250000000   0.0389618185
   2.2500000000   0.0387712723
   2.2750000000   0.0380175733
   2.3000000000   0.0378819656
   2.3250000000   0.0371910639
   2.3500000000   0.0371186273
   2.3750000000   0.0364972679
   2.4000000000   0.0364930414
   2.4250000000   0.0359448215
   2.4500000000   0.0360109528
   2.4750000000   0.0355366446
   2.5000000000   0.0356727126
   2.5250000000   0.0352706006
   2.5500000000   0.0354739441
   2.5750000000   0.0351401656
   2.6000000000   0.0354062113
   2.6250000000   0.0351350963
   2.6500000000   0.0354576820
   2.6750000000   0.0352420901
   2.7000000000   0.0356137847
   2.7250000000   0.0354454388
   2.7500000000   0.0358578596
   2.7750000000   0.0357276768
   2.8000000000   0.0361718037
   2.8250000000   0.0360702231
   2.8500000000   0.0365367095
   2.8750000000   0.0364540138
   2.9000000000   0.0369334916
   2.9250000000   0.0368601184
   2.9500000000   0.0373434927
   2.9750000000   0.0372703307
   3.0000000000   0.0377490572
   3.0250000000   0.0376677197
   3.0500000000   0.0381340591
   3.0750000000   0.0380371271
   3.1000000000   0.0384843666
   3.1250000000   0.0383655938
   3.1500000000   0.0387882295
   3.1750000000   0.0386427000
   3.2000000000   0.0390365708
   3.2250000000   0.0388608055
   3.2500000000   0.0392231731
   3.2750000000   0.0390151775
   3.3000000000   0.0393447495
   3.3250000000   0.0391040022
   3.3500000000   0.0394008961
   3.3750000000   0.0391282778
   3.4000000000   0.0393939281
   3.4250000000   0.0390915966
   3.4500000000   0.0393286098
   3.4750000000   0.0389998252
   3.5000000000   0.0392117919
   3.5250000000   0.0388607042
   3.5500000000   0.0390519768
   3.5750000000   0.0386833860
   3.6000000000   0.0388588358
   3.6250000000   0.0384779375
   3.6500000000   0.0386427039
   3.6750000000   0.0382548342
   3.7000000000   0.0384140784
   3.7250000000   0.0380244705
   3.7500000000   0.0381831463
   3.7750000000   0.0377967108
   3.8000000000   0.0379593634
   3.8250000000   0.0375805005
   3.8500000000   0.0377511008
   3.8750000000   0.0373835529
   3.9000000000   0.0375653734
   3.9250000000   0.0372121213
   3.9500000000   0.0374076557
   3.9750000000   0.0370708597
   4.0000000000   0.0372817876
   4.0250000000   0.0369627729
   4.0500000000   0.0371899650
   4.0750000000   0.0368892471
   4.1000000000   0.0371328088
   4.1250000000   0.0368501537
   4.1500000000   0.0371094989
   4.1750000000   0.0368440116
   4.2000000000   0.0371179610
   4.2250000000   0.0368681945
   4.2500000000   0.0371550902
   4.2750000000   0.0369191672
   4.3000000000   0.0372169962
   4.3250000000   0.0369927368
   4.3500000000   0.0372992561
   4.3750000000   0.0370843034
   4.4000000000   0.0373971612
   4.4250000000   0.0371891001
   4.4500000000   0.0375059466
   4.4750000000   0.0373024109
   4.5000000000   0.0376209962
   4.5250000000   0.0374197598
   4.5500000000   0.0377380143
   4.5750000000   0.0375370651
   4.6000000000   0.0378531624
   4.6250000000   0.0376507571
   4.6500000000   0.0379631580
   4.6750000000   0.0377578581
   4.7000000000   0.0380653363
   4.7250000000   0.0378560259
   4.7500000000   0.0381576763
   4.7750000000   0.0379435640
   4.8000000000   0.0382387962
   4.8250000000   0.0380194019
   4.8500000000   0.0383079207
   4.8750000000   0.0380830509
   4.9000000000   0.0383648259
   4.9250000000   0.0381345397
   4.9500000000   0.0384097685
   4.9750000000   0.0381743372
   5.0000000000   0.0384434021
