   0.0000000000   0.4999999683
   0.0250000000   0.5001463322
   0.0500000000   0.5009633823
   0.0750000000   0.5025899063
   0.1000000000   0.5050059227
   0.1250000000   0.5081883032
   0.1500000000   0.5120991923
   0.1750000000   0.5167014077
   0.2000000000   0.5219417077
   0.2250000000   0.5277714819
   0.2500000000   0.5341254861
   0.2750000000   0.5409469523
   0.3000000000   0.5481625704
   0.3250000000   0.5557109945
   0.3500000000   0.5635149672
   0.3750000000   0.5715121182
   0.4000000000   0.5796251985
   0.4250000000   0.5877940533
   0.4500000000   0.5959449578
   0.4750000000   0.6040226915
   0.5000000000   0.6119599436
   0.5250000000   0.6197085096
   0.5500000000   0.6272096685
   0.5750000000   0.6344236479
   0.6000000000   0.6413017729
   0.6250000000   0.6478134930
   0.6500000000   0.6539209717
   0.6750000000   0.6596031245
   0.7000000000   0.6648331728
   0.7250000000   0.6695992978
   0.7500000000   0.6738855262
   0.7750000000   0.6776887595
   0.8000000000   0.6810032053
   0.8250000000   0.6838336825
   0.8500000000   0.6861836689
   0.8750000000   0.6880649118
   0.9000000000   0.6894890323
   0.9250000000   0.6904735878
   0.9500000000   0.6910370580
   0.9750000000   0.6912016049
   1.0000000000   0.6909911735
   1.0250000000   0.6904312755
   1.0500000000   0.6895498658
   1.0750000000   0.6883745364
   1.1000000000   0.6869357802
   1.1250000000   0.6852620252
   1.1500000000   0.6833848636
   1.1750000000   0.6813323804
   1.2000000000   0.6791359154
   1.2250000000   0.6768221415
   1.2500000000   0.6744209337
   1.2750000000   0.6719566379
   1.3000000000   0.6694566405
   1.3250000000   0.6669422366
   1.3500000000   0.6644375285
   1.3750000000   0.6619602557
   1.4000000000   0.6595306935
   1.4250000000   0.6571627522
   1.4500000000   0.6548725956
   1.4750000000   0.6526702568
   1.5000000000   0.6505677502
   1.5250000000   0.6485713868
   1.5500000000   0.6466892087
   1.5750000000   0.6449241270
   1.6000000000   0.6432805606
   1.6250000000   0.6417584640
   1.6500000000   0.6403591035
   1.6750000000   0.6390799934
   1.7000000000   0.6379197871
   1.7250000000   0.6368741020
   1.7500000000   0.6359395421
   1.7750000000   0.6351103593
   1.8000000000   0.6343816560
   1.8250000000   0.6337468100
   1.8500000000   0.6331999279
   1.8750000000   0.6327339453
   1.9000000000   0.6323424200
   1.9250000000   0.6320182098
   1.9500000000   0.6317547030
   1.9750000000   0.6315449755
   2.0000000000   0.6313825574
   2.0250000000   0.6312609726
   2.0500000000   0.6311741394
   2.0750000000   0.6311162001
   2.1000000000   0.6310816474
   2.1250000000   0.6310653596
   2.1500000000   0.6310625358
   2.1750000000   0.6310688610
   2.2000000000   0.6310803237
   2.2250000000   0.6310934456
   2.2500000000   0.6311050429
   2.2750000000   0.6311124680
   2.3000000000   0.6311133637
   2.3250000000   0.6311058758
   2.3500000000   0.6310884377
   2.3750000000   0.6310599240
   2.4000000000   0.6310194934
   2.4250000000   0.6309666640
   2.4500000000   0.6309012302
   2.4750000000   0.6308232526
   2.5000000000   0.6307330555
   2.5250000000   0.6306311307
   2.5500000000   0.6305182171
   2.5750000000   0.6303951238
   2.6000000000   0.6302628857
   2.6250000000   0.6301225181
   2.6500000000   0.6299752376
   2.6750000000   0.6298221628
   2.7000000000   0.6296645872
   2.7250000000   0.6295036426
   2.7500000000   0.6293406083
   2.7750000000   0.6291765545
   2.8000000000   0.6290126727
   2.8250000000   0.6288499142
   2.8500000000   0.6286893267
   2.8750000000   0.6285317029
   2.9000000000   0.6283779095
   2.9250000000   0.6282285576
   2.9500000000   0.6280843123
   2.9750000000   0.6279455954
   3.0000000000   0.6278128653
   3.0250000000   0.6276863586
   3.0500000000   0.6275663344
   3.0750000000   0.6274528588
   3.1000000000   0.6273460083
   3.1250000000   0.6272456998
   3.1500000000   0.6271518513
   3.1750000000   0.6270642561
   3.2000000000   0.6269827019
   3.2250000000   0.6269068865
   3.2500000000   0.6268364969
   3.2750000000   0.6267711638
   3.3000000000   0.6267105038
   3.3250000000   0.6266541074
   3.3500000000   0.6266015494
   3.3750000000   0.6265524049
   3.4000000000   0.6265062329
   3.4250000000   0.6264626153
   3.4500000000   0.6264211182
   3.4750000000   0.6263813483
   3.5000000000   0.6263428983
   3.5250000000   0.6263054149
   3.5500000000   0.6262685326
   3.5750000000   0.6262319492
   3.6000000000   0.6261953526
   3.6250000000   0.6261584998
   3.6500000000   0.6261211400
   3.6750000000   0.6260830935
   3.7000000000   0.6260441751
   3.7250000000   0.6260042700
   3.7500000000   0.6259632599
   3.7750000000   0.6259210933
   3.8000000000   0.6258777168
   3.8250000000   0.6258331390
   3.8500000000   0.6257873669
   3.8750000000   0.6257404635
   3.9000000000   0.6256924894
   3.9250000000   0.6256435551
   3.9500000000   0.6255937668
   3.9750000000   0.6255432738
   4.0000000000   0.6254922183
   4.0250000000   0.6254407795
   4.0500000000   0.6253891254
   4.0750000000   0.6253374554
   4.1000000000   0.6252859527
   4.1250000000   0.6252348276
   4.1500000000   0.6251842677
   4.1750000000   0.6251344851
   4.2000000000   0.6250856620
   4.2250000000   0.6250380034
   4.2500000000   0.6249916772
   4.2750000000   0.6249468739
   4.3000000000   0.6249037387
   4.3250000000   0.6248624414
   4.3500000000   0.6248230978
   4.3750000000   0.6247858519
   4.4000000000   0.6247507852
   4.4250000000   0.6247180122
   4.4500000000   0.6246875767
   4.4750000000   0.6246595615
   4.5000000000   0.6246339712
   4.5250000000   0.6246108563
   4.5500000000   0.6245901818
   4.5750000000   0.6245719668
   4.6000000000   0.6245561387
   4.6250000000   0.6245426870
   4.6500000000   0.6245315042
   4.6750000000   0.6245225536
   4.7000000000   0.6245156968
   4.7250000000   0.6245108753
   4.7500000000   0.6245079248
   4.7750000000   0.6245067695
   4.8000000000   0.6245072253
   4.8250000000   0.6245092040
   4.8500000000   0.6245125080
   4.8750000000   0.6245170422
   4.9000000000   0.6245226016
   4.9250000000   0.6245290896
   4.9500000000   0.6245362996
   4.9750000000   0.6245441388
   5.0000000000   0.6245524048
