   0.0000000000   0.1260700515
   0.0250000000   0.1257583419
   0.0500000000   0.1255270932
   0.0750000000   0.1233255029
   0.1000000000   0.1215156935
   0.1250000000   0.1178083960
   0.1500000000   0.1145830195
   0.1750000000   0.1095809098
   0.2000000000   0.1051919055
   0.2250000000   0.0991832410
   0.2500000000   0.0939451539
   0.2750000000   0.0872663963
   0.3000000000   0.0815252379
   0.3250000000   0.0745291080
   0.3500000000   0.0686307911
   0.3750000000   0.0616558696
   0.4000000000   0.0559182891
   0.4250000000   0.0492638448
   0.4500000000   0.0439556696
   0.4750000000   0.0378641448
   0.5000000000   0.0331919393
   0.5250000000   0.0278399874
   0.5500000000   0.0239437484
   0.5750000000   0.0194412703
   0.6000000000   0.0163971810
   0.6250000000   0.0127927257
   0.6500000000   0.0106211166
   0.6750000000   0.0079114526
   0.7000000000   0.0065876815
   0.7250000000   0.0047293010
   0.7500000000   0.0041954517
   0.7750000000   0.0031161150
   0.8000000000   0.0032919042
   0.8250000000   0.0029009008
   0.8500000000   0.0036928022
   0.8750000000   0.0038892211
   0.9000000000   0.0051974125
   0.9250000000   0.0058762589
   0.9500000000   0.0075994756
   0.9750000000   0.0086558693
   1.0000000000   0.0106945589
   1.0250000000   0.0120264800
   1.0500000000   0.0142847972
   1.0750000000   0.0157949160
   1.1000000000   0.0181820975
   1.1250000000   0.0197791762
   1.1500000000   0.0222107296
   1.1750000000   0.0238109448
   1.2000000000   0.0262099215
   1.2250000000   0.0277382836
   1.2500000000   0.0300367156
   1.2750000000   0.0314285834
   1.3000000000   0.0335690030
   1.3250000000   0.0347715519
   1.3500000000   0.0367083933
   1.3750000000   0.0376818130
   1.4000000000   0.0393824496
   1.4250000000   0.0401006380
   1.4500000000   0.0415458296
   1.4750000000   0.0419964014
   1.5000000000   0.0431800096
   1.5250000000   0.0433635409
   1.5500000000   0.0442914835
   1.5750000000   0.0442200309
   1.6000000000   0.0449085666
   1.6250000000   0.0446036076
   1.6500000000   0.0450771374
   1.6750000000   0.0445671548
   1.7000000000   0.0448557777
   1.7250000000   0.0441737346
   1.7500000000   0.0443108048
   1.7750000000   0.0434917433
   1.8000000000   0.0435116365
   1.8250000000   0.0425905791
   1.8500000000   0.0425268165
   1.8750000000   0.0415370811
   1.9000000000   0.0414208862
   1.9250000000   0.0403928547
   1.9500000000   0.0402521543
   1.9750000000   0.0392124757
   2.0000000000   0.0390713051
   2.0250000000   0.0380424767
   2.0500000000   0.0379207192
   2.0750000000   0.0369209668
   2.1000000000   0.0368343504
   2.1250000000   0.0358777293
   2.1500000000   0.0358380029
   2.1750000000   0.0349346481
   2.2000000000   0.0349498773
   2.2250000000   0.0341063485
   2.2500000000   0.0341812822
   2.2750000000   0.0334009645
   2.3000000000   0.0335374429
   2.3250000000   0.0328209767
   2.3500000000   0.0330183592
   2.3750000000   0.0323640827
   2.4000000000   0.0326196830
   2.4250000000   0.0320240776
   2.4500000000   0.0323335974
   2.4750000000   0.0317917244
   2.5000000000   0.0321496750
   2.5250000000   0.0316555961
   2.5500000000   0.0320557005
   2.5750000000   0.0316028711
   2.6000000000   0.0320384347
   2.6250000000   0.0316200599
   2.6500000000   0.0320843007
   2.6750000000   0.0316936446
   2.7000000000   0.0321799734
   2.7250000000   0.0318106144
   2.7500000000   0.0323128594
   2.7750000000   0.0319588860
   2.8000000000   0.0324714586
   2.8250000000   0.0321276059
   2.8500000000   0.0326456087
   2.8750000000   0.0323073379
   2.9000000000   0.0328266185
   2.9250000000   0.0324901462
   2.9500000000   0.0330073055
   2.9750000000   0.0326695907
   3.0000000000   0.0331819537
   3.0250000000   0.0328406524
   3.0500000000   0.0333462125
   3.0750000000   0.0329996115
   3.1000000000   0.0334969572
   3.1250000000   0.0331438943
   3.1500000000   0.0336321277
   3.1750000000   0.0332719087
   3.2000000000   0.0337505627
   3.2250000000   0.0333828792
   3.2500000000   0.0338518388
   3.2750000000   0.0334766931
   3.3000000000   0.0339361231
   3.3250000000   0.0335537606
   3.3500000000   0.0340040429
   3.3750000000   0.0336148945
   3.4000000000   0.0340565738
   3.4250000000   0.0336612071
   3.4500000000   0.0340949454
   3.4750000000   0.0336940238
   3.5000000000   0.0341205621
   3.5250000000   0.0337148111
   3.5500000000   0.0341349370
   3.5750000000   0.0337251157
   3.6000000000   0.0341396364
   3.6250000000   0.0337265132
   3.6500000000   0.0341362317
   3.6750000000   0.0337205639
   3.7000000000   0.0341262583
   3.7250000000   0.0337087737
   3.7500000000   0.0341111804
   3.7750000000   0.0336925617
   3.8000000000   0.0340923595
   3.8250000000   0.0336732313
   3.8500000000   0.0340710295
   3.8750000000   0.0336519474
   3.9000000000   0.0340482760
   3.9250000000   0.0336297188
   3.9500000000   0.0340250220
   3.9750000000   0.0336073863
   4.0000000000   0.0340020191
   4.0250000000   0.0335856174
   4.0500000000   0.0339798454
   4.0750000000   0.0335649071
   4.1000000000   0.0339589095
   4.1250000000   0.0335455850
   4.1500000000   0.0339394609
   4.1750000000   0.0335278280
   4.2000000000   0.0339216052
   4.2250000000   0.0335116790
   4.2500000000   0.0339053248
   4.2750000000   0.0334970682
   4.3000000000   0.0338905025
   4.3250000000   0.0334838387
   4.3500000000   0.0338769472
   4.3750000000   0.0334717729
   4.4000000000   0.0338644210
   4.4250000000   0.0334606190
   4.4500000000   0.0338526650
   4.4750000000   0.0334501163
   4.5000000000   0.0338414236
   4.5250000000   0.0334400180
   4.5500000000   0.0338304652
   4.5750000000   0.0334301100
   4.6000000000   0.0338195991
   4.6250000000   0.0334202255
   4.6500000000   0.0338086874
   4.6750000000   0.0334102547
   4.7000000000   0.0337976521
   4.7250000000   0.0334001489
   4.7500000000   0.0337864770
   4.7750000000   0.0333899204
   4.8000000000   0.0337752048
   4.8250000000   0.0333796376
   4.8500000000   0.0337639302
   4.8750000000   0.0333694160
   4.9000000000   0.0337527899
   4.9250000000   0.0333594074
   4.9500000000   0.0337419499
   4.9750000000   0.0333497864
   5.0000000000   0.0337315923
