-200.8655802889   0.0000000000   0.0049783297
-200.4728812072   0.0000000000   0.0049880797
-200.0801821255   0.0000000000   0.0049978680
-199.6874830438   0.0000000000   0.0050076948
-199.2947839621   0.0000000000   0.0050175604
-198.9020848804   0.0000000000   0.0050274648
-198.5093857987   0.0000000000   0.0050374085
-198.1166867170   0.0000000000   0.0050473915
-197.7239876353   0.0000000000   0.0050574142
-197.3312885536   0.0000000000   0.0050674768
-196.9385894719   0.0000000000   0.0050775795
-196.5458903902   0.0000000000   0.0050877226
-196.1531913085   0.0000000000   0.0050979062
-195.7604922268   0.0000000000   0.0051081308
-195.3677931451   0.0000000000   0.0051183964
-194.9750940634   0.0000000000   0.0051287033
-194.5823949817   0.0000000000   0.0051390519
-194.1896959000   0.0000000000   0.0051494422
-193.7969968183   0.0000000000   0.0051598747
-193.4042977366   0.0000000000   0.0051703496
-193.0115986549   0.0000000000   0.0051808670
-192.6188995732   0.0000000000   0.0051914274
-192.2262004915   0.0000000000   0.0052020308
-191.8335014098   0.0000000000   0.0052126777
-191.4408023281   0.0000000000   0.0052233682
-191.0481032464   0.0000000000   0.0052341027
-190.6554041647   0.0000000000   0.0052448814
-190.2627050830   0.0000000000   0.0052557046
-189.8700060013   0.0000000000   0.0052665725
-189.4773069196   0.0000000000   0.0052774855
-189.0846078379   0.0000000000   0.0052884438
-188.6919087562   0.0000000000   0.0052994476
-188.2992096745   0.0000000000   0.0053104974
-187.9065105928   0.0000000000   0.0053215934
-187.5138115111   0.0000000000   0.0053327358
-187.1211124294   0.0000000000   0.0053439249
-186.7284133477   0.0000000000   0.0053551611
-186.3357142660   0.0000000000   0.0053664447
-185.9430151843   0.0000000000   0.0053777759
-185.5503161026   0.0000000000   0.0053891551
-185.1576170209   0.0000000000   0.0054005825
-184.7649179392   0.0000000000   0.0054120585
-184.3722188576   0.0000000000   0.0054235833
-183.9795197759   0.0000000000   0.0054351574
-183.5868206942   0.0000000000   0.0054467809
-183.1941216125   0.0000000000   0.0054584543
-182.8014225308   0.0000000000   0.0054701778
-182.4087234491   0.0000000000   0.0054819517
-182.0160243674   0.0000000000   0.0054937765
-181.6233252857   0.0000000000   0.0055056523
-181.2306262040   0.0000000000   0.0055175797
-180.8379271223   0.0000000000   0.0055295588
-180.4452280406   0.0000000000   0.0055415900
-180.0525289589   0.0000000000   0.0055536737
-179.6598298772   0.0000000000   0.0055658102
-179.2671307955   0.0000000000   0.0055779999
-178.8744317138   0.0000000000   0.0055902431
-178.4817326321   0.0000000000   0.0056025401
-178.0890335504   0.0000000000   0.0056148914
-177.6963344687   0.0000000000   0.0056272972
-177.3036353870   0.0000000000   0.0056397580
-176.9109363053   0.0000000000   0.0056522740
-176.5182372236   0.0000000000   0.0056648458
-176.1255381419   0.0000000000   0.0056774736
-175.7328390602   0.0000000000   0.0056901578
-175.3401399785   0.0000000000   0.0057028988
-174.9474408968   0.0000000000   0.0057156970
-174.5547418151   0.0000000000   0.0057285527
-174.1620427334   0.0000000000   0.0057414664
-173.7693436517   0.0000000000   0.0057544385
-173.3766445700   0.0000000000   0.0057674693
-172.9839454883   0.0000000000   0.0057805592
-172.5912464066   0.0000000000   0.0057937087
-172.1985473249   0.0000000000   0.0058069182
-171.8058482432   0.0000000000   0.0058201880
-171.4131491615   0.0000000000   0.0058335186
-171.0204500798   0.0000000000   0.0058469104
-170.6277509981   0.0000000000   0.0058603639
-170.2350519164   0.0000000000   0.0058738793
-169.8423528347   0.0000000000   0.0058874573
-169.4496537530   0.0000000000   0.0059010982
-169.0569546713   0.0000000000   0.0059148024
-168.6642555896   0.0000000000   0.0059285704
-168.2715565079   0.0000000000   0.0059424026
-167.8788574262   0.0000000000   0.0059562996
-167.4861583445   0.0000000000   0.0059702617
-167.0934592628   0.0000000000   0.0059842894
-166.7007601811   0.0000000000   0.0059983831
-166.3080610994   0.0000000000   0.0060125434
-165.9153620177   0.0000000000   0.0060267708
-165.5226629360   0.0000000000   0.0060410655
-165.1299638543   0.0000000000   0.0060554283
-164.7372647726   0.0000000000   0.0060698595
-164.3445656909   0.0000000000   0.0060843597
-163.9518666092   0.0000000000   0.0060989293
-163.5591675275   0.0000000000   0.0061135688
-163.1664684458   0.0000000000   0.0061282788
-162.7737693641   0.0000000000   0.0061430597
-162.3810702824   0.0000000000   0.0061579121
-161.9883712007   0.0000000000   0.0061728365
-161.5956721190   0.0000000000   0.0061878333
-161.2029730373   0.0000000000   0.0062029033
-160.8102739556   0.0000000000   0.0062180468
-160.4175748739   0.0000000000   0.0062332644
-160.0248757922   0.0000000000   0.0062485567
-159.6321767105   0.0000000000   0.0062639241
-159.2394776288   0.0000000000   0.0062793674
-158.8467785471   0.0000000000   0.0062948870
-158.4540794654   0.0000000000   0.0063104835
-158.0613803837   0.0000000000   0.0063261574
-157.6686813020   0.0000000000   0.0063419094
-157.2759822203   0.0000000000   0.0063577400
-156.8832831386   0.0000000000   0.0063736499
-156.4905840569   0.0000000000   0.0063896395
-156.0978849752   0.0000000000   0.0064057096
-155.7051858935   0.0000000000   0.0064218607
-155.3124868118   0.0000000000   0.0064380935
-154.9197877301   0.0000000000   0.0064544085
-154.5270886484   0.0000000000   0.0064708064
-154.1343895667   0.0000000000   0.0064872878
-153.7416904851   0.0000000000   0.0065038534
-153.3489914034   0.0000000000   0.0065205038
-152.9562923217   0.0000000000   0.0065372397
-152.5635932400   0.0000000000   0.0065540617
-152.1708941583   0.0000000000   0.0065709705
-151.7781950766   0.0000000000   0.0065879667
-151.3854959949   0.0000000000   0.0066050511
-150.9927969132   0.0000000000   0.0066222243
-150.6000978315   0.0000000000   0.0066394870
-150.2073987498   0.0000000000   0.0066568399
-149.8146996681   0.0000000000   0.0066742838
-149.4220005864   0.0000000000   0.0066918194
-149.0293015047   0.0000000000   0.0067094473
-148.6366024230   0.0000000000   0.0067271683
-148.2439033413   0.0000000000   0.0067449831
-147.8512042596   0.0000000000   0.0067628926
-147.4585051779   0.0000000000   0.0067808974
-147.0658060962   0.0000000000   0.0067989983
-146.6731070145   0.0000000000   0.0068171961
-146.2804079328   0.0000000000   0.0068354916
-145.8877088511   0.0000000000   0.0068538855
-145.4950097694   0.0000000000   0.0068723786
-145.1023106877   0.0000000000   0.0068909718
-144.7096116060   0.0000000000   0.0069096659
-144.3169125243   0.0000000000   0.0069284617
-143.9242134426   0.0000000000   0.0069473600
-143.5315143609   0.0000000000   0.0069663616
-143.1388152792   0.0000000000   0.0069854675
-142.7461161975   0.0000000000   0.0070046784
-142.3534171158   0.0000000000   0.0070239953
-141.9607180341   0.0000000000   0.0070434190
-141.5680189524   0.0000000000   0.0070629504
-141.1753198707   0.0000000000   0.0070825904
-140.7826207890   0.0000000000   0.0071023399
-140.3899217073   0.0000000000   0.0071221999
-139.9972226256   0.0000000000   0.0071421712
-139.6045235439   0.0000000000   0.0071622548
-139.2118244622   0.0000000000   0.0071824517
-138.8191253805   0.0000000000   0.0072027628
-138.4264262988   0.0000000000   0.0072231890
-138.0337272171   0.0000000000   0.0072437315
-137.6410281354   0.0000000000   0.0072643911
-137.2483290537   0.0000000000   0.0072851688
-136.8556299720   0.0000000000   0.0073060658
-136.4629308903   0.0000000000   0.0073270829
-136.0702318086   0.0000000000   0.0073482213
-135.6775327269   0.0000000000   0.0073694820
-135.2848336452   0.0000000000   0.0073908660
-134.8921345635   0.0000000000   0.0074123745
-134.4994354818   0.0000000000   0.0074340086
-134.1067364001   0.0000000000   0.0074557692
-133.7140373184   0.0000000000   0.0074776576
-133.3213382367   0.0000000000   0.0074996749
-132.9286391550   0.0000000000   0.0075218222
-132.5359400733   0.0000000000   0.0075441007
-132.1432409916   0.0000000000   0.0075665115
-131.7505419099   0.0000000000   0.0075890558
-131.3578428282   0.0000000000   0.0076117349
-130.9651437465   0.0000000000   0.0076345499
-130.5724446648   0.0000000000   0.0076575020
-130.1797455831   0.0000000000   0.0076805925
-129.7870465014   0.0000000000   0.0077038227
-129.3943474197   0.0000000000   0.0077271938
-129.0016483380   0.0000000000   0.0077507071
-128.6089492563   0.0000000000   0.0077743640
-128.2162501746   0.0000000000   0.0077981656
-127.8235510929   0.0000000000   0.0078221134
-127.4308520112   0.0000000000   0.0078462087
-127.0381529295   0.0000000000   0.0078704529
-126.6454538478   0.0000000000   0.0078948474
-126.2527547661   0.0000000000   0.0079193935
-125.8600556844   0.0000000000   0.0079440927
-125.4673566027   0.0000000000   0.0079689464
-125.0746575210   0.0000000000   0.0079939561
-124.6819584393   0.0000000000   0.0080191233
-124.2892593576   0.0000000000   0.0080444493
-123.8965602759   0.0000000000   0.0080699359
-123.5038611942   0.0000000000   0.0080955843
-123.1111621125   0.0000000000   0.0081213964
-122.7184630309   0.0000000000   0.0081473735
-122.3257639492   0.0000000000   0.0081735172
-121.9330648675   0.0000000000   0.0081998293
-121.5403657858   0.0000000000   0.0082263113
-121.1476667041   0.0000000000   0.0082529649
-120.7549676224   0.0000000000   0.0082797917
-120.3622685407   0.0000000000   0.0083067934
-119.9695694590   0.0000000000   0.0083339718
-119.5768703773   0.0000000000   0.0083613286
-119.1841712956   0.0000000000   0.0083888655
-118.7914722139   0.0000000000   0.0084165844
-118.3987731322   0.0000000000   0.0084444870
-118.0060740505   0.0000000000   0.0084725752
-117.6133749688   0.0000000000   0.0085008508
-117.2206758871   0.0000000000   0.0085293158
-116.8279768054   0.0000000000   0.0085579720
-116.4352777237   0.0000000000   0.0085868213
-116.0425786420   0.0000000000   0.0086158658
-115.6498795603   0.0000000000   0.0086451073
-115.2571804786   0.0000000000   0.0086745480
-114.8644813969   0.0000000000   0.0087041898
-114.4717823152   0.0000000000   0.0087340349
-114.0790832335   0.0000000000   0.0087640853
-113.6863841518   0.0000000000   0.0087943431
-113.2936850701   0.0000000000   0.0088248105
-112.9009859884   0.0000000000   0.0088554897
-112.5082869067   0.0000000000   0.0088863829
-112.1155878250   0.0000000000   0.0089174924
-111.7228887433   0.0000000000   0.0089488204
-111.3301896616   0.0000000000   0.0089803692
-110.9374905799   0.0000000000   0.0090121412
-110.5447914982   0.0000000000   0.0090441388
-110.1520924165   0.0000000000   0.0090763643
-109.7593933348   0.0000000000   0.0091088202
-109.3666942531   0.0000000000   0.0091415091
-108.9739951714   0.0000000000   0.0091744333
-108.5812960897   0.0000000000   0.0092075955
-108.1885970080   0.0000000000   0.0092409982
-107.7958979263   0.0000000000   0.0092746441
-107.4031988446   0.0000000000   0.0093085358
-107.0104997629   0.0000000000   0.0093426761
-106.6178006812   0.0000000000   0.0093770676
-106.2251015995   0.0000000000   0.0094117132
-105.8324025178   0.0000000000   0.0094466157
-105.4397034361   0.0000000000   0.0094817780
-105.0470043544   0.0000000000   0.0095172029
-104.6543052727   0.0000000000   0.0095528934
-104.2616061910   0.0000000000   0.0095888526
-103.8689071093   0.0000000000   0.0096250834
-103.4762080276   0.0000000000   0.0096615890
-103.0835089459   0.0000000000   0.0096983724
-102.6908098642   0.0000000000   0.0097354369
-102.2981107825   0.0000000000   0.0097727857
-101.9054117008   0.0000000000   0.0098104221
-101.5127126191   0.0000000000   0.0098483495
-101.1200135374   0.0000000000   0.0098865711
-100.7273144557   0.0000000000   0.0099250904
-100.3346153740   0.0000000000   0.0099639110
 -99.9419162923   0.0000000000   0.0100030364
 -99.5492172106   0.0000000000   0.0100424701
 -99.1565181289   0.0000000000   0.0100822159
 -98.7638190472   0.0000000000   0.0101222775
 -98.3711199655   0.0000000000   0.0101626586
 -97.9784208838   0.0000000000   0.0102033630
 -97.5857218021   0.0000000000   0.0102443947
 -97.1930227204   0.0000000000   0.0102857577
 -96.8003236387   0.0000000000   0.0103274559
 -96.4076245570   0.0000000000   0.0103694934
 -96.0149254753   0.0000000000   0.0104118745
 -95.6222263936   0.0000000000   0.0104546033
 -95.2295273119   0.0000000000   0.0104976841
 -94.8368282302   0.0000000000   0.0105411213
 -94.4441291485   0.0000000000   0.0105849193
 -94.0514300668   0.0000000000   0.0106290827
 -93.6587309851   0.0000000000   0.0106736160
 -93.2660319034   0.0000000000   0.0107185240
 -92.8733328217   0.0000000000   0.0107638112
 -92.4806337400   0.0000000000   0.0108094827
 -92.0879346584   0.0000000000   0.0108555432
 -91.6952355767   0.0000000000   0.0109019977
 -91.3025364950   0.0000000000   0.0109488515
 -90.9098374133   0.0000000000   0.0109961095
 -90.5171383316   0.0000000000   0.0110437771
 -90.1244392499   0.0000000000   0.0110918596
 -89.7317401682   0.0000000000   0.0111403625
 -89.3390410865   0.0000000000   0.0111892912
 -88.9463420048   0.0000000000   0.0112386515
 -88.5536429231   0.0000000000   0.0112884490
 -88.1609438414   0.0000000000   0.0113386896
 -87.7682447597   0.0000000000   0.0113893792
 -87.3755456780   0.0000000000   0.0114405238
 -86.9828465963   0.0000000000   0.0114921297
 -86.5901475146   0.0000000000   0.0115442030
 -86.1974484329   0.0000000000   0.0115967502
 -85.8047493512   0.0000000000   0.0116497778
 -85.4120502695   0.0000000000   0.0117032923
 -85.0193511878   0.0000000000   0.0117573005
 -84.6266521061   0.0000000000   0.0118118093
 -84.2339530244   0.0000000000   0.0118668256
 -83.8412539427   0.0000000000   0.0119223566
 -83.4485548610   0.0000000000   0.0119784095
 -83.0558557793   0.0000000000   0.0120349917
 -82.6631566976   0.0000000000   0.0120921108
 -82.2704576159   0.0000000000   0.0121497743
 -81.8777585342   0.0000000000   0.0122079902
 -81.4850594525   0.0000000000   0.0122667664
 -81.0923603708   0.0000000000   0.0123261110
 -80.6996612891   0.0000000000   0.0123860324
 -80.3069622074   0.0000000000   0.0124465388
 -79.9142631257   0.0000000000   0.0125076391
 -79.5215640440   0.0000000000   0.0125693418
 -79.1288649623   0.0000000000   0.0126316561
 -78.7361658806   0.0000000000   0.0126945910
 -78.3434667989   0.0000000000   0.0127581558
 -77.9507677172   0.0000000000   0.0128223600
 -77.5580686355   0.0000000000   0.0128872134
 -77.1653695538   0.0000000000   0.0129527258
 -76.7726704721   0.0000000000   0.0130189073
 -76.3799713904   0.0000000000   0.0130857681
 -75.9872723087   0.0000000000   0.0131533190
 -75.5945732270   0.0000000000   0.0132215704
 -75.2018741453   0.0000000000   0.0132905334
 -74.8091750636   0.0000000000   0.0133602192
 -74.4164759819   0.0000000000   0.0134306392
 -74.0237769002   0.0000000000   0.0135018051
 -73.6310778185   0.0000000000   0.0135737287
 -73.2383787368   0.0000000000   0.0136464222
 -72.8456796551   0.0000000000   0.0137198980
 -72.4529805734   0.0000000000   0.0137941688
 -72.0602814917   0.0000000000   0.0138692477
 -71.6675824100   0.0000000000   0.0139451477
 -71.2748833283   0.0000000000   0.0140218826
 -70.8821842466   0.0000000000   0.0140994661
 -70.4894851649   0.0000000000   0.0141779123
 -70.0967860832   0.0000000000   0.0142572357
 -69.7040870015   0.0000000001   0.0143374512
 -69.3113879198   0.0000000001   0.0144185738
 -68.9186888381   0.0000000001   0.0145006189
 -68.5259897564   0.0000000001   0.0145836025
 -68.1332906747   0.0000000001   0.0146675407
 -67.7405915930   0.0000000001   0.0147524501
 -67.3478925113   0.0000000001   0.0148383475
 -66.9551934296   0.0000000001   0.0149252503
 -66.5624943479   0.0000000001   0.0150131764
 -66.1697952662   0.0000000001   0.0151021437
 -65.7770961845   0.0000000001   0.0151921710
 -65.3843971028   0.0000000001   0.0152832773
 -64.9916980211   0.0000000001   0.0153754820
 -64.5989989394   0.0000000001   0.0154688052
 -64.2062998577   0.0000000001   0.0155632672
 -63.8136007760   0.0000000001   0.0156588891
 -63.4209016943   0.0000000001   0.0157556924
 -63.0282026126   0.0000000001   0.0158536990
 -62.6355035309   0.0000000001   0.0159529315
 -62.2428044492   0.0000000001   0.0160534130
 -61.8501053675   0.0000000001   0.0161551673
 -61.4574062859   0.0000000001   0.0162582186
 -61.0647072042   0.0000000001   0.0163625920
 -60.6720081225   0.0000000001   0.0164683128
 -60.2793090408   0.0000000001   0.0165754076
 -59.8866099591   0.0000000001   0.0166839030
 -59.4939108774   0.0000000001   0.0167938269
 -59.1012117957   0.0000000001   0.0169052075
 -58.7085127140   0.0000000001   0.0170180740
 -58.3158136323   0.0000000001   0.0171324563
 -57.9231145506   0.0000000001   0.0172483850
 -57.5304154689   0.0000000001   0.0173658918
 -57.1377163872   0.0000000001   0.0174850091
 -56.7450173055   0.0000000001   0.0176057701
 -56.3523182238   0.0000000001   0.0177282091
 -55.9596191421   0.0000000001   0.0178523613
 -55.5669200604   0.0000000001   0.0179782628
 -55.1742209787   0.0000000001   0.0181059508
 -54.7815218970   0.0000000001   0.0182354636
 -54.3888228153   0.0000000001   0.0183668405
 -53.9961237336   0.0000000001   0.0185001221
 -53.6034246519   0.0000000001   0.0186353500
 -53.2107255702   0.0000000001   0.0187725671
 -52.8180264885   0.0000000001   0.0189118176
 -52.4253274068   0.0000000001   0.0190531469
 -52.0326283251   0.0000000001   0.0191966020
 -51.6399292434   0.0000000001   0.0193422310
 -51.2472301617   0.0000000001   0.0194900837
 -50.8545310800   0.0000000001   0.0196402114
 -50.4618319983   0.0000000001   0.0197926668
 -50.0691329166   0.0000000001   0.0199475046
 -49.6764338349   0.0000000001   0.0201047809
 -49.2837347532   0.0000000001   0.0202645537
 -48.8910356715   0.0000000001   0.0204268828
 -48.4983365898   0.0000000001   0.0205918300
 -48.1056375081   0.0000000001   0.0207594590
 -47.7129384264   0.0000000001   0.0209298358
 -47.3202393447   0.0000000001   0.0211030283
 -46.9275402630   0.0000000001   0.0212791068
 -46.5348411813   0.0000000001   0.0214581439
 -46.1421420996   0.0000000001   0.0216402147
 -45.7494430179   0.0000000001   0.0218253970
 -45.3567439362   0.0000000001   0.0220137709
 -44.9640448545   0.0000000001   0.0222054196
 -44.5713457728   0.0000000001   0.0224004291
 -44.1786466911   0.0000000001   0.0225988885
 -43.7859476094   0.0000000001   0.0228008899
 -43.3932485277   0.0000000001   0.0230065289
 -43.0005494460   0.0000000001   0.0232159044
 -42.6078503643   0.0000000001   0.0234291190
 -42.2151512826   0.0000000001   0.0236462792
 -41.8224522009   0.0000000001   0.0238674952
 -41.4297531192   0.0000000001   0.0240928815
 -41.0370540375   0.0000000001   0.0243225570
 -40.6443549558   0.0000000001   0.0245566450
 -40.2516558741   0.0000000001   0.0247952737
 -39.8589567924   0.0000000002   0.0250385762
 -39.4662577107   0.0000000002   0.0252866909
 -39.0735586290   0.0000000002   0.0255397618
 -38.6808595473   0.0000000002   0.0257979383
 -38.2881604656   0.0000000002   0.0260613764
 -37.8954613839   0.0000000002   0.0263302382
 -37.5027623022   0.0000000002   0.0266046924
 -37.1100632205   0.0000000002   0.0268849151
 -36.7173641388   0.0000000002   0.0271710895
 -36.3246650571   0.0000000002   0.0274634070
 -35.9319659754   0.0000000002   0.0277620668
 -35.5392668937   0.0000000002   0.0280672773
 -35.1465678120   0.0000000002   0.0283792557
 -34.7538687303   0.0000000002   0.0286982290
 -34.3611696486   0.0000000002   0.0290244346
 -33.9684705669   0.0000000002   0.0293581205
 -33.5757714852   0.0000000002   0.0296995464
 -33.1830724035   0.0000000002   0.0300489838
 -32.7903733218   0.0000000002   0.0304067173
 -32.3976742401   0.0000000002   0.0307730450
 -32.0049751584   0.0000000002   0.0311482793
 -31.6122760767   0.0000000002   0.0315327481
 -31.2195769950   0.0000000002   0.0319267953
 -30.8268779133   0.0000000003   0.0323307823
 -30.4341788317   0.0000000003   0.0327450886
 -30.0414797500   0.0000000003   0.0331701134
 -29.6487806683   0.0000000003   0.0336062764
 -29.2560815866   0.0000000003   0.0340540198
 -28.8633825049   0.0000000003   0.0345138092
 -28.4706834232   0.0000000003   0.0349861354
 -28.0779843415   0.0000000003   0.0354715162
 -27.6852852598   0.0000000003   0.0359704982
 -27.2925861781   0.0000000003   0.0364836588
 -26.8998870964   0.0000000003   0.0370116083
 -26.5071880147   0.0000000003   0.0375549925
 -26.1144889330   0.0000000004   0.0381144951
 -25.7217898513   0.0000000004   0.0386908408
 -25.3290907696   0.0000000004   0.0392847980
 -24.9363916879   0.0000000004   0.0398971823
 -24.5436926062   0.0000000004   0.0405288604
 -24.1509935245   0.0000000004   0.0411807536
 -23.7582944428   0.0000000004   0.0418538427
 -23.3655953611   0.0000000004   0.0425491728
 -22.9728962794   0.0000000005   0.0432678580
 -22.5801971977   0.0000000005   0.0440110881
 -22.1874981160   0.0000000005   0.0447801342
 -21.7947990343   0.0000000005   0.0455763564
 -21.4020999526   0.0000000005   0.0464012113
 -21.0094008709   0.0000000005   0.0472562609
 -20.6167017892   0.0000000006   0.0481431819
 -20.2240027075   0.0000000006   0.0490637766
 -19.8313036258   0.0000000006   0.0500199850
 -19.4386045441   0.0000000006   0.0510138974
 -19.0459054624   0.0000000006   0.0520477700
 -18.6532063807   0.0000000007   0.0531240409
 -18.2605072990   0.0000000007   0.0542453489
 -17.8678082173   0.0000000007   0.0554145544
 -17.4751091356   0.0000000008   0.0566347628
 -17.0824100539   0.0000000008   0.0579093514
 -16.6897109722   0.0000000008   0.0592419990
 -16.2970118905   0.0000000009   0.0606367201
 -15.9043128088   0.0000000009   0.0620979042
 -15.5116137271   0.0000000010   0.0636303593
 -15.1189146454   0.0000000010   0.0652393629
 -14.7262155637   0.0000000011   0.0669307196
 -14.3335164820   0.0000000011   0.0687108283
 -13.9408174003   0.0000000012   0.0705867587
 -13.5481183186   0.0000000012   0.0725663401
 -13.1554192369   0.0000000013   0.0746582654
 -12.7627201552   0.0000000014   0.0768722107
 -12.3700210735   0.0000000015   0.0792189766
 -11.9773219918   0.0000000016   0.0817106532
 -11.5846229101   0.0000000017   0.0843608150
 -11.1919238284   0.0000000018   0.0871847511
 -10.7992247467   0.0000000019   0.0901997393
 -10.4065256650   0.0000000020   0.0934253733
 -10.0138265833   0.0000000021   0.0968839550
  -9.6211275016   0.0000000023   0.1006009677
  -9.2284284199   0.0000000025   0.1046056504
  -8.8357293382   0.0000000027   0.1089316974
  -8.4430302565   0.0000000029   0.1136181172
  -8.0503311748   0.0000000031   0.1187102936
  -7.6576320931   0.0000000034   0.1242613050
  -7.2649330114   0.0000000037   0.1303335799
  -6.8722339297   0.0000000040   0.1370009894
  -6.4795348480   0.0000000044   0.1443515212
  -6.0868357663   0.0000000048   0.1524907345
  -5.6941366846   0.0000000053   0.1615462833
  -5.3014376029   0.0000000058   0.1716739371
  -4.9087385212   0.0000000065   0.1830657558
  -4.5160394395   0.0000000071   0.1959614750
  -4.1233403578   0.0000000079   0.2106648803
  -3.7306412761   0.0000000088   0.2275683411
  -3.3379421944   0.0000000097   0.2471914841
  -2.9452431127   0.0000000107   0.2702459862
  -2.5525440310   0.0000000117   0.2977519003
  -2.1598449493   0.0000000126   0.3312625244
  -1.7671458676   0.0000000133   0.3733326579
  -1.3744467859   0.0000000135   0.4285652556
  -0.9817477042   0.0000000134   0.5060990809
  -0.5890486225   0.0000000131   0.6257031784
  -0.1963495408   0.0000000131   0.8312697186
   0.1963495408   0.0000000131  -0.8312697187
   0.5890486225   0.0000000131  -0.6257031784
   0.9817477042   0.0000000134  -0.5060990809
   1.3744467859   0.0000000135  -0.4285652556
   1.7671458676   0.0000000133  -0.3733326579
   2.1598449493   0.0000000126  -0.3312625244
   2.5525440310   0.0000000117  -0.2977519003
   2.9452431127   0.0000000107  -0.2702459862
   3.3379421944   0.0000000097  -0.2471914841
   3.7306412761   0.0000000088  -0.2275683411
   4.1233403578   0.0000000079  -0.2106648803
   4.5160394395   0.0000000071  -0.1959614750
   4.9087385212   0.0000000065  -0.1830657558
   5.3014376029   0.0000000058  -0.1716739371
   5.6941366846   0.0000000053  -0.1615462833
   6.0868357663   0.0000000048  -0.1524907345
   6.4795348480   0.0000000044  -0.1443515212
   6.8722339297   0.0000000040  -0.1370009894
   7.2649330114   0.0000000037  -0.1303335799
   7.6576320931   0.0000000034  -0.1242613050
   8.0503311748   0.0000000031  -0.1187102936
   8.4430302565   0.0000000029  -0.1136181172
   8.8357293382   0.0000000027  -0.1089316974
   9.2284284199   0.0000000025  -0.1046056504
   9.6211275016   0.0000000023  -0.1006009677
  10.0138265833   0.0000000021  -0.0968839550
  10.4065256650   0.0000000020  -0.0934253733
  10.7992247467   0.0000000019  -0.0901997393
  11.1919238284   0.0000000018  -0.0871847511
  11.5846229101   0.0000000017  -0.0843608150
  11.9773219918   0.0000000016  -0.0817106532
  12.3700210735   0.0000000015  -0.0792189766
  12.7627201552   0.0000000014  -0.0768722107
  13.1554192369   0.0000000013  -0.0746582654
  13.5481183186   0.0000000012  -0.0725663401
  13.9408174003   0.0000000012  -0.0705867587
  14.3335164820   0.0000000011  -0.0687108283
  14.7262155637   0.0000000011  -0.0669307196
  15.1189146454   0.0000000010  -0.0652393629
  15.5116137271   0.0000000010  -0.0636303593
  15.9043128088   0.0000000009  -0.0620979042
  16.2970118905   0.0000000009  -0.0606367201
  16.6897109722   0.0000000008  -0.0592419990
  17.0824100539   0.0000000008  -0.0579093514
  17.4751091356   0.0000000008  -0.0566347628
  17.8678082173   0.0000000007  -0.0554145544
  18.2605072990   0.0000000007  -0.0542453489
  18.6532063807   0.0000000007  -0.0531240409
  19.0459054624   0.0000000006  -0.0520477700
  19.4386045441   0.0000000006  -0.0510138974
  19.8313036258   0.0000000006  -0.0500199850
  20.2240027075   0.0000000006  -0.0490637766
  20.6167017892   0.0000000006  -0.0481431819
  21.0094008709   0.0000000005  -0.0472562609
  21.4020999526   0.0000000005  -0.0464012113
  21.7947990343   0.0000000005  -0.0455763564
  22.1874981160   0.0000000005  -0.0447801342
  22.5801971977   0.0000000005  -0.0440110881
  22.9728962794   0.0000000005  -0.0432678580
  23.3655953611   0.0000000004  -0.0425491728
  23.7582944428   0.0000000004  -0.0418538427
  24.1509935245   0.0000000004  -0.0411807536
  24.5436926062   0.0000000004  -0.0405288604
  24.9363916879   0.0000000004  -0.0398971823
  25.3290907696   0.0000000004  -0.0392847980
  25.7217898513   0.0000000004  -0.0386908408
  26.1144889330   0.0000000004  -0.0381144951
  26.5071880147   0.0000000003  -0.0375549925
  26.8998870964   0.0000000003  -0.0370116083
  27.2925861781   0.0000000003  -0.0364836588
  27.6852852598   0.0000000003  -0.0359704982
  28.0779843415   0.0000000003  -0.0354715162
  28.4706834232   0.0000000003  -0.0349861354
  28.8633825049   0.0000000003  -0.0345138092
  29.2560815866   0.0000000003  -0.0340540198
  29.6487806683   0.0000000003  -0.0336062764
  30.0414797500   0.0000000003  -0.0331701134
  30.4341788317   0.0000000003  -0.0327450886
  30.8268779133   0.0000000003  -0.0323307823
  31.2195769950   0.0000000002  -0.0319267953
  31.6122760767   0.0000000002  -0.0315327481
  32.0049751584   0.0000000002  -0.0311482793
  32.3976742401   0.0000000002  -0.0307730450
  32.7903733218   0.0000000002  -0.0304067173
  33.1830724035   0.0000000002  -0.0300489838
  33.5757714852   0.0000000002  -0.0296995464
  33.9684705669   0.0000000002  -0.0293581205
  34.3611696486   0.0000000002  -0.0290244346
  34.7538687303   0.0000000002  -0.0286982290
  35.1465678120   0.0000000002  -0.0283792557
  35.5392668937   0.0000000002  -0.0280672773
  35.9319659754   0.0000000002  -0.0277620668
  36.3246650571   0.0000000002  -0.0274634070
  36.7173641388   0.0000000002  -0.0271710895
  37.1100632205   0.0000000002  -0.0268849151
  37.5027623022   0.0000000002  -0.0266046924
  37.8954613839   0.0000000002  -0.0263302382
  38.2881604656   0.0000000002  -0.0260613764
  38.6808595473   0.0000000002  -0.0257979383
  39.0735586290   0.0000000002  -0.0255397618
  39.4662577107   0.0000000002  -0.0252866909
  39.8589567924   0.0000000002  -0.0250385762
  40.2516558741   0.0000000001  -0.0247952737
  40.6443549558   0.0000000001  -0.0245566450
  41.0370540375   0.0000000001  -0.0243225570
  41.4297531192   0.0000000001  -0.0240928815
  41.8224522009   0.0000000001  -0.0238674952
  42.2151512826   0.0000000001  -0.0236462792
  42.6078503643   0.0000000001  -0.0234291190
  43.0005494460   0.0000000001  -0.0232159044
  43.3932485277   0.0000000001  -0.0230065289
  43.7859476094   0.0000000001  -0.0228008899
  44.1786466911   0.0000000001  -0.0225988885
  44.5713457728   0.0000000001  -0.0224004291
  44.9640448545   0.0000000001  -0.0222054196
  45.3567439362   0.0000000001  -0.0220137709
  45.7494430179   0.0000000001  -0.0218253970
  46.1421420996   0.0000000001  -0.0216402147
  46.5348411813   0.0000000001  -0.0214581439
  46.9275402630   0.0000000001  -0.0212791068
  47.3202393447   0.0000000001  -0.0211030283
  47.7129384264   0.0000000001  -0.0209298358
  48.1056375081   0.0000000001  -0.0207594590
  48.4983365898   0.0000000001  -0.0205918300
  48.8910356715   0.0000000001  -0.0204268828
  49.2837347532   0.0000000001  -0.0202645537
  49.6764338349   0.0000000001  -0.0201047809
  50.0691329166   0.0000000001  -0.0199475046
  50.4618319983   0.0000000001  -0.0197926668
  50.8545310800   0.0000000001  -0.0196402114
  51.2472301617   0.0000000001  -0.0194900837
  51.6399292434   0.0000000001  -0.0193422310
  52.0326283251   0.0000000001  -0.0191966020
  52.4253274068   0.0000000001  -0.0190531469
  52.8180264885   0.0000000001  -0.0189118176
  53.2107255702   0.0000000001  -0.0187725671
  53.6034246519   0.0000000001  -0.0186353500
  53.9961237336   0.0000000001  -0.0185001221
  54.3888228153   0.0000000001  -0.0183668405
  54.7815218970   0.0000000001  -0.0182354636
  55.1742209787   0.0000000001  -0.0181059508
  55.5669200604   0.0000000001  -0.0179782628
  55.9596191421   0.0000000001  -0.0178523613
  56.3523182238   0.0000000001  -0.0177282091
  56.7450173055   0.0000000001  -0.0176057701
  57.1377163872   0.0000000001  -0.0174850091
  57.5304154689   0.0000000001  -0.0173658918
  57.9231145506   0.0000000001  -0.0172483850
  58.3158136323   0.0000000001  -0.0171324563
  58.7085127140   0.0000000001  -0.0170180740
  59.1012117957   0.0000000001  -0.0169052075
  59.4939108774   0.0000000001  -0.0167938269
  59.8866099591   0.0000000001  -0.0166839030
  60.2793090408   0.0000000001  -0.0165754076
  60.6720081225   0.0000000001  -0.0164683128
  61.0647072042   0.0000000001  -0.0163625920
  61.4574062859   0.0000000001  -0.0162582186
  61.8501053675   0.0000000001  -0.0161551673
  62.2428044492   0.0000000001  -0.0160534130
  62.6355035309   0.0000000001  -0.0159529315
  63.0282026126   0.0000000001  -0.0158536990
  63.4209016943   0.0000000001  -0.0157556924
  63.8136007760   0.0000000001  -0.0156588891
  64.2062998577   0.0000000001  -0.0155632672
  64.5989989394   0.0000000001  -0.0154688052
  64.9916980211   0.0000000001  -0.0153754820
  65.3843971028   0.0000000001  -0.0152832773
  65.7770961845   0.0000000001  -0.0151921710
  66.1697952662   0.0000000001  -0.0151021437
  66.5624943479   0.0000000001  -0.0150131764
  66.9551934296   0.0000000001  -0.0149252503
  67.3478925113   0.0000000001  -0.0148383475
  67.7405915930   0.0000000001  -0.0147524501
  68.1332906747   0.0000000001  -0.0146675407
  68.5259897564   0.0000000001  -0.0145836025
  68.9186888381   0.0000000001  -0.0145006189
  69.3113879198   0.0000000001  -0.0144185738
  69.7040870015   0.0000000001  -0.0143374512
  70.0967860832   0.0000000000  -0.0142572357
  70.4894851649   0.0000000000  -0.0141779123
  70.8821842466   0.0000000000  -0.0140994661
  71.2748833283   0.0000000000  -0.0140218826
  71.6675824100   0.0000000000  -0.0139451477
  72.0602814917   0.0000000000  -0.0138692477
  72.4529805734   0.0000000000  -0.0137941688
  72.8456796551   0.0000000000  -0.0137198980
  73.2383787368   0.0000000000  -0.0136464222
  73.6310778185   0.0000000000  -0.0135737287
  74.0237769002   0.0000000000  -0.0135018051
  74.4164759819   0.0000000000  -0.0134306392
  74.8091750636   0.0000000000  -0.0133602192
  75.2018741453   0.0000000000  -0.0132905334
  75.5945732270   0.0000000000  -0.0132215704
  75.9872723087   0.0000000000  -0.0131533190
  76.3799713904   0.0000000000  -0.0130857681
  76.7726704721   0.0000000000  -0.0130189073
  77.1653695538   0.0000000000  -0.0129527258
  77.5580686355   0.0000000000  -0.0128872134
  77.9507677172   0.0000000000  -0.0128223600
  78.3434667989   0.0000000000  -0.0127581558
  78.7361658806   0.0000000000  -0.0126945910
  79.1288649623   0.0000000000  -0.0126316561
  79.5215640440   0.0000000000  -0.0125693418
  79.9142631257   0.0000000000  -0.0125076391
  80.3069622074   0.0000000000  -0.0124465388
  80.6996612891   0.0000000000  -0.0123860324
  81.0923603708   0.0000000000  -0.0123261110
  81.4850594525   0.0000000000  -0.0122667664
  81.8777585342   0.0000000000  -0.0122079902
  82.2704576159   0.0000000000  -0.0121497743
  82.6631566976   0.0000000000  -0.0120921108
  83.0558557793   0.0000000000  -0.0120349917
  83.4485548610   0.0000000000  -0.0119784095
  83.8412539427   0.0000000000  -0.0119223566
  84.2339530244   0.0000000000  -0.0118668256
  84.6266521061   0.0000000000  -0.0118118093
  85.0193511878   0.0000000000  -0.0117573005
  85.4120502695   0.0000000000  -0.0117032923
  85.8047493512   0.0000000000  -0.0116497778
  86.1974484329   0.0000000000  -0.0115967502
  86.5901475146   0.0000000000  -0.0115442030
  86.9828465963   0.0000000000  -0.0114921297
  87.3755456780   0.0000000000  -0.0114405238
  87.7682447597   0.0000000000  -0.0113893792
  88.1609438414   0.0000000000  -0.0113386896
  88.5536429231   0.0000000000  -0.0112884490
  88.9463420048   0.0000000000  -0.0112386515
  89.3390410865   0.0000000000  -0.0111892912
  89.7317401682   0.0000000000  -0.0111403625
  90.1244392499   0.0000000000  -0.0110918596
  90.5171383316   0.0000000000  -0.0110437771
  90.9098374133   0.0000000000  -0.0109961095
  91.3025364950   0.0000000000  -0.0109488515
  91.6952355767   0.0000000000  -0.0109019977
  92.0879346584   0.0000000000  -0.0108555432
  92.4806337400   0.0000000000  -0.0108094827
  92.8733328217   0.0000000000  -0.0107638112
  93.2660319034   0.0000000000  -0.0107185240
  93.6587309851   0.0000000000  -0.0106736160
  94.0514300668   0.0000000000  -0.0106290827
  94.4441291485   0.0000000000  -0.0105849193
  94.8368282302   0.0000000000  -0.0105411213
  95.2295273119   0.0000000000  -0.0104976841
  95.6222263936   0.0000000000  -0.0104546033
  96.0149254753   0.0000000000  -0.0104118745
  96.4076245570   0.0000000000  -0.0103694934
  96.8003236387   0.0000000000  -0.0103274559
  97.1930227204   0.0000000000  -0.0102857577
  97.5857218021   0.0000000000  -0.0102443947
  97.9784208838   0.0000000000  -0.0102033630
  98.3711199655   0.0000000000  -0.0101626586
  98.7638190472   0.0000000000  -0.0101222775
  99.1565181289   0.0000000000  -0.0100822159
  99.5492172106   0.0000000000  -0.0100424701
  99.9419162923   0.0000000000  -0.0100030364
 100.3346153740   0.0000000000  -0.0099639110
 100.7273144557   0.0000000000  -0.0099250904
 101.1200135374   0.0000000000  -0.0098865711
 101.5127126191   0.0000000000  -0.0098483495
 101.9054117008   0.0000000000  -0.0098104221
 102.2981107825   0.0000000000  -0.0097727857
 102.6908098642   0.0000000000  -0.0097354369
 103.0835089459   0.0000000000  -0.0096983724
 103.4762080276   0.0000000000  -0.0096615890
 103.8689071093   0.0000000000  -0.0096250834
 104.2616061910   0.0000000000  -0.0095888526
 104.6543052727   0.0000000000  -0.0095528934
 105.0470043544   0.0000000000  -0.0095172029
 105.4397034361   0.0000000000  -0.0094817780
 105.8324025178   0.0000000000  -0.0094466157
 106.2251015995   0.0000000000  -0.0094117132
 106.6178006812   0.0000000000  -0.0093770676
 107.0104997629   0.0000000000  -0.0093426761
 107.4031988446   0.0000000000  -0.0093085358
 107.7958979263   0.0000000000  -0.0092746441
 108.1885970080   0.0000000000  -0.0092409982
 108.5812960897   0.0000000000  -0.0092075955
 108.9739951714   0.0000000000  -0.0091744333
 109.3666942531   0.0000000000  -0.0091415091
 109.7593933348   0.0000000000  -0.0091088202
 110.1520924165   0.0000000000  -0.0090763643
 110.5447914982   0.0000000000  -0.0090441388
 110.9374905799   0.0000000000  -0.0090121412
 111.3301896616   0.0000000000  -0.0089803692
 111.7228887433   0.0000000000  -0.0089488204
 112.1155878250   0.0000000000  -0.0089174924
 112.5082869067   0.0000000000  -0.0088863829
 112.9009859884   0.0000000000  -0.0088554897
 113.2936850701   0.0000000000  -0.0088248105
 113.6863841518   0.0000000000  -0.0087943431
 114.0790832335   0.0000000000  -0.0087640853
 114.4717823152   0.0000000000  -0.0087340349
 114.8644813969   0.0000000000  -0.0087041898
 115.2571804786   0.0000000000  -0.0086745480
 115.6498795603   0.0000000000  -0.0086451073
 116.0425786420   0.0000000000  -0.0086158658
 116.4352777237   0.0000000000  -0.0085868213
 116.8279768054   0.0000000000  -0.0085579720
 117.2206758871   0.0000000000  -0.0085293158
 117.6133749688   0.0000000000  -0.0085008508
 118.0060740505   0.0000000000  -0.0084725752
 118.3987731322   0.0000000000  -0.0084444870
 118.7914722139   0.0000000000  -0.0084165844
 119.1841712956   0.0000000000  -0.0083888655
 119.5768703773   0.0000000000  -0.0083613286
 119.9695694590   0.0000000000  -0.0083339718
 120.3622685407   0.0000000000  -0.0083067934
 120.7549676224   0.0000000000  -0.0082797917
 121.1476667041   0.0000000000  -0.0082529649
 121.5403657858   0.0000000000  -0.0082263113
 121.9330648675   0.0000000000  -0.0081998293
 122.3257639492   0.0000000000  -0.0081735172
 122.7184630309   0.0000000000  -0.0081473735
 123.1111621125   0.0000000000  -0.0081213964
 123.5038611942   0.0000000000  -0.0080955843
 123.8965602759   0.0000000000  -0.0080699359
 124.2892593576   0.0000000000  -0.0080444493
 124.6819584393   0.0000000000  -0.0080191233
 125.0746575210   0.0000000000  -0.0079939561
 125.4673566027   0.0000000000  -0.0079689464
 125.8600556844   0.0000000000  -0.0079440927
 126.2527547661   0.0000000000  -0.0079193935
 126.6454538478   0.0000000000  -0.0078948474
 127.0381529295   0.0000000000  -0.0078704529
 127.4308520112   0.0000000000  -0.0078462087
 127.8235510929   0.0000000000  -0.0078221134
 128.2162501746   0.0000000000  -0.0077981656
 128.6089492563   0.0000000000  -0.0077743640
 129.0016483380   0.0000000000  -0.0077507071
 129.3943474197   0.0000000000  -0.0077271938
 129.7870465014   0.0000000000  -0.0077038227
 130.1797455831   0.0000000000  -0.0076805925
 130.5724446648   0.0000000000  -0.0076575020
 130.9651437465   0.0000000000  -0.0076345499
 131.3578428282   0.0000000000  -0.0076117349
 131.7505419099   0.0000000000  -0.0075890558
 132.1432409916   0.0000000000  -0.0075665115
 132.5359400733   0.0000000000  -0.0075441007
 132.9286391550   0.0000000000  -0.0075218222
 133.3213382367   0.0000000000  -0.0074996749
 133.7140373184   0.0000000000  -0.0074776576
 134.1067364001   0.0000000000  -0.0074557692
 134.4994354818   0.0000000000  -0.0074340086
 134.8921345635   0.0000000000  -0.0074123745
 135.2848336452   0.0000000000  -0.0073908660
 135.6775327269   0.0000000000  -0.0073694820
 136.0702318086   0.0000000000  -0.0073482213
 136.4629308903   0.0000000000  -0.0073270829
 136.8556299720   0.0000000000  -0.0073060658
 137.2483290537   0.0000000000  -0.0072851688
 137.6410281354   0.0000000000  -0.0072643911
 138.0337272171   0.0000000000  -0.0072437315
 138.4264262988   0.0000000000  -0.0072231890
 138.8191253805   0.0000000000  -0.0072027628
 139.2118244622   0.0000000000  -0.0071824517
 139.6045235439   0.0000000000  -0.0071622548
 139.9972226256   0.0000000000  -0.0071421712
 140.3899217073   0.0000000000  -0.0071221999
 140.7826207890   0.0000000000  -0.0071023399
 141.1753198707   0.0000000000  -0.0070825904
 141.5680189524   0.0000000000  -0.0070629504
 141.9607180341   0.0000000000  -0.0070434190
 142.3534171158   0.0000000000  -0.0070239953
 142.7461161975   0.0000000000  -0.0070046784
 143.1388152792   0.0000000000  -0.0069854675
 143.5315143609   0.0000000000  -0.0069663616
 143.9242134426   0.0000000000  -0.0069473600
 144.3169125243   0.0000000000  -0.0069284617
 144.7096116060   0.0000000000  -0.0069096659
 145.1023106877   0.0000000000  -0.0068909718
 145.4950097694   0.0000000000  -0.0068723786
 145.8877088511   0.0000000000  -0.0068538855
 146.2804079328   0.0000000000  -0.0068354916
 146.6731070145   0.0000000000  -0.0068171961
 147.0658060962   0.0000000000  -0.0067989983
 147.4585051779   0.0000000000  -0.0067808974
 147.8512042596   0.0000000000  -0.0067628926
 148.2439033413   0.0000000000  -0.0067449831
 148.6366024230   0.0000000000  -0.0067271683
 149.0293015047   0.0000000000  -0.0067094473
 149.4220005864   0.0000000000  -0.0066918194
 149.8146996681   0.0000000000  -0.0066742838
 150.2073987498   0.0000000000  -0.0066568399
 150.6000978315   0.0000000000  -0.0066394870
 150.9927969132   0.0000000000  -0.0066222243
 151.3854959949   0.0000000000  -0.0066050511
 151.7781950766   0.0000000000  -0.0065879667
 152.1708941583   0.0000000000  -0.0065709705
 152.5635932400   0.0000000000  -0.0065540617
 152.9562923217   0.0000000000  -0.0065372397
 153.3489914034   0.0000000000  -0.0065205038
 153.7416904851   0.0000000000  -0.0065038534
 154.1343895667   0.0000000000  -0.0064872878
 154.5270886484   0.0000000000  -0.0064708064
 154.9197877301   0.0000000000  -0.0064544085
 155.3124868118   0.0000000000  -0.0064380935
 155.7051858935   0.0000000000  -0.0064218607
 156.0978849752   0.0000000000  -0.0064057096
 156.4905840569   0.0000000000  -0.0063896395
 156.8832831386   0.0000000000  -0.0063736499
 157.2759822203   0.0000000000  -0.0063577400
 157.6686813020   0.0000000000  -0.0063419094
 158.0613803837   0.0000000000  -0.0063261574
 158.4540794654   0.0000000000  -0.0063104835
 158.8467785471   0.0000000000  -0.0062948870
 159.2394776288   0.0000000000  -0.0062793674
 159.6321767105   0.0000000000  -0.0062639241
 160.0248757922   0.0000000000  -0.0062485567
 160.4175748739   0.0000000000  -0.0062332644
 160.8102739556   0.0000000000  -0.0062180468
 161.2029730373   0.0000000000  -0.0062029033
 161.5956721190   0.0000000000  -0.0061878333
 161.9883712007   0.0000000000  -0.0061728365
 162.3810702824   0.0000000000  -0.0061579121
 162.7737693641   0.0000000000  -0.0061430597
 163.1664684458   0.0000000000  -0.0061282788
 163.5591675275   0.0000000000  -0.0061135688
 163.9518666092   0.0000000000  -0.0060989293
 164.3445656909   0.0000000000  -0.0060843597
 164.7372647726   0.0000000000  -0.0060698595
 165.1299638543   0.0000000000  -0.0060554283
 165.5226629360   0.0000000000  -0.0060410655
 165.9153620177   0.0000000000  -0.0060267708
 166.3080610994   0.0000000000  -0.0060125434
 166.7007601811   0.0000000000  -0.0059983831
 167.0934592628   0.0000000000  -0.0059842894
 167.4861583445   0.0000000000  -0.0059702617
 167.8788574262   0.0000000000  -0.0059562996
 168.2715565079   0.0000000000  -0.0059424026
 168.6642555896   0.0000000000  -0.0059285704
 169.0569546713   0.0000000000  -0.0059148024
 169.4496537530   0.0000000000  -0.0059010982
 169.8423528347   0.0000000000  -0.0058874573
 170.2350519164   0.0000000000  -0.0058738793
 170.6277509981   0.0000000000  -0.0058603639
 171.0204500798   0.0000000000  -0.0058469104
 171.4131491615   0.0000000000  -0.0058335186
 171.8058482432   0.0000000000  -0.0058201880
 172.1985473249   0.0000000000  -0.0058069182
 172.5912464066   0.0000000000  -0.0057937087
 172.9839454883   0.0000000000  -0.0057805592
 173.3766445700   0.0000000000  -0.0057674693
 173.7693436517   0.0000000000  -0.0057544385
 174.1620427334   0.0000000000  -0.0057414664
 174.5547418151   0.0000000000  -0.0057285527
 174.9474408968   0.0000000000  -0.0057156970
 175.3401399785   0.0000000000  -0.0057028988
 175.7328390602   0.0000000000  -0.0056901578
 176.1255381419   0.0000000000  -0.0056774736
 176.5182372236   0.0000000000  -0.0056648458
 176.9109363053   0.0000000000  -0.0056522740
 177.3036353870   0.0000000000  -0.0056397580
 177.6963344687   0.0000000000  -0.0056272972
 178.0890335504   0.0000000000  -0.0056148914
 178.4817326321   0.0000000000  -0.0056025401
 178.8744317138   0.0000000000  -0.0055902431
 179.2671307955   0.0000000000  -0.0055779999
 179.6598298772   0.0000000000  -0.0055658102
 180.0525289589   0.0000000000  -0.0055536737
 180.4452280406   0.0000000000  -0.0055415900
 180.8379271223   0.0000000000  -0.0055295588
 181.2306262040   0.0000000000  -0.0055175797
 181.6233252857   0.0000000000  -0.0055056523
 182.0160243674   0.0000000000  -0.0054937765
 182.4087234491   0.0000000000  -0.0054819517
 182.8014225308   0.0000000000  -0.0054701778
 183.1941216125   0.0000000000  -0.0054584543
 183.5868206942   0.0000000000  -0.0054467809
 183.9795197759   0.0000000000  -0.0054351574
 184.3722188576   0.0000000000  -0.0054235833
 184.7649179392   0.0000000000  -0.0054120585
 185.1576170209   0.0000000000  -0.0054005825
 185.5503161026   0.0000000000  -0.0053891551
 185.9430151843   0.0000000000  -0.0053777759
 186.3357142660   0.0000000000  -0.0053664447
 186.7284133477   0.0000000000  -0.0053551611
 187.1211124294   0.0000000000  -0.0053439249
 187.5138115111   0.0000000000  -0.0053327358
 187.9065105928   0.0000000000  -0.0053215934
 188.2992096745   0.0000000000  -0.0053104974
 188.6919087562   0.0000000000  -0.0052994476
 189.0846078379   0.0000000000  -0.0052884438
 189.4773069196   0.0000000000  -0.0052774855
 189.8700060013   0.0000000000  -0.0052665725
 190.2627050830   0.0000000000  -0.0052557046
 190.6554041647   0.0000000000  -0.0052448814
 191.0481032464   0.0000000000  -0.0052341027
 191.4408023281   0.0000000000  -0.0052233682
 191.8335014098   0.0000000000  -0.0052126777
 192.2262004915   0.0000000000  -0.0052020308
 192.6188995732   0.0000000000  -0.0051914274
 193.0115986549   0.0000000000  -0.0051808670
 193.4042977366   0.0000000000  -0.0051703496
 193.7969968183   0.0000000000  -0.0051598747
 194.1896959000   0.0000000000  -0.0051494422
 194.5823949817   0.0000000000  -0.0051390519
 194.9750940634   0.0000000000  -0.0051287033
 195.3677931451   0.0000000000  -0.0051183964
 195.7604922268   0.0000000000  -0.0051081308
 196.1531913085   0.0000000000  -0.0050979062
 196.5458903902   0.0000000000  -0.0050877226
 196.9385894719   0.0000000000  -0.0050775795
 197.3312885536   0.0000000000  -0.0050674768
 197.7239876353   0.0000000000  -0.0050574142
 198.1166867170   0.0000000000  -0.0050473915
 198.5093857987   0.0000000000  -0.0050374085
 198.9020848804   0.0000000000  -0.0050274648
 199.2947839621   0.0000000000  -0.0050175604
 199.6874830438   0.0000000000  -0.0050076948
 200.0801821255   0.0000000000  -0.0049978680
 200.4728812072   0.0000000000  -0.0049880797
 200.8655802889   0.0000000000  -0.0049783297
