   0.0000000000  -0.3717899368
   0.0250000000  -0.3714668900
   0.0500000000  -0.3732094960
   0.0750000000  -0.3714156954
   0.1000000000  -0.3730689671
   0.1250000000  -0.3711198641
   0.1500000000  -0.3725076260
   0.1750000000  -0.3701823270
   0.2000000000  -0.3710446629
   0.2250000000  -0.3680618736
   0.2500000000  -0.3681000387
   0.2750000000  -0.3641677033
   0.3000000000  -0.3630956467
   0.3250000000  -0.3579622501
   0.3500000000  -0.3555558109
   0.3750000000  -0.3490546352
   0.4000000000  -0.3451902923
   0.4250000000  -0.3372696505
   0.4500000000  -0.3319470998
   0.4750000000  -0.3226825916
   0.5000000000  -0.3160287812
   0.5250000000  -0.3056171516
   0.5500000000  -0.2978728883
   0.5750000000  -0.2866102830
   0.6000000000  -0.2781033375
   0.6250000000  -0.2663529754
   0.6500000000  -0.2574632479
   0.6750000000  -0.2456184559
   0.7000000000  -0.2367410951
   0.7250000000  -0.2251893386
   0.7500000000  -0.2167009322
   0.7750000000  -0.2057932589
   0.8000000000  -0.1980247520
   0.8250000000  -0.1880533963
   0.8500000000  -0.1812716778
   0.8750000000  -0.1724568629
   0.9000000000  -0.1668553680
   0.9250000000  -0.1593408966
   0.9500000000  -0.1550383244
   0.9750000000  -0.1488945268
   1.0000000000  -0.1459399738
   1.0250000000  -0.1411720108
   1.0500000000  -0.1395544533
   1.0750000000  -0.1361138199
   1.1000000000  -0.1357738833
   1.1250000000  -0.1335711228
   1.1500000000  -0.1344133470
   1.1750000000  -0.1333303752
   1.2000000000  -0.1352346264
   1.2250000000  -0.1351355684
   1.2500000000  -0.1379667646
   1.2750000000  -0.1387067378
   1.3000000000  -0.1423225508
   1.3250000000  -0.1437543015
   1.3500000000  -0.1480109140
   1.3750000000  -0.1499895677
   1.4000000000  -0.1547458372
   1.4250000000  -0.1571322267
   1.4500000000  -0.1622527304
   1.4750000000  -0.1649158049
   1.5000000000  -0.1702732144
   1.5250000000  -0.1730919525
   1.5500000000  -0.1785690627
   1.5750000000  -0.1814341464
   1.6000000000  -0.1869257090
   1.6250000000  -0.1897410395
   1.6500000000  -0.1951553913
   1.6750000000  -0.1978393807
   1.7000000000  -0.2030997462
   1.7250000000  -0.2055862390
   1.7500000000  -0.2106315484
   1.7750000000  -0.2128702190
   1.8000000000  -0.2176553073
   1.8250000000  -0.2196114293
   1.8500000000  -0.2241065541
   1.8750000000  -0.2257601177
   1.9000000000  -0.2299498207
   1.9250000000  -0.2312940607
   1.9500000000  -0.2351754776
   1.9750000000  -0.2362149438
   2.0000000000  -0.2397957222
   2.0250000000  -0.2405440645
   2.0500000000  -0.2438400735
   2.0750000000  -0.2443177227
   2.1000000000  -0.2473507340
   2.1250000000  -0.2475826442
   2.1500000000  -0.2503781388
   2.1750000000  -0.2503917244
   2.2000000000  -0.2529769384
   2.2250000000  -0.2528002982
   2.2500000000  -0.2552025837
   2.2750000000  -0.2548630636
   2.3000000000  -0.2571085985
   2.3250000000  -0.2566317096
   2.3500000000  -0.2587445595
   2.3750000000  -0.2581532393
   2.4000000000  -0.2601547503
   2.4250000000  -0.2594689364
   2.4500000000  -0.2613774214
   2.4750000000  -0.2606138920
   2.5000000000  -0.2624445638
   2.5250000000  -0.2616169980
   2.5500000000  -0.2633820990
   2.5750000000  -0.2625013036
   2.6000000000  -0.2642103816
   2.6250000000  -0.2632846359
   2.6500000000  -0.2649449199
   2.6750000000  -0.2639803941
   2.7000000000  -0.2655972258
   2.7250000000  -0.2645984330
   2.7500000000  -0.2661757180
   2.7750000000  -0.2651459655
   2.8000000000  -0.2666866126
   2.8250000000  -0.2656284257
   2.8500000000  -0.2671347489
   2.8750000000  -0.2660502450
   2.9000000000  -0.2675243094
   2.9250000000  -0.2664155077
   2.9500000000  -0.2678594061
   2.9750000000  -0.2667284631
   3.0000000000  -0.2681445168
   3.0250000000  -0.2669938843
   3.0500000000  -0.2683847663
   3.0750000000  -0.2672172738
   3.1000000000  -0.2685860584
   3.1250000000  -0.2674049248
   3.1500000000  -0.2687550709
   3.1750000000  -0.2675638581
   3.2000000000  -0.2688991375
   3.2250000000  -0.2677016546
   3.2500000000  -0.2690260395
   3.2750000000  -0.2678262149
   3.3000000000  -0.2691437367
   3.3250000000  -0.2679454700
   3.3500000000  -0.2692600659
   3.3750000000  -0.2680670744
   3.4000000000  -0.2693824329
   3.4250000000  -0.2681981045
   3.4500000000  -0.2695175226
   3.4750000000  -0.2683447849
   3.5000000000  -0.2696710446
   3.5250000000  -0.2685122585
   3.5500000000  -0.2698475314
   3.5750000000  -0.2687044137
   3.6000000000  -0.2700501956
   3.6250000000  -0.2689237738
   3.6500000000  -0.2702808529
   3.6750000000  -0.2691714529
   3.7000000000  -0.2705399102
   3.7250000000  -0.2694471753
   3.7500000000  -0.2708264154
   3.7750000000  -0.2697493537
   3.8000000000  -0.2711381631
   3.8250000000  -0.2700752187
   3.8500000000  -0.2714718465
   3.8750000000  -0.2704209905
   3.9000000000  -0.2718232459
   3.9250000000  -0.2707820811
   3.9500000000  -0.2721874430
   3.9750000000  -0.2711533166
   4.0000000000  -0.2725590488
   4.0250000000  -0.2715291680
   4.0500000000  -0.2729324352
   4.0750000000  -0.2719039799
   4.1000000000  -0.2733019598
   4.1250000000  -0.2722721887
   4.1500000000  -0.2736621743
   4.1750000000  -0.2726285201
   4.2000000000  -0.2740080107
   4.2250000000  -0.2729681611
   4.2500000000  -0.2743349383
   4.2750000000  -0.2732869016
   4.3000000000  -0.2746390882
   4.3250000000  -0.2735812413
   4.3500000000  -0.2749173435
   4.3750000000  -0.2738484621
   4.4000000000  -0.2751673937
   4.4250000000  -0.2740866662
   4.4500000000  -0.2753877558
   4.4750000000  -0.2742947808
   4.5000000000  -0.2755777645
   4.5250000000  -0.2744725337
   4.5500000000  -0.2757375326
   4.5750000000  -0.2746204021
   4.6000000000  -0.2758678900
   4.6250000000  -0.2747395406
   4.6500000000  -0.2759703017
   4.6750000000  -0.2748316925
   4.7000000000  -0.2760467725
   4.7250000000  -0.2748990892
   4.7500000000  -0.2760997424
   4.7750000000  -0.2749443430
   4.8000000000  -0.2761319773
   4.8250000000  -0.2749703366
   4.8500000000  -0.2761464590
   4.8750000000  -0.2749801156
   4.9000000000  -0.2761462795
   4.9250000000  -0.2749767848
   4.9500000000  -0.2761345412
   4.9750000000  -0.2749634139
   5.0000000000  -0.2761142670
