   0.0000000000  -0.3717899369
   0.0250000000  -0.3718178262
   0.0500000000  -0.3700592486
   0.0750000000  -0.3717901618
   0.1000000000  -0.3699703474
   0.1250000000  -0.3715550207
   0.1500000000  -0.3694971604
   0.1750000000  -0.3707103678
   0.2000000000  -0.3681548264
   0.2250000000  -0.3687077961
   0.2500000000  -0.3653578066
   0.2750000000  -0.3649477900
   0.3000000000  -0.3605213360
   0.3250000000  -0.3588833694
   0.3500000000  -0.3531622888
   0.3750000000  -0.3501143721
   0.4000000000  -0.3429826154
   0.4250000000  -0.3384571890
   0.4500000000  -0.3299226186
   0.4750000000  -0.3239801955
   0.5000000000  -0.3141777041
   0.5250000000  -0.3070020426
   0.5500000000  -0.2961792450
   0.5750000000  -0.2880566932
   0.6000000000  -0.2765462442
   0.6250000000  -0.2678341599
   0.6500000000  -0.2560183469
   0.6750000000  -0.2471084852
   0.7000000000  -0.2353820380
   0.7250000000  -0.2266645432
   0.7500000000  -0.2154007906
   0.7750000000  -0.2072332592
   0.8000000000  -0.1967572678
   0.8250000000  -0.1894417097
   0.8500000000  -0.1800123012
   0.8750000000  -0.1737811299
   0.9000000000  -0.1655820631
   0.9250000000  -0.1605928004
   0.9500000000  -0.1537321507
   0.9750000000  -0.1500694965
   1.0000000000  -0.1445854641
   1.0250000000  -0.1422687978
   1.0500000000  -0.1381398187
   1.0750000000  -0.1371340245
   1.1000000000  -0.1342910713
   1.1250000000  -0.1345187245
   1.1500000000  -0.1328579742
   1.1750000000  -0.1342112984
   1.2000000000  -0.1336058007
   1.2250000000  -0.1359572926
   1.2500000000  -0.1362668044
   1.2750000000  -0.1394779446
   1.3000000000  -0.1405566090
   1.3250000000  -0.1444845422
   1.3500000000  -0.1461865141
   1.3750000000  -0.1506889353
   1.4000000000  -0.1528723381
   1.4250000000  -0.1578110188
   1.4500000000  -0.1603407385
   1.4750000000  -0.1655841761
   1.5000000000  -0.1683339735
   1.5250000000  -0.1737595637
   1.5500000000  -0.1766138534
   1.5750000000  -0.1821098266
   1.6000000000  -0.1849652927
   1.6250000000  -0.1904324817
   1.6500000000  -0.1931995295
   1.6750000000  -0.1985528940
   1.7000000000  -0.2011568212
   1.7250000000  -0.2063265753
   1.7500000000  -0.2087082996
   1.7750000000  -0.2136404868
   1.8000000000  -0.2157566908
   1.8250000000  -0.2204130974
   1.8500000000  -0.2222357203
   1.8750000000  -0.2265931049
   1.9000000000  -0.2281081969
   1.9250000000  -0.2321568995
   1.9500000000  -0.2333629368
   1.9750000000  -0.2371050009
   2.0000000000  -0.2380108159
   2.0250000000  -0.2414577988
   2.0500000000  -0.2420803041
   2.0750000000  -0.2452509596
   2.1000000000  -0.2456128450
   2.1250000000  -0.2485308497
   2.1500000000  -0.2486584020
   2.1750000000  -0.2513502607
   2.2000000000  -0.2512714232
   2.2250000000  -0.2537646508
   2.2500000000  -0.2535073955
   2.2750000000  -0.2558290313
   2.3000000000  -0.2554200789
   2.3250000000  -0.2575955524
   2.3500000000  -0.2570594429
   2.3750000000  -0.2591117836
   2.4000000000  -0.2584702769
   2.4250000000  -0.2604196373
   2.4500000000  -0.2596914060
   2.4750000000  -0.2615548580
   2.5000000000  -0.2607554252
   2.5250000000  -0.2625469800
   2.5500000000  -0.2616888527
   2.5750000000  -0.2634196548
   2.6000000000  -0.2625126023
   2.6250000000  -0.2641912486
   2.6500000000  -0.2632426791
   2.6750000000  -0.2648756185
   2.7000000000  -0.2638910112
   2.7250000000  -0.2654829847
   2.7500000000  -0.2644663415
   2.7750000000  -0.2660208280
   2.8000000000  -0.2649751130
   2.8250000000  -0.2664947528
   2.8500000000  -0.2654222950
   2.8750000000  -0.2669092688
   2.9000000000  -0.2658121094
   2.9250000000  -0.2672684553
   2.9500000000  -0.2661486273
   2.9750000000  -0.2675764870
   3.0000000000  -0.2664362186
   3.0250000000  -0.2678380066
   3.0500000000  -0.2666798498
   3.0750000000  -0.2680583472
   3.1000000000  -0.2668852312
   3.1250000000  -0.2682436094
   3.1500000000  -0.2670588304
   3.1750000000  -0.2684006126
   3.2000000000  -0.2672077676
   3.2250000000  -0.2685367421
   3.2500000000  -0.2673396220
   3.2750000000  -0.2686597188
   3.3000000000  -0.2674621730
   3.3250000000  -0.2687773190
   3.3500000000  -0.2675831066
   3.3750000000  -0.2688970732
   3.4000000000  -0.2677097132
   3.4250000000  -0.2690259671
   3.4500000000  -0.2678485991
   3.4750000000  -0.2691701689
   3.5000000000  -0.2680054330
   3.5250000000  -0.2693347977
   3.5500000000  -0.2681847406
   3.5750000000  -0.2695237472
   3.6000000000  -0.2683897587
   3.6250000000  -0.2697395710
   3.6500000000  -0.2686223525
   3.6750000000  -0.2699834326
   3.7000000000  -0.2688829977
   3.7250000000  -0.2702551189
   3.7500000000  -0.2691708242
   3.7750000000  -0.2705531133
   3.8000000000  -0.2694837151
   3.8250000000  -0.2708747196
   3.8500000000  -0.2698184533
   3.8750000000  -0.2712162286
   3.9000000000  -0.2701709049
   3.9250000000  -0.2715731165
   3.9500000000  -0.2705362288
   3.9750000000  -0.2719402639
   4.0000000000  -0.2709091019
   4.0250000000  -0.2723121847
   4.0500000000  -0.2712839484
   4.0750000000  -0.2726832537
   4.1000000000  -0.2716551630
   4.1250000000  -0.2730479237
   4.1500000000  -0.2720173195
   4.1750000000  -0.2734009246
   4.2000000000  -0.2723653575
   4.2250000000  -0.2737374360
   4.2500000000  -0.2726947409
   4.2750000000  -0.2740532301
   4.3000000000  -0.2730015838
   4.3250000000  -0.2743447815
   4.3500000000  -0.2732827430
   4.3750000000  -0.2746093415
   4.4000000000  -0.2735358755
   4.4250000000  -0.2748449784
   4.4500000000  -0.2737594616
   4.4750000000  -0.2750505848
   4.5000000000  -0.2739527970
   4.5250000000  -0.2752258545
   4.5500000000  -0.2741159567
   4.5750000000  -0.2753712341
   4.6000000000  -0.2742497343
   4.6250000000  -0.2754878516
   4.6500000000  -0.2743555627
   4.6750000000  -0.2755774291
   4.7000000000  -0.2744354196
   4.7250000000  -0.2756421825
   4.7500000000  -0.2744917234
   4.7750000000  -0.2756847144
   4.8000000000  -0.2745272240
   4.8250000000  -0.2757079039
   4.8500000000  -0.2745448935
   4.8750000000  -0.2757147982
   4.9000000000  -0.2745478195
   4.9250000000  -0.2757085085
   4.9500000000  -0.2745391047
   4.9750000000  -0.2756921145
   5.0000000000  -0.2745217768
