   0.0000000000000000        3.0000000000000000     
   2.5000000000000001E-002   3.0000000000000000     
   5.0000000000000003E-002   3.0000000000000000     
   7.5000000000000011E-002   3.0000000000000000     
  0.10000000000000001        3.0000000000000000     
  0.12500000000000000        3.0000000000000000     
  0.15000000000000002        3.0000000000000000     
  0.17500000000000002        3.0000000000000000     
  0.20000000000000001        3.0000000000000000     
  0.22500000000000001        3.0000000000000000     
  0.25000000000000000        3.0000000000000000     
  0.27500000000000002        3.0000000000000000     
  0.30000000000000004        3.0000000000000000     
  0.32500000000000001        3.0000000000000000     
  0.35000000000000003        3.0000000000000000     
  0.37500000000000000        3.0000000000000000     
  0.40000000000000002        3.0000000000000000     
  0.42500000000000004        3.0000000000000000     
  0.45000000000000001        3.0000000000000000     
  0.47500000000000003        3.0000000000000000     
  0.50000000000000000        3.0000000000000000     
  0.52500000000000002        3.0000000000000000     
  0.55000000000000004        3.0000000000000000     
  0.57500000000000007        3.0000000000000000     
  0.60000000000000009        3.0000000000000000     
  0.62500000000000000        3.0000000000000000     
  0.65000000000000002        3.0000000000000000     
  0.67500000000000004        3.0000000000000000     
  0.70000000000000007        3.0000000000000000     
  0.72500000000000009        3.0000000000000000     
  0.75000000000000000        3.0000000000000000     
  0.77500000000000002        3.0000000000000000     
  0.80000000000000004        3.0000000000000000     
  0.82500000000000007        3.0000000000000000     
  0.85000000000000009        3.0000000000000000     
  0.87500000000000000        3.0000000000000000     
  0.90000000000000002        3.0000000000000000     
  0.92500000000000004        3.0000000000000000     
  0.95000000000000007        3.0000000000000000     
  0.97500000000000009        3.0000000000000000     
   1.0000000000000000        3.0000000000000000     
   1.0250000000000001        3.0000000000000000     
   1.0500000000000000        3.0000000000000000     
   1.0750000000000000        3.0000000000000000     
   1.1000000000000001        3.0000000000000000     
   1.1250000000000000        3.0000000000000000     
   1.1500000000000001        3.0000000000000000     
   1.1750000000000000        3.0000000000000000     
   1.2000000000000002        3.0000000000000000     
   1.2250000000000001        3.0000000000000000     
   1.2500000000000000        3.0000000000000000     
   1.2750000000000001        3.0000000000000000     
   1.3000000000000000        3.0000000000000000     
   1.3250000000000002        3.0000000000000000     
   1.3500000000000001        3.0000000000000000     
   1.3750000000000000        3.0000000000000000     
   1.4000000000000001        3.0000000000000000     
   1.4250000000000000        3.0000000000000000     
   1.4500000000000002        3.0000000000000000     
   1.4750000000000001        3.0000000000000000     
   1.5000000000000000        3.0000000000000000     
   1.5250000000000001        3.0000000000000000     
   1.5500000000000000        3.0000000000000000     
   1.5750000000000002        3.0000000000000000     
   1.6000000000000001        3.0000000000000000     
   1.6250000000000000        3.0000000000000000     
   1.6500000000000001        3.0000000000000000     
   1.6750000000000000        3.0000000000000000     
   1.7000000000000002        3.0000000000000000     
   1.7250000000000001        3.0000000000000000     
   1.7500000000000000        3.0000000000000000     
   1.7750000000000001        3.0000000000000000     
   1.8000000000000000        3.0000000000000000     
   1.8250000000000002        3.0000000000000000     
   1.8500000000000001        3.0000000000000000     
   1.8750000000000000        3.0000000000000000     
   1.9000000000000001        3.0000000000000000     
   1.9250000000000000        3.0000000000000000     
   1.9500000000000002        3.0000000000000000     
   1.9750000000000001        3.0000000000000000     
   2.0000000000000000        3.0000000000000000     
   2.0249999999999999        3.0000000000000000     
   2.0500000000000003        3.0000000000000000     
   2.0750000000000002        3.0000000000000000     
   2.1000000000000001        3.0000000000000000     
   2.1250000000000000        3.0000000000000000     
   2.1499999999999999        3.0000000000000000     
   2.1750000000000003        3.0000000000000000     
   2.2000000000000002        3.0000000000000000     
   2.2250000000000001        3.0000000000000000     
   2.2500000000000000        3.0000000000000000     
   2.2749999999999999        3.0000000000000000     
   2.3000000000000003        3.0000000000000000     
   2.3250000000000002        3.0000000000000000     
   2.3500000000000001        3.0000000000000000     
   2.3750000000000000        3.0000000000000000     
   2.4000000000000004        3.0000000000000000     
   2.4250000000000003        3.0000000000000000     
   2.4500000000000002        3.0000000000000000     
   2.4750000000000001        3.0000000000000000     
   2.5000000000000000        3.0000000000000000     
   2.5250000000000004        3.0000000000000000     
   2.5500000000000003        3.0000000000000000     
   2.5750000000000002        3.0000000000000000     
   2.6000000000000001        3.0000000000000000     
   2.6250000000000000        3.0000000000000000     
   2.6500000000000004        3.0000000000000000     
   2.6750000000000003        3.0000000000000000     
   2.7000000000000002        3.0000000000000000     
   2.7250000000000001        3.0000000000000000     
   2.7500000000000000        3.0000000000000000     
   2.7750000000000004        3.0000000000000000     
   2.8000000000000003        3.0000000000000000     
   2.8250000000000002        3.0000000000000000     
   2.8500000000000001        3.0000000000000000     
   2.8750000000000000        3.0000000000000000     
   2.9000000000000004        3.0000000000000000     
   2.9250000000000003        3.0000000000000000     
   2.9500000000000002        3.0000000000000000     
   2.9750000000000001        3.0000000000000000     
   3.0000000000000000        3.0000000000000000     
   3.0250000000000004        3.0000000000000000     
   3.0500000000000003        3.0000000000000000     
   3.0750000000000002        3.0000000000000000     
   3.1000000000000001        3.0000000000000000     
   3.1250000000000000        3.0000000000000000     
   3.1500000000000004        3.0000000000000000     
   3.1750000000000003        3.0000000000000000     
   3.2000000000000002        3.0000000000000000     
   3.2250000000000001        3.0000000000000000     
   3.2500000000000000        3.0000000000000000     
   3.2750000000000004        3.0000000000000000     
   3.3000000000000003        3.0000000000000000     
   3.3250000000000002        3.0000000000000000     
   3.3500000000000001        3.0000000000000000     
   3.3750000000000000        3.0000000000000000     
   3.4000000000000004        3.0000000000000000     
   3.4250000000000003        3.0000000000000000     
   3.4500000000000002        3.0000000000000000     
   3.4750000000000001        3.0000000000000000     
   3.5000000000000000        3.0000000000000000     
   3.5250000000000004        3.0000000000000000     
   3.5500000000000003        3.0000000000000000     
   3.5750000000000002        3.0000000000000000     
   3.6000000000000001        3.0000000000000000     
   3.6250000000000000        3.0000000000000000     
   3.6500000000000004        3.0000000000000000     
   3.6750000000000003        3.0000000000000000     
   3.7000000000000002        3.0000000000000000     
   3.7250000000000001        3.0000000000000000     
   3.7500000000000000        3.0000000000000000     
   3.7750000000000004        3.0000000000000000     
   3.8000000000000003        3.0000000000000000     
   3.8250000000000002        3.0000000000000000     
   3.8500000000000001        3.0000000000000000     
   3.8750000000000000        3.0000000000000000     
   3.9000000000000004        3.0000000000000000     
   3.9250000000000003        3.0000000000000000     
   3.9500000000000002        3.0000000000000000     
   3.9750000000000001        3.0000000000000000     
   4.0000000000000000        3.0000000000000000     
   4.0250000000000004        3.0000000000000000     
   4.0499999999999998        3.0000000000000000     
   4.0750000000000002        3.0000000000000000     
   4.1000000000000005        3.0000000000000000     
   4.1250000000000000        3.0000000000000000     
   4.1500000000000004        3.0000000000000000     
   4.1749999999999998        3.0000000000000000     
   4.2000000000000002        3.0000000000000000     
   4.2250000000000005        3.0000000000000000     
   4.2500000000000000        3.0000000000000000     
   4.2750000000000004        3.0000000000000000     
   4.2999999999999998        3.0000000000000000     
   4.3250000000000002        3.0000000000000000     
   4.3500000000000005        3.0000000000000000     
   4.3750000000000000        3.0000000000000000     
   4.4000000000000004        3.0000000000000000     
   4.4249999999999998        3.0000000000000000     
   4.4500000000000002        3.0000000000000000     
   4.4750000000000005        3.0000000000000000     
   4.5000000000000000        3.0000000000000000     
   4.5250000000000004        3.0000000000000000     
   4.5499999999999998        3.0000000000000000     
   4.5750000000000002        3.0000000000000000     
   4.6000000000000005        3.0000000000000000     
   4.6250000000000000        3.0000000000000000     
   4.6500000000000004        3.0000000000000000     
   4.6749999999999998        3.0000000000000000     
   4.7000000000000002        3.0000000000000000     
   4.7250000000000005        3.0000000000000000     
   4.7500000000000000        3.0000000000000000     
   4.7750000000000004        3.0000000000000000     
   4.8000000000000007        3.0000000000000000     
   4.8250000000000002        3.0000000000000000     
   4.8500000000000005        3.0000000000000000     
   4.8750000000000000        3.0000000000000000     
   4.9000000000000004        3.0000000000000000     
   4.9250000000000007        3.0000000000000000     
   4.9500000000000002        3.0000000000000000     
   4.9750000000000005        3.0000000000000000     
   5.0000000000000000        3.0000000000000000     
