   0.0000000000  -0.6568016895
   0.0250000000  -0.6560499510
   0.0500000000  -0.6550439749
   0.0750000000  -0.6511940573
   0.1000000000  -0.6470607159
   0.1250000000  -0.6402502713
   0.1500000000  -0.6333754442
   0.1750000000  -0.6241005022
   0.2000000000  -0.6150755315
   0.2250000000  -0.6040053337
   0.2500000000  -0.5935581252
   0.2750000000  -0.5814588762
   0.3000000000  -0.5703732778
   0.3250000000  -0.5580262211
   0.3500000000  -0.5470618067
   0.3750000000  -0.5351875257
   0.4000000000  -0.5250108918
   0.4250000000  -0.5142096416
   0.4500000000  -0.5053452976
   0.4750000000  -0.4960594226
   0.5000000000  -0.4888641391
   0.5250000000  -0.4813642111
   0.5500000000  -0.4760243209
   0.5750000000  -0.4704165690
   0.6000000000  -0.4669641741
   0.6250000000  -0.4632139006
   0.6500000000  -0.4615558165
   0.6750000000  -0.4595201710
   0.7000000000  -0.4594728954
   0.7250000000  -0.4589365358
   0.7500000000  -0.4602612859
   0.7750000000  -0.4609696954
   0.8000000000  -0.4634031435
   0.8250000000  -0.4650901620
   0.8500000000  -0.4683683695
   0.8750000000  -0.4707763479
   0.9000000000  -0.4746511399
   0.9250000000  -0.4775436865
   0.9500000000  -0.4817920428
   0.9750000000  -0.4849604204
   1.0000000000  -0.4893882964
   1.0250000000  -0.4926531136
   1.0500000000  -0.4970954533
   1.0750000000  -0.5003054345
   1.1000000000  -0.5046241001
   1.1250000000  -0.5076535319
   1.1500000000  -0.5117345688
   1.1750000000  -0.5144806252
   1.2000000000  -0.5182318281
   1.2250000000  -0.5206124968
   1.2500000000  -0.5239617573
   1.2750000000  -0.5259146172
   1.3000000000  -0.5288090962
   1.3250000000  -0.5302908144
   1.3500000000  -0.5326966654
   1.3750000000  -0.5336828329
   1.4000000000  -0.5355850315
   1.4250000000  -0.5360698695
   1.4500000000  -0.5374716909
   1.4750000000  -0.5374672124
   1.5000000000  -0.5383890129
   1.5250000000  -0.5379233859
   1.5500000000  -0.5384005362
   1.5750000000  -0.5375156030
   1.6000000000  -0.5375956341
   1.6250000000  -0.5363437429
   1.6500000000  -0.5360829388
   1.6750000000  -0.5345233838
   1.7000000000  -0.5339831584
   1.7250000000  -0.5321785828
   1.7500000000  -0.5314219934
   1.7750000000  -0.5294350877
   1.8000000000  -0.5285237800
   1.8250000000  -0.5264145214
   1.8500000000  -0.5254062955
   1.8750000000  -0.5232298581
   1.9000000000  -0.5221769276
   1.9250000000  -0.5199822812
   1.9500000000  -0.5189301921
   1.9750000000  -0.5167593168
   2.0000000000  -0.5157464266
   2.0250000000  -0.5136340211
   2.0500000000  -0.5126914025
   2.0750000000  -0.5106649499
   2.1000000000  -0.5098165876
   2.1250000000  -0.5078966569
   2.1500000000  -0.5071598307
   2.1750000000  -0.5053605235
   2.2000000000  -0.5047463053
   2.2250000000  -0.5030757919
   2.2500000000  -0.5025896151
   2.2750000000  -0.5010507343
   2.3000000000  -0.5006930207
   2.3250000000  -0.4992839341
   2.3500000000  -0.4990507759
   2.3750000000  -0.4977656757
   2.4000000000  -0.4976495693
   2.4250000000  -0.4964794369
   2.4500000000  -0.4964700612
   2.4750000000  -0.4954034606
   2.5000000000  -0.4954884816
   2.5250000000  -0.4945123676
   2.5500000000  -0.4946782401
   2.5750000000  -0.4937787459
   2.6000000000  -0.4940114791
   2.6250000000  -0.4931746493
   2.6500000000  -0.4934604979
   2.6750000000  -0.4926729304
   2.7000000000  -0.4929989803
   2.7250000000  -0.4922483492
   2.7500000000  -0.4926029728
   2.7750000000  -0.4918784133
   2.8000000000  -0.4922515818
   2.8250000000  -0.4915439296
   2.8500000000  -0.4919273820
   2.8750000000  -0.4912292744
   2.9000000000  -0.4916165540
   2.9250000000  -0.4909224073
   2.9500000000  -0.4913087855
   2.9750000000  -0.4906146721
   3.0000000000  -0.4909969867
   3.0250000000  -0.4903004405
   3.0500000000  -0.4906768752
   3.0750000000  -0.4899766532
   3.1000000000  -0.4903464870
   3.1250000000  -0.4896423126
   3.1500000000  -0.4900056631
   3.1750000000  -0.4892979739
   3.2000000000  -0.4896555540
   3.2250000000  -0.4889452702
   3.2500000000  -0.4892981706
   3.2750000000  -0.4885864946
   3.3000000000  -0.4889360020
   3.3250000000  -0.4882242555
   3.3500000000  -0.4885717079
   3.3750000000  -0.4878612056
   3.4000000000  -0.4882078857
   3.4250000000  -0.4874998465
   3.4500000000  -0.4878469080
   3.4750000000  -0.4871423965
   3.5000000000  -0.4874908204
   3.5250000000  -0.4867907157
   3.5500000000  -0.4871412894
   3.5750000000  -0.4864462736
   3.6000000000  -0.4867995883
   3.6250000000  -0.4861101513
   3.6500000000  -0.4864666123
   3.6750000000  -0.4857830665
   3.7000000000  -0.4861429118
   3.7250000000  -0.4854654138
   3.7500000000  -0.4858287381
   3.7750000000  -0.4851573143
   3.8000000000  -0.4855240950
   3.8250000000  -0.4848586677
   3.8500000000  -0.4852287917
   3.8750000000  -0.4845692054
   3.9000000000  -0.4849424939
   3.9250000000  -0.4842885399
   3.9500000000  -0.4846647726
   3.9750000000  -0.4840162110
   4.0000000000  -0.4843951463
   4.0250000000  -0.4837517258
   4.0500000000  -0.4841331194
   4.0750000000  -0.4834945937
   4.1000000000  -0.4838782140
   4.1250000000  -0.4832443564
   4.1500000000  -0.4836299970
   4.1750000000  -0.4830006112
   4.2000000000  -0.4833881009
   4.2250000000  -0.4827630302
   4.2500000000  -0.4831522410
   4.2750000000  -0.4825313745
   4.3000000000  -0.4829222263
   4.3250000000  -0.4823055029
   4.3500000000  -0.4826979668
   4.3750000000  -0.4820853771
   4.4000000000  -0.4824794757
   4.4250000000  -0.4818710615
   4.4500000000  -0.4822668673
   4.4750000000  -0.4816627184
   4.5000000000  -0.4820603501
   4.5250000000  -0.4814605997
   4.5500000000  -0.4818602155
   4.5750000000  -0.4812650327
   4.6000000000  -0.4816668229
   4.6250000000  -0.4810764037
   4.6500000000  -0.4814805801
   4.6750000000  -0.4808951370
   4.7000000000  -0.4813019219
   4.7250000000  -0.4807216717
   4.7500000000  -0.4811312857
   4.7750000000  -0.4805564372
   4.8000000000  -0.4809690865
   4.8250000000  -0.4803998278
   4.8500000000  -0.4808156917
   4.8750000000  -0.4802521783
   4.9000000000  -0.4806713982
   4.9250000000  -0.4801137423
   4.9500000000  -0.4805364113
   4.9750000000  -0.4799846730
   5.0000000000  -0.4804108283
