   0.0000000000  -0.6568016898
   0.0250000000  -0.6566740181
   0.0500000000  -0.6544191542
   0.0750000000  -0.6518150470
   0.1000000000  -0.6464359614
   0.1250000000  -0.6408682670
   0.1500000000  -0.6327508600
   0.1750000000  -0.6247156466
   0.2000000000  -0.6144512777
   0.2250000000  -0.6046178203
   0.2500000000  -0.5929344074
   0.2750000000  -0.5820689375
   0.3000000000  -0.5697503336
   0.3250000000  -0.5586341138
   0.3500000000  -0.5464398910
   0.3750000000  -0.5357935170
   0.4000000000  -0.5243902631
   0.4250000000  -0.5148139950
   0.4500000000  -0.5047262050
   0.4750000000  -0.4966623862
   0.5000000000  -0.4882468114
   0.5250000000  -0.4819660082
   0.5500000000  -0.4754089585
   0.5750000000  -0.4710173908
   0.6000000000  -0.4663509431
   0.6250000000  -0.4638139020
   0.6500000000  -0.4609448456
   0.6750000000  -0.4601194684
   0.7000000000  -0.4588642747
   0.7250000000  -0.4595352070
   0.7500000000  -0.4596550678
   0.7750000000  -0.4615677810
   0.8000000000  -0.4627993445
   0.8250000000  -0.4656876679
   0.8500000000  -0.4677669734
   0.8750000000  -0.4713732492
   0.9000000000  -0.4740521016
   0.9250000000  -0.4781399315
   0.9500000000  -0.4811952930
   0.9750000000  -0.4855559357
   1.0000000000  -0.4887937465
   1.0250000000  -0.4932478088
   1.0500000000  -0.4965030003
   1.0750000000  -0.5008992074
   1.1000000000  -0.5040336320
   1.1250000000  -0.5082462741
   1.1500000000  -0.5111459695
   1.1750000000  -0.5150722267
   1.2000000000  -0.5176449823
   1.2250000000  -0.5212028509
   1.2500000000  -0.5233765549
   1.2750000000  -0.5265036245
   1.3000000000  -0.5282254359
   1.3250000000  -0.5308783858
   1.3500000000  -0.5321144576
   1.3750000000  -0.5342688924
   1.4000000000  -0.5350042003
   1.4250000000  -0.5366543557
   1.4500000000  -0.5368921753
   1.4750000000  -0.5380500792
   1.5000000000  -0.5378107670
   1.5250000000  -0.5385046020
   1.5500000000  -0.5378235285
   1.5750000000  -0.5380951511
   1.6000000000  -0.5370198464
   1.6250000000  -0.5369216184
   1.6500000000  -0.5355083644
   1.6750000000  -0.5350995926
   1.7000000000  -0.5334098002
   1.7250000000  -0.5327531392
   1.7500000000  -0.5308498618
   1.7750000000  -0.5300080127
   1.8000000000  -0.5279528910
   1.8250000000  -0.5269858404
   1.8500000000  -0.5248366686
   1.8750000000  -0.5237995994
   1.9000000000  -0.5216085842
   1.9250000000  -0.5205504741
   1.9500000000  -0.5183631544
   1.9750000000  -0.5173259904
   2.0000000000  -0.5151807160
   2.0250000000  -0.5141992037
   2.0500000000  -0.5121270390
   2.0750000000  -0.5112286676
   2.1000000000  -0.5092535890
   2.1250000000  -0.5084589334
   2.1500000000  -0.5065982121
   2.1750000000  -0.5059213795
   2.2000000000  -0.5041860788
   2.2250000000  -0.5036352453
   2.2500000000  -0.5020307897
   2.2750000000  -0.5016087995
   2.3000000000  -0.5001356024
   2.3250000000  -0.4998406225
   2.3500000000  -0.4984947676
   2.3750000000  -0.4983209960
   2.4000000000  -0.4970949714
   2.4250000000  -0.4970333950
   2.4500000000  -0.4959168714
   2.4750000000  -0.4959560603
   2.5000000000  -0.4949366958
   2.5250000000  -0.4950636107
   2.5500000000  -0.4941278527
   2.5750000000  -0.4943286331
   2.6000000000  -0.4934624831
   2.6250000000  -0.4937231800
   2.6500000000  -0.4929128857
   2.6750000000  -0.4932201037
   2.7000000000  -0.4924527440
   2.7250000000  -0.4927941641
   2.7500000000  -0.4920581046
   2.7750000000  -0.4924228686
   2.8000000000  -0.4917080739
   2.8250000000  -0.4920870247
   2.8500000000  -0.4913852272
   2.8750000000  -0.4917710094
   2.9000000000  -0.4910757459
   2.9250000000  -0.4914627826
   2.9500000000  -0.4907693183
   2.9750000000  -0.4911536891
   3.0000000000  -0.4904588554
   3.0250000000  -0.4908381014
   3.0500000000  -0.4901400755
   3.0750000000  -0.4905129607
   3.1000000000  -0.4898110152
   3.1250000000  -0.4901772700
   3.1500000000  -0.4894715163
   3.1750000000  -0.4898315851
   3.2000000000  -0.4891227296
   3.2250000000  -0.4894775395
   3.2500000000  -0.4887666664
   3.2750000000  -0.4891174267
   3.3000000000  -0.4884058162
   3.3250000000  -0.4887538551
   3.3500000000  -0.4880428386
   3.3750000000  -0.4883894777
   3.4000000000  -0.4876803313
   3.4250000000  -0.4880267959
   3.4500000000  -0.4873206668
   3.4750000000  -0.4876680281
   3.5000000000  -0.4869658907
   3.5250000000  -0.4873150342
   3.5500000000  -0.4866176692
   3.5750000000  -0.4869692835
   3.6000000000  -0.4862772755
   3.6250000000  -0.4866318569
   3.6500000000  -0.4859456045
   3.6750000000  -0.4863034718
   3.7000000000  -0.4856232065
   3.7250000000  -0.4859845226
   3.7500000000  -0.4853103325
   3.7750000000  -0.4856751302
   3.8000000000  -0.4850069860
   3.8250000000  -0.4853751940
   3.8500000000  -0.4847129760
   3.8750000000  -0.4850844451
   3.9000000000  -0.4844279682
   3.9250000000  -0.4848024960
   3.9500000000  -0.4841515331
   3.9750000000  -0.4845288861
   4.0000000000  -0.4838831893
   4.0250000000  -0.4842631224
   4.0500000000  -0.4836224410
   4.0750000000  -0.4840047145
   4.1000000000  -0.4833688103
   4.1250000000  -0.4837532037
   4.1500000000  -0.4831218640
   4.1750000000  -0.4835081875
   4.2000000000  -0.4828812347
   4.2250000000  -0.4832693379
   4.2500000000  -0.4826466377
   4.2750000000  -0.4830364160
   4.3000000000  -0.4824178821
   4.3250000000  -0.4828092809
   4.3500000000  -0.4821948780
   4.3750000000  -0.4825878942
   4.4000000000  -0.4819776388
   4.4250000000  -0.4823723205
   4.4500000000  -0.4817662788
   4.4750000000  -0.4821627222
   4.5000000000  -0.4815610066
   4.5250000000  -0.4819593512
   4.5500000000  -0.4813621139
   4.5750000000  -0.4817625351
   4.6000000000  -0.4811699601
   4.6250000000  -0.4815726603
   4.6500000000  -0.4809849533
   4.6750000000  -0.4813901511
   4.7000000000  -0.4808075283
   4.7250000000  -0.4812154469
   4.7500000000  -0.4806381226
   4.7750000000  -0.4810489769
   4.8000000000  -0.4804771513
   4.8250000000  -0.4808911356
   4.8500000000  -0.4803249819
   4.8750000000  -0.4807422579
   4.9000000000  -0.4801819112
   4.9250000000  -0.4806025973
   4.9500000000  -0.4800481447
   4.9750000000  -0.4804723069
   5.0000000000  -0.4799237795
