   0.0250000000  -0.8434664671
   0.0500000000  -0.8393027667
   0.0750000000  -0.8340769758
   0.1000000000  -0.8253761003
   0.1250000000  -0.8157883650
   0.1500000000  -0.8029584218
   0.1750000000  -0.7895148071
   0.2000000000  -0.7731490466
   0.2250000000  -0.7565177164
   0.2500000000  -0.7373456766
   0.2750000000  -0.7183032610
   0.3000000000  -0.6971339095
   0.3250000000  -0.6765070222
   0.3500000000  -0.6541702436
   0.3750000000  -0.6327784653
   0.4000000000  -0.6100709514
   0.4250000000  -0.5886768692
   0.4500000000  -0.5663173491
   0.4750000000  -0.5455877856
   0.5000000000  -0.5241848156
   0.5250000000  -0.5046654895
   0.5500000000  -0.4846990506
   0.5750000000  -0.4668029501
   0.6000000000  -0.4486192374
   0.6250000000  -0.4326272995
   0.6500000000  -0.4164446345
   0.6750000000  -0.4025161437
   0.7000000000  -0.3884390591
   0.7250000000  -0.3766286024
   0.7500000000  -0.3646668642
   0.7750000000  -0.3549446608
   0.8000000000  -0.3450342082
   0.8250000000  -0.3373070436
   0.8500000000  -0.3293303885
   0.8750000000  -0.3234610474
   0.9000000000  -0.3172654041
   0.9250000000  -0.3130892557
   0.9500000000  -0.3085014256
   0.9750000000  -0.3058395339
   1.0000000000  -0.3026772368
   1.0250000000  -0.3013459678
   1.0500000000  -0.2994258277
   1.0750000000  -0.2992433545
   1.1000000000  -0.2983860908
   1.1250000000  -0.2991764536
   1.1500000000  -0.2992099962
   1.1750000000  -0.3008054577
   1.2000000000  -0.3015667198
   1.2250000000  -0.3038091139
   1.2500000000  -0.3051450550
   1.2750000000  -0.3078866813
   1.3000000000  -0.3096551248
   1.3250000000  -0.3127595536
   1.3500000000  -0.3148300222
   1.3750000000  -0.3181729812
   1.4000000000  -0.3204276353
   1.4250000000  -0.3238979834
   1.4500000000  -0.3262326042
   1.4750000000  -0.3297332883
   1.5000000000  -0.3320581672
   1.5250000000  -0.3355070004
   1.5500000000  -0.3377475650
   1.5750000000  -0.3410776633
   1.6000000000  -0.3431746923
   1.6250000000  -0.3463344414
   1.6500000000  -0.3482437655
   1.6750000000  -0.3511962469
   1.7000000000  -0.3528878995
   1.7250000000  -0.3556097720
   1.7500000000  -0.3570666167
   1.7750000000  -0.3595465123
   1.8000000000  -0.3607624353
   1.8250000000  -0.3629989815
   1.8500000000  -0.3639767813
   1.8750000000  -0.3659763997
   1.9000000000  -0.3667255377
   1.9250000000  -0.3685001900
   1.9500000000  -0.3690345751
   1.9750000000  -0.3705996270
   2.0000000000  -0.3709355977
   2.0250000000  -0.3723079553
   2.0500000000  -0.3724625999
   2.0750000000  -0.3736592361
   2.1000000000  -0.3736491436
   2.1250000000  -0.3746860863
   2.1500000000  -0.3745265760
   2.1750000000  -0.3754183753
   2.2000000000  -0.3751231923
   2.2250000000  -0.3758828301
   2.2500000000  -0.3754642492
   2.2750000000  -0.3761034121
   2.3000000000  -0.3755726503
   2.3250000000  -0.3761022516
   2.3500000000  -0.3754700690
   2.3750000000  -0.3759008949
   2.4000000000  -0.3751782541
   2.4250000000  -0.3755216087
   2.4500000000  -0.3747202783
   2.4750000000  -0.3749885204
   2.5000000000  -0.3741215251
   2.5250000000  -0.3743284167
   2.5500000000  -0.3734102718
   2.5750000000  -0.3735710900
   2.6000000000  -0.3726177881
   2.6250000000  -0.3727491872
   2.6500000000  -0.3717779386
   2.6750000000  -0.3718975766
   2.7000000000  -0.3709263318
   2.7250000000  -0.3710523006
   2.7500000000  -0.3700991026
   2.7750000000  -0.3702492184
   2.8000000000  -0.3693314475
   2.8250000000  -0.3695224667
   2.8500000000  -0.3686560450
   2.8750000000  -0.3689028748
   2.9000000000  -0.3681014991
   2.9250000000  -0.3684164684
   2.9500000000  -0.3676909334
   2.9750000000  -0.3680831821
   3.0000000000  -0.3674408487
   3.0250000000  -0.3679158841
   3.0500000000  -0.3673603313
   3.0750000000  -0.3679197830
   3.1000000000  -0.3674506712
   3.1250000000  -0.3680922646
   3.1500000000  -0.3677054187
   3.1750000000  -0.3684231665
   3.2000000000  -0.3681108734
   3.2250000000  -0.3688954733
   3.2500000000  -0.3686469714
   3.2750000000  -0.3694863792
   3.3000000000  -0.3692885061
   3.3250000000  -0.3701686459
   3.3500000000  -0.3700065983
   3.3750000000  -0.3709121595
   3.4000000000  -0.3707703141
   3.4250000000  -0.3716855830
   3.4500000000  -0.3715483254
   3.4750000000  -0.3724579971
   3.5000000000  -0.3723105047
   3.5250000000  -0.3732004266
   3.5500000000  -0.3730293612
   3.5750000000  -0.3738871648
   3.6000000000  -0.3736812363
   3.6250000000  -0.3744968267
   3.6500000000  -0.3742472030
   3.6750000000  -0.3750130848
   3.7000000000  -0.3747136331
   3.7250000000  -0.3754250678
   3.7500000000  -0.3750724275
   3.7750000000  -0.3757274241
   3.8000000000  -0.3753209211
   3.8250000000  -0.3759200789
   3.8500000000  -0.3754615013
   3.8750000000  -0.3760077262
   3.9000000000  -0.3755009892
   3.9250000000  -0.3759991148
   3.9500000000  -0.3754498464
   3.9750000000  -0.3759061920
   4.0000000000  -0.3753212718
   4.0250000000  -0.3757431714
   4.0500000000  -0.3751302568
   4.0750000000  -0.3755255889
   4.1000000000  -0.3748926565
   4.1250000000  -0.3752694033
   4.1500000000  -0.3746243304
   4.1750000000  -0.3749901871
   4.2000000000  -0.3743403934
   4.2250000000  -0.3747024443
   4.2500000000  -0.3740546043
   4.2750000000  -0.3744190747
   4.3000000000  -0.3737789097
   4.3250000000  -0.3741509970
   4.3500000000  -0.3735231453
   4.3750000000  -0.3739069275
   4.4000000000  -0.3732948896
   4.4250000000  -0.3736933048
   4.4500000000  -0.3730994546
   4.4750000000  -0.3735143418
   4.5000000000  -0.3729399936
   4.5250000000  -0.3733721824
   4.5500000000  -0.3728177002
   4.5750000000  -0.3732671360
   4.6000000000  -0.3727320719
   4.6250000000  -0.3731979648
   4.6500000000  -0.3726812142
   4.6750000000  -0.3731621971
   4.7000000000  -0.3726621582
   4.7250000000  -0.3731564457
   4.7500000000  -0.3726711741
   4.7750000000  -0.3731767107
   4.8000000000  -0.3727040611
   4.8250000000  -0.3732186547
   4.8500000000  -0.3727564041
   4.8750000000  -0.3732778385
   4.9000000000  -0.3728237880
   4.9250000000  -0.3733499136
   4.9500000000  -0.3729019676
   4.9750000000  -0.3734307696
   5.0000000000  -0.3729869933
   0.0250000000  -0.6565668172
   0.0500000000  -0.6559423157
   0.0750000000  -0.6565552151
   0.1000000000  -0.6559039723
   0.1250000000  -0.6564553766
   0.1500000000  -0.6557031228
   0.1750000000  -0.6560984672
   0.2000000000  -0.6551338915
   0.2250000000  -0.6552493349
   0.2500000000  -0.6539406689
   0.2750000000  -0.6536414337
   0.3000000000  -0.6518558172
   0.3250000000  -0.6510158226
   0.3500000000  -0.6486384530
   0.3750000000  -0.6471582685
   0.4000000000  -0.6441085186
   0.4250000000  -0.6419291043
   0.4500000000  -0.6381714653
   0.4750000000  -0.6352820280
   0.5000000000  -0.6308307313
   0.5250000000  -0.6272701034
   0.5500000000  -0.6221873810
   0.5750000000  -0.6180394002
   0.6000000000  -0.6124283198
   0.6250000000  -0.6078125299
   0.6500000000  -0.6018060225
   0.6750000000  -0.5968655111
   0.7000000000  -0.5906135051
   0.7250000000  -0.5855018003
   0.7500000000  -0.5791583079
   0.7750000000  -0.5740270326
   0.8000000000  -0.5677386893
   0.8250000000  -0.5627272363
   0.8500000000  -0.5566242938
   0.8750000000  -0.5518522552
   0.9000000000  -0.5460425029
   0.9250000000  -0.5416050850
   0.9500000000  -0.5361707104
   0.9750000000  -0.5321369558
   1.0000000000  -0.5271340129
   1.0250000000  -0.5235473775
   1.0500000000  -0.5190073197
   1.0750000000  -0.5158880053
   1.1000000000  -0.5118206578
   1.1250000000  -0.5091690695
   1.1500000000  -0.5055664243
   1.1750000000  -0.5033671686
   1.2000000000  -0.5002074639
   1.2250000000  -0.4984334024
   1.2500000000  -0.4956850603
   1.2750000000  -0.4943010586
   1.3000000000  -0.4919261860
   1.3250000000  -0.4908923243
   1.3500000000  -0.4888496058
   1.3750000000  -0.4881237388
   1.4000000000  -0.4863706623
   1.4250000000  -0.4859103183
   1.4500000000  -0.4844047627
   1.4750000000  -0.4841684443
   1.5000000000  -0.4828697235
   1.5250000000  -0.4828177256
   1.5500000000  -0.4816872152
   1.5750000000  -0.4817820960
   1.6000000000  -0.4807835824
   1.6250000000  -0.4809904221
   1.6500000000  -0.4800903007
   1.6750000000  -0.4803768638
   1.7000000000  -0.4795442870
   1.7250000000  -0.4798811732
   1.7500000000  -0.4790882158
   1.7750000000  -0.4794490466
   1.8000000000  -0.4786709178
   1.8250000000  -0.4790325734
   1.8500000000  -0.4782478745
   1.8750000000  -0.4785907651
   1.9000000000  -0.4777817652
   1.9250000000  -0.4780900999
   1.9500000000  -0.4772429866
   1.9750000000  -0.4775049945
   2.0000000000  -0.4766100534
   2.0250000000  -0.4768181095
   2.0500000000  -0.4758697867
   2.0750000000  -0.4760204036
   2.1000000000  -0.4750172198
   2.1250000000  -0.4751108795
   2.1500000000  -0.4740551782
   2.1750000000  -0.4740959968
   2.2000000000  -0.4729935280
   2.2250000000  -0.4729887630
   2.2500000000  -0.4718481203
   2.2750000000  -0.4718075467
   2.3000000000  -0.4706394917
   2.3250000000  -0.4705746851
   2.3500000000  -0.4693914019
   2.3750000000  -0.4693149766
   2.4000000000  -0.4681293047
   2.4250000000  -0.4680541539
   2.4500000000  -0.4668788480
   2.4750000000  -0.4668174338
   2.5000000000  -0.4656644939
   2.5250000000  -0.4656282260
   2.5500000000  -0.4645083323
   2.5750000000  -0.4645070661
   2.6000000000  -0.4634291439
   2.6250000000  -0.4634708154
   2.6500000000  -0.4624417428
   2.6750000000  -0.4625321487
   2.7000000000  -0.4615566083
   2.7250000000  -0.4616993277
   2.7500000000  -0.4607797944
   2.7750000000  -0.4609762394
   2.8000000000  -0.4601130891
   2.8250000000  -0.4603626651
   2.8500000000  -0.4595543815
   2.8750000000  -0.4598547344
   2.9000000000  -0.4590981897
   2.9250000000  -0.4594455139
   2.9500000000  -0.4587362974
   2.9750000000  -0.4591256791
   3.0000000000  -0.4584584492
   3.0250000000  -0.4588842208
   3.0500000000  -0.4582530571
   3.0750000000  -0.4587091422
   3.1000000000  -0.4581078785
   3.1250000000  -0.4585881097
   3.1500000000  -0.4580106335
   3.1750000000  -0.4585090302
   3.2000000000  -0.4579495367
   3.2250000000  -0.4584605337
   3.2500000000  -0.4579137279
   3.2750000000  -0.4584323506
   3.3000000000  -0.4578935950
   3.3250000000  -0.4584155794
   3.3500000000  -0.4578809870
   3.3750000000  -0.4584028466
   3.4000000000  -0.4578693233
   3.4250000000  -0.4583883684
   3.4500000000  -0.4578536097
   3.4750000000  -0.4583679238
   3.5000000000  -0.4578303734
   3.5250000000  -0.4583387556
   3.5500000000  -0.4577975338
   3.5750000000  -0.4582994147
   3.6000000000  -0.4577542243
   3.6250000000  -0.4582495647
   3.6500000000  -0.4577005835
   3.6750000000  -0.4581897627
   3.7000000000  -0.4576375299
   3.7250000000  -0.4581212315
   3.7500000000  -0.4575665350
   3.7750000000  -0.4580456375
   3.8000000000  -0.4574894077
   3.8250000000  -0.4579648826
   3.8500000000  -0.4574080977
   3.8750000000  -0.4578809222
   3.9000000000  -0.4573245274
   3.9250000000  -0.4577956118
   3.9500000000  -0.4572404556
   3.9750000000  -0.4577105881
   4.0000000000  -0.4571573759
   4.0250000000  -0.4576271844
   4.0500000000  -0.4570764488
   4.0750000000  -0.4575463798
   4.1000000000  -0.4569984669
   4.1250000000  -0.4574687794
   4.1500000000  -0.4569238498
   4.1750000000  -0.4573946218
   4.2000000000  -0.4568526628
   4.2250000000  -0.4573238091
   4.2500000000  -0.4567846564
   4.2750000000  -0.4572559534
   4.3000000000  -0.4567193194
   4.3250000000  -0.4571904362
   4.3500000000  -0.4566559422
   4.3750000000  -0.4571264737
   4.4000000000  -0.4565936838
   4.4250000000  -0.4570631842
   4.4500000000  -0.4565316383
   4.4750000000  -0.4569996540
   4.5000000000  -0.4564688993
   4.5250000000  -0.4569349975
   4.5500000000  -0.4564046155
   4.5750000000  -0.4568684101
   4.6000000000  -0.4563380395
   4.6250000000  -0.4567992111
   4.6500000000  -0.4562685656
   4.6750000000  -0.4567268765
   4.7000000000  -0.4561957569
   4.7250000000  -0.4566510607
   4.7500000000  -0.4561193620
   4.7750000000  -0.4565716078
   4.8000000000  -0.4560393209
   4.8250000000  -0.4564885531
   4.8500000000  -0.4559557621
   4.8750000000  -0.4564021150
   4.9000000000  -0.4558689902
   4.9250000000  -0.4563126799
   4.9500000000  -0.4557794677
   4.9750000000  -0.4562207801
   5.0000000000  -0.4556877905
