   0.0250000000  -0.8434660056
   0.0500000000  -0.8405511522
   0.0750000000  -0.8340856327
   0.1000000000  -0.8266355265
   0.1250000000  -0.8158156792
   0.1500000000  -0.8042371986
   0.1750000000  -0.7895675117
   0.2000000000  -0.7744520953
   0.2250000000  -0.7565986959
   0.2500000000  -0.7386737465
   0.2750000000  -0.7184110444
   0.3000000000  -0.6984833546
   0.3250000000  -0.6766358398
   0.3500000000  -0.6555333418
   0.3750000000  -0.6329188069
   0.4000000000  -0.6114366699
   0.4250000000  -0.5888164225
   0.4500000000  -0.5676724146
   0.4750000000  -0.5457125990
   0.5000000000  -0.5255149306
   0.5250000000  -0.5047612048
   0.5500000000  -0.4859901074
   0.5750000000  -0.4668559680
   0.6000000000  -0.4498584089
   0.6250000000  -0.4326257737
   0.6500000000  -0.4176212557
   0.6750000000  -0.4024507379
   0.7000000000  -0.3895452519
   0.7250000000  -0.3764929787
   0.7500000000  -0.3656978900
   0.7750000000  -0.3547356989
   0.8000000000  -0.3459885613
   0.8250000000  -0.3370248148
   0.8500000000  -0.3302096597
   0.8750000000  -0.3231085794
   0.9000000000  -0.3180739598
   0.9250000000  -0.3126721358
   0.9500000000  -0.3092459489
   0.9750000000  -0.3053654002
   1.0000000000  -0.3033661802
   1.0250000000  -0.3008239348
   1.0500000000  -0.3000688238
   1.0750000000  -0.2986834192
   1.1000000000  -0.2989933633
   1.1250000000  -0.2985889188
   1.1500000000  -0.2997918045
   1.1750000000  -0.3002004056
   1.2000000000  -0.3021328662
   1.2250000000  -0.3031959523
   1.2500000000  -0.3057044745
   1.2750000000  -0.3072737792
   1.3000000000  -0.3102155684
   1.3250000000  -0.3121539750
   1.3500000000  -0.3153978412
   1.3750000000  -0.3175803185
   1.4000000000  -0.3210076624
   1.4250000000  -0.3233222866
   1.4500000000  -0.3268281285
   1.4750000000  -0.3291770816
   1.5000000000  -0.3326709890
   1.5250000000  -0.3349713733
   1.5500000000  -0.3383781190
   1.5750000000  -0.3405624219
   1.6000000000  -0.3438222233
   1.6250000000  -0.3458383040
   1.6500000000  -0.3489065398
   1.6750000000  -0.3507170674
   1.7000000000  -0.3535634355
   1.7250000000  -0.3551447750
   1.7500000000  -0.3577519211
   1.7750000000  -0.3590925257
   1.8000000000  -0.3614542291
   1.8250000000  -0.3625526541
   1.8500000000  -0.3646717066
   1.8750000000  -0.3655343946
   1.9000000000  -0.3674203360
   1.9250000000  -0.3680593468
   1.9500000000  -0.3697262320
   1.9750000000  -0.3701570887
   2.0000000000  -0.3716214528
   2.0250000000  -0.3718612606
   2.0500000000  -0.3731404205
   2.0750000000  -0.3732063765
   2.1000000000  -0.3743171672
   2.1250000000  -0.3742255337
   2.1500000000  -0.3751835232
   2.1750000000  -0.3749490822
   2.2000000000  -0.3757682567
   2.2250000000  -0.3754042102
   2.2500000000  -0.3760970692
   2.2750000000  -0.3756153042
   2.3000000000  -0.3761932667
   2.3250000000  -0.3756048729
   2.3500000000  -0.3760788745
   2.3750000000  -0.3753947870
   2.4000000000  -0.3757759377
   2.4250000000  -0.3750075812
   2.4500000000  -0.3753077677
   2.4750000000  -0.3744675927
   2.5000000000  -0.3746999298
   2.5250000000  -0.3738017622
   2.5500000000  -0.3739808277
   2.5750000000  -0.3730399824
   2.6000000000  -0.3731818061
   2.6250000000  -0.3722149508
   2.6500000000  -0.3723367570
   2.6750000000  -0.3713615408
   2.7000000000  -0.3714812731
   2.7250000000  -0.3705157594
   2.7500000000  -0.3706514358
   2.7750000000  -0.3697133952
   2.8000000000  -0.3698823550
   2.8250000000  -0.3689884838
   2.8500000000  -0.3692065955
   2.8750000000  -0.3683717292
   2.9000000000  -0.3686526258
   2.9250000000  -0.3678890127
   2.9500000000  -0.3682434181
   2.9750000000  -0.3675601118
   3.0000000000  -0.3679953117
   3.0250000000  -0.3673977297
   3.0500000000  -0.3679172265
   3.0750000000  -0.3674069087
   3.1000000000  -0.3680102873
   3.1250000000  -0.3675848713
   3.1500000000  -0.3682678848
   3.1750000000  -0.3679213006
   3.2000000000  -0.3686761696
   3.2250000000  -0.3683990385
   3.2500000000  -0.3692149432
   3.2750000000  -0.3689951530
   3.3000000000  -0.3698588817
   3.3250000000  -0.3696822981
   3.3500000000  -0.3705790081
   3.3750000000  -0.3704302727
   3.4000000000  -0.3713443124
   3.4250000000  -0.3712076746
   3.4500000000  -0.3721234118
   3.4750000000  -0.3719835407
   3.5000000000  -0.3728861463
   3.5250000000  -0.3727288740
   3.5500000000  -0.3736050132
   3.5750000000  -0.3734179657
   3.6000000000  -0.3742563615
   3.6250000000  -0.3740294475
   3.6500000000  -0.3748212890
   3.6750000000  -0.3745470249
   3.7000000000  -0.3752862077
   3.7250000000  -0.3749598726
   3.7500000000  -0.3756430703
   3.7750000000  -0.3752626964
   3.8000000000  -0.3758892731
   3.8250000000  -0.3754554864
   3.8500000000  -0.3760272710
   3.8750000000  -0.3755430060
   3.9000000000  -0.3760639560
   3.9250000000  -0.3755340756
   3.9500000000  -0.3760098608
   3.9750000000  -0.3754407129
   4.0000000000  -0.3758782536
   4.0250000000  -0.3752771988
   4.0500000000  -0.3756841903
   4.0750000000  -0.3750591308
   4.1000000000  -0.3754435842
   4.1250000000  -0.3748025222
   4.1500000000  -0.3751723453
   4.1750000000  -0.3745229917
   4.2000000000  -0.3748856299
   4.2250000000  -0.3742350802
   4.2500000000  -0.3745972292
   4.2750000000  -0.3739517147
   4.3000000000  -0.3743191120
   4.3250000000  -0.3736838317
   4.3500000000  -0.3740611273
   4.3750000000  -0.3734401563
   4.4000000000  -0.3738308580
   4.4250000000  -0.3732271276
   4.4500000000  -0.3736336129
   4.4750000000  -0.3730489515
   4.5000000000  -0.3734725352
   4.5250000000  -0.3729077591
   4.5500000000  -0.3733488029
   4.5750000000  -0.3728038422
   4.6000000000  -0.3732618943
   4.6250000000  -0.3727359418
   4.6500000000  -0.3732098922
   4.6750000000  -0.3727015632
   4.7000000000  -0.3731898043
   4.7250000000  -0.3726972948
   4.7500000000  -0.3731978764
   4.7750000000  -0.3727191131
   4.8000000000  -0.3732298843
   4.8250000000  -0.3727626576
   4.8500000000  -0.3732813908
   4.8750000000  -0.3728234681
   4.9000000000  -0.3733479608
   4.9250000000  -0.3728971773
   4.9500000000  -0.3734253317
   4.9750000000  -0.3729796587
   5.0000000000  -0.3735095391
   0.0250000000  -0.6565667212
   0.0500000000  -0.6571901762
   0.0750000000  -0.6565620287
   0.1000000000  -0.6571596084
   0.1250000000  -0.6564766605
   0.1500000000  -0.6569731895
   0.1750000000  -0.6561396869
   0.2000000000  -0.6564224627
   0.2250000000  -0.6553129680
   0.2500000000  -0.6552485165
   0.2750000000  -0.6537264380
   0.3000000000  -0.6531800791
   0.3250000000  -0.6511175085
   0.3500000000  -0.6499727074
   0.3750000000  -0.6472685658
   0.4000000000  -0.6454432277
   0.4250000000  -0.6420371636
   0.4500000000  -0.6394947078
   0.4750000000  -0.6353750592
   0.5000000000  -0.6321291194
   0.5250000000  -0.6273343429
   0.5500000000  -0.6234470485
   0.5750000000  -0.6180610963
   0.6000000000  -0.6136358810
   0.6250000000  -0.6077788551
   0.6500000000  -0.6029494203
   0.6750000000  -0.5967653333
   0.7000000000  -0.5916826954
   0.7250000000  -0.5853262734
   0.7500000000  -0.5801457530
   0.7750000000  -0.5737699924
   0.8000000000  -0.5686396571
   0.8250000000  -0.5623854053
   0.8500000000  -0.5574369744
   0.8750000000  -0.5514252756
   0.9000000000  -0.5467679642
   0.9250000000  -0.5410954037
   0.9500000000  -0.5368127203
   0.9750000000  -0.5315495887
   1.0000000000  -0.5276987525
   1.0250000000  -0.5228895779
   1.0500000000  -0.5195030137
   1.0750000000  -0.5151688606
   1.1000000000  -0.5122571434
   1.1250000000  -0.5083990463
   1.1500000000  -0.5059546779
   1.1750000000  -0.5025576260
   1.2000000000  -0.5005591056
   1.2250000000  -0.4975960919
   1.2500000000  -0.4960118548
   1.2750000000  -0.4934476301
   1.3000000000  -0.4922395589
   1.3250000000  -0.4900338580
   1.3500000000  -0.4891601956
   1.3750000000  -0.4872703229
   1.4000000000  -0.4866879284
   1.4250000000  -0.4850706911
   1.4500000000  -0.4847366664
   1.4750000000  -0.4833497181
   1.5000000000  -0.4832224968
   1.5250000000  -0.4820252039
   1.5500000000  -0.4820652282
   1.5750000000  -0.4810191914
   1.6000000000  -0.4811893117
   1.6250000000  -0.4802586752
   1.6500000000  -0.4805243965
   1.6750000000  -0.4796760569
   1.7000000000  -0.4800057308
   1.7250000000  -0.4792095272
   1.7500000000  -0.4795745517
   1.7750000000  -0.4788034835
   1.8000000000  -0.4791785407
   1.8250000000  -0.4784090245
   1.8500000000  -0.4787723529
   1.8750000000  -0.4779845027
   1.9000000000  -0.4783181763
   1.9250000000  -0.4774960712
   1.9500000000  -0.4777862442
   1.9750000000  -0.4769181386
   2.0000000000  -0.4771552088
   2.0250000000  -0.4762336387
   2.0500000000  -0.4764122883
   2.0750000000  -0.4754340381
   2.1000000000  -0.4755531204
   2.1250000000  -0.4745190263
   2.1500000000  -0.4745812840
   2.1750000000  -0.4734958681
   2.2000000000  -0.4735074868
   2.2250000000  -0.4723784346
   2.2500000000  -0.4723484510
   2.2750000000  -0.4711859598
   2.3000000000  -0.4711255607
   2.3250000000  -0.4699415995
   2.3500000000  -0.4698633541
   2.3750000000  -0.4686708817
   2.4000000000  -0.4685879588
   2.4250000000  -0.4674001509
   2.4500000000  -0.4673255670
   2.4750000000  -0.4661550976
   2.5000000000  -0.4661010417
   2.5250000000  -0.4649594590
   2.5500000000  -0.4649367267
   2.5750000000  -0.4638339524
   2.6000000000  -0.4638515153
   2.6250000000  -0.4627954855
   2.6500000000  -0.4628602055
   2.6750000000  -0.4618566597
   2.7000000000  -0.4619731512
   2.7250000000  -0.4610255649
   2.7500000000  -0.4611961941
   2.7750000000  -0.4603058416
   2.8000000000  -0.4605308477
   2.8250000000  -0.4596969746
   2.8500000000  -0.4599746885
   2.8750000000  -0.4591947711
   2.9000000000  -0.4595219079
   2.9250000000  -0.4587919714
   2.9500000000  -0.4591639688
   2.9750000000  -0.4584789400
   3.0000000000  -0.4588903180
   3.0250000000  -0.4582443869
   3.0500000000  -0.4586891064
   3.0750000000  -0.4580760760
   3.1000000000  -0.4585478758
   3.1250000000  -0.4579614831
   3.1500000000  -0.4584541816
   3.1750000000  -0.4578883764
   3.2000000000  -0.4583961255
   3.2250000000  -0.4578452989
   3.2500000000  -0.4583627851
   3.2750000000  -0.4578219424
   3.3000000000  -0.4583445322
   3.3250000000  -0.4578094100
   3.3500000000  -0.4583332391
   3.3750000000  -0.4578003688
   3.4000000000  -0.4583223809
   3.4250000000  -0.4577891034
   3.4500000000  -0.4583070427
   3.4750000000  -0.4577714810
   3.5000000000  -0.4582838465
   3.5250000000  -0.4577448437
   3.5500000000  -0.4582508136
   3.5750000000  -0.4577078454
   3.6000000000  -0.4582071794
   3.6250000000  -0.4576602490
   3.6500000000  -0.4581531781
   3.6750000000  -0.4576027021
   3.7000000000  -0.4580898124
   3.7250000000  -0.4575365048
   3.7500000000  -0.4580186234
   3.7750000000  -0.4574633843
   3.8000000000  -0.4579414716
   3.8250000000  -0.4573852856
   3.8500000000  -0.4578603407
   3.8750000000  -0.4573041884
   3.9000000000  -0.4577771687
   3.9250000000  -0.4572219554
   3.9500000000  -0.4576937131
   3.9750000000  -0.4571402141
   4.0000000000  -0.4576114514
   4.0250000000  -0.4570602754
   4.0500000000  -0.4575315156
   4.0750000000  -0.4569830851
   4.1000000000  -0.4574546611
   4.1250000000  -0.4569092073
   4.1500000000  -0.4573812638
   4.1750000000  -0.4568388353
   4.2000000000  -0.4573113425
   4.2250000000  -0.4567718243
   4.2500000000  -0.4572446012
   4.2750000000  -0.4567077410
   4.3000000000  -0.4571804848
   4.3250000000  -0.4566459250
   4.3500000000  -0.4571182446
   4.3750000000  -0.4565855563
   4.4000000000  -0.4570570064
   4.4250000000  -0.4565257239
   4.4500000000  -0.4569958391
   4.4750000000  -0.4564654925
   4.5000000000  -0.4569338184
   4.5250000000  -0.4564039630
   4.5500000000  -0.4568700835
   4.5750000000  -0.4563403250
   4.6000000000  -0.4568038851
   4.6250000000  -0.4562738995
   4.6500000000  -0.4567346223
   4.6750000000  -0.4562041705
   4.7000000000  -0.4566618691
   4.7250000000  -0.4561308056
   4.7500000000  -0.4565853896
   4.7750000000  -0.4560536665
   4.8000000000  -0.4565051426
   4.8250000000  -0.4559728084
   4.8500000000  -0.4564212775
   4.8750000000  -0.4558884713
   4.9000000000  -0.4563341208
   4.9250000000  -0.4558010633
   4.9500000000  -0.4562441565
   4.9750000000  -0.4557111378
   5.0000000000  -0.4561520004
