-200.8655802889   0.0000000001   0.0000268586
-200.4728812072   0.0000000001   0.0000806275
-200.0801821255   0.0000000001   0.0001344375
-199.6874830438   0.0000000001   0.0001882774
-199.2947839621   0.0000000001   0.0002421396
-198.9020848804   0.0000000001   0.0002960195
-198.5093857987   0.0000000001   0.0003499142
-198.1166867170   0.0000000001   0.0004038223
-197.7239876353   0.0000000001   0.0004577430
-197.3312885536   0.0000000001   0.0005116763
-196.9385894719   0.0000000001   0.0005656221
-196.5458903902   0.0000000001   0.0006195810
-196.1531913085   0.0000000001   0.0006735534
-195.7604922268   0.0000000001   0.0007275401
-195.3677931451   0.0000000001   0.0007815417
-194.9750940634   0.0000000001   0.0008355591
-194.5823949817   0.0000000001   0.0008895932
-194.1896959000   0.0000000001   0.0009436448
-193.7969968183   0.0000000001   0.0009977147
-193.4042977366   0.0000000001   0.0010518041
-193.0115986549   0.0000000001   0.0011059138
-192.6188995732   0.0000000001   0.0011600447
-192.2262004915   0.0000000001   0.0012141980
-191.8335014098   0.0000000001   0.0012683744
-191.4408023281   0.0000000001   0.0013225752
-191.0481032464   0.0000000001   0.0013768011
-190.6554041647   0.0000000001   0.0014310534
-190.2627050830   0.0000000001   0.0014853329
-189.8700060013   0.0000000001   0.0015396407
-189.4773069196   0.0000000001   0.0015939778
-189.0846078379   0.0000000001   0.0016483453
-188.6919087562   0.0000000001   0.0017027442
-188.2992096745   0.0000000001   0.0017571755
-187.9065105928   0.0000000001   0.0018116403
-187.5138115111   0.0000000001   0.0018661396
-187.1211124294   0.0000000001   0.0019206745
-186.7284133477   0.0000000001   0.0019752459
-186.3357142660   0.0000000001   0.0020298551
-185.9430151843   0.0000000001   0.0020845030
-185.5503161026   0.0000000001   0.0021391907
-185.1576170209   0.0000000001   0.0021939193
-184.7649179392   0.0000000001   0.0022486898
-184.3722188576   0.0000000001   0.0023035033
-183.9795197759   0.0000000001   0.0023583609
-183.5868206942   0.0000000001   0.0024132637
-183.1941216125   0.0000000001   0.0024682127
-182.8014225308   0.0000000001   0.0025232091
-182.4087234491   0.0000000001   0.0025782540
-182.0160243674   0.0000000001   0.0026333484
-181.6233252857   0.0000000001   0.0026884934
-181.2306262040   0.0000000001   0.0027436902
-180.8379271223   0.0000000001   0.0027989399
-180.4452280406   0.0000000001   0.0028542435
-180.0525289589   0.0000000001   0.0029096023
-179.6598298772   0.0000000001   0.0029650172
-179.2671307955   0.0000000001   0.0030204895
-178.8744317138   0.0000000001   0.0030760203
-178.4817326321   0.0000000001   0.0031316107
-178.0890335504   0.0000000001   0.0031872619
-177.6963344687   0.0000000001   0.0032429750
-177.3036353870   0.0000000001   0.0032987511
-176.9109363053   0.0000000001   0.0033545914
-176.5182372236   0.0000000001   0.0034104971
-176.1255381419   0.0000000001   0.0034664694
-175.7328390602   0.0000000001   0.0035225094
-175.3401399785   0.0000000001   0.0035786182
-174.9474408968   0.0000000001   0.0036347972
-174.5547418151   0.0000000001   0.0036910474
-174.1620427334   0.0000000001   0.0037473700
-173.7693436517   0.0000000001   0.0038037664
-173.3766445700   0.0000000001   0.0038602376
-172.9839454883   0.0000000001   0.0039167848
-172.5912464066   0.0000000001   0.0039734094
-172.1985473249   0.0000000001   0.0040301125
-171.8058482432   0.0000000001   0.0040868954
-171.4131491615   0.0000000001   0.0041437592
-171.0204500798   0.0000000001   0.0042007053
-170.6277509981   0.0000000001   0.0042577349
-170.2350519164   0.0000000001   0.0043148492
-169.8423528347   0.0000000001   0.0043720495
-169.4496537530   0.0000000001   0.0044293371
-169.0569546713   0.0000000001   0.0044867133
-168.6642555896   0.0000000001   0.0045441793
-168.2715565079   0.0000000001   0.0046017365
-167.8788574262   0.0000000001   0.0046593861
-167.4861583445   0.0000000001   0.0047171295
-167.0934592628   0.0000000001   0.0047749679
-166.7007601811   0.0000000001   0.0048329028
-166.3080610994   0.0000000001   0.0048909353
-165.9153620177   0.0000000001   0.0049490670
-165.5226629360   0.0000000001   0.0050072990
-165.1299638543   0.0000000001   0.0050656328
-164.7372647726   0.0000000001   0.0051240698
-164.3445656909   0.0000000001   0.0051826113
-163.9518666092   0.0000000001   0.0052412587
-163.5591675275   0.0000000001   0.0053000134
-163.1664684458   0.0000000001   0.0053588768
-162.7737693641   0.0000000001   0.0054178503
-162.3810702824   0.0000000001   0.0054769353
-161.9883712007   0.0000000001   0.0055361333
-161.5956721190   0.0000000001   0.0055954457
-161.2029730373   0.0000000001   0.0056548739
-160.8102739556   0.0000000001   0.0057144195
-160.4175748739   0.0000000001   0.0057740838
-160.0248757922   0.0000000001   0.0058338684
-159.6321767105   0.0000000001   0.0058937748
-159.2394776288   0.0000000001   0.0059538044
-158.8467785471   0.0000000001   0.0060139588
-158.4540794654   0.0000000001   0.0060742394
-158.0613803837   0.0000000001   0.0061346479
-157.6686813020   0.0000000001   0.0061951858
-157.2759822203   0.0000000001   0.0062558546
-156.8832831386   0.0000000001   0.0063166559
-156.4905840569   0.0000000001   0.0063775913
-156.0978849752   0.0000000001   0.0064386623
-155.7051858935   0.0000000001   0.0064998707
-155.3124868118   0.0000000001   0.0065612179
-154.9197877301   0.0000000001   0.0066227057
-154.5270886484   0.0000000001   0.0066843356
-154.1343895667   0.0000000001   0.0067461094
-153.7416904851   0.0000000001   0.0068080286
-153.3489914034   0.0000000001   0.0068700950
-152.9562923217   0.0000000001   0.0069323104
-152.5635932400   0.0000000001   0.0069946763
-152.1708941583   0.0000000001   0.0070571945
-151.7781950766   0.0000000001   0.0071198667
-151.3854959949   0.0000000001   0.0071826948
-150.9927969132   0.0000000001   0.0072456804
-150.6000978315   0.0000000001   0.0073088253
-150.2073987498   0.0000000001   0.0073721315
-149.8146996681   0.0000000001   0.0074356005
-149.4220005864   0.0000000001   0.0074992344
-149.0293015047   0.0000000001   0.0075630349
-148.6366024230   0.0000000001   0.0076270038
-148.2439033413   0.0000000001   0.0076911432
-147.8512042596   0.0000000001   0.0077554547
-147.4585051779   0.0000000001   0.0078199405
-147.0658060962   0.0000000001   0.0078846023
-146.6731070145   0.0000000001   0.0079494422
-146.2804079328   0.0000000001   0.0080144621
-145.8877088511   0.0000000001   0.0080796639
-145.4950097694   0.0000000001   0.0081450497
-145.1023106877   0.0000000001   0.0082106214
-144.7096116060   0.0000000001   0.0082763812
-144.3169125243   0.0000000001   0.0083423310
-143.9242134426   0.0000000001   0.0084084730
-143.5315143609   0.0000000001   0.0084748092
-143.1388152792   0.0000000001   0.0085413417
-142.7461161975   0.0000000001   0.0086080727
-142.3534171158   0.0000000001   0.0086750042
-141.9607180341   0.0000000001   0.0087421386
-141.5680189524   0.0000000001   0.0088094779
-141.1753198707   0.0000000001   0.0088770244
-140.7826207890   0.0000000001   0.0089447803
-140.3899217073   0.0000000001   0.0090127479
-139.9972226256   0.0000000001   0.0090809294
-139.6045235439   0.0000000001   0.0091493271
-139.2118244622   0.0000000001   0.0092179434
-138.8191253805   0.0000000001   0.0092867806
-138.4264262988   0.0000000001   0.0093558411
-138.0337272171   0.0000000001   0.0094251272
-137.6410281354   0.0000000001   0.0094946415
-137.2483290537   0.0000000001   0.0095643862
-136.8556299720   0.0000000001   0.0096343640
-136.4629308903   0.0000000001   0.0097045772
-136.0702318086   0.0000000001   0.0097750284
-135.6775327269   0.0000000001   0.0098457201
-135.2848336452   0.0000000001   0.0099166550
-134.8921345635   0.0000000001   0.0099878356
-134.4994354818   0.0000000001   0.0100592644
-134.1067364001   0.0000000001   0.0101309443
-133.7140373184   0.0000000001   0.0102028778
-133.3213382367   0.0000000001   0.0102750677
-132.9286391550   0.0000000001   0.0103475167
-132.5359400733   0.0000000001   0.0104202275
-132.1432409916   0.0000000001   0.0104932030
-131.7505419099   0.0000000001   0.0105664460
-131.3578428282   0.0000000001   0.0106399593
-130.9651437465   0.0000000001   0.0107137459
-130.5724446648   0.0000000001   0.0107878086
-130.1797455831   0.0000000001   0.0108621504
-129.7870465014   0.0000000001   0.0109367743
-129.3943474197   0.0000000001   0.0110116833
-129.0016483380   0.0000000001   0.0110868805
-128.6089492563   0.0000000001   0.0111623689
-128.2162501746   0.0000000001   0.0112381517
-127.8235510929   0.0000000001   0.0113142320
-127.4308520112   0.0000000001   0.0113906130
-127.0381529295   0.0000000001   0.0114672980
-126.6454538478   0.0000000001   0.0115442902
-126.2527547661   0.0000000001   0.0116215929
-125.8600556844   0.0000000001   0.0116992094
-125.4673566027   0.0000000001   0.0117771432
-125.0746575210   0.0000000001   0.0118553976
-124.6819584393   0.0000000001   0.0119339762
-124.2892593576   0.0000000001   0.0120128824
-123.8965602759   0.0000000001   0.0120921198
-123.5038611942   0.0000000001   0.0121716919
-123.1111621125   0.0000000001   0.0122516025
-122.7184630309   0.0000000001   0.0123318551
-122.3257639492   0.0000000001   0.0124124534
-121.9330648675   0.0000000001   0.0124934013
-121.5403657858   0.0000000001   0.0125747026
-121.1476667041   0.0000000001   0.0126563610
-120.7549676224   0.0000000001   0.0127383806
-120.3622685407   0.0000000001   0.0128207652
-119.9695694590   0.0000000001   0.0129035189
-119.5768703773   0.0000000001   0.0129866457
-119.1841712956   0.0000000001   0.0130701497
-118.7914722139   0.0000000001   0.0131540350
-118.3987731322   0.0000000001   0.0132383059
-118.0060740505   0.0000000001   0.0133229667
-117.6133749688   0.0000000001   0.0134080215
-117.2206758871   0.0000000001   0.0134934749
-116.8279768054   0.0000000001   0.0135793312
-116.4352777237   0.0000000001   0.0136655948
-116.0425786420   0.0000000001   0.0137522704
-115.6498795603   0.0000000001   0.0138393626
-115.2571804786   0.0000000001   0.0139268759
-114.8644813969   0.0000000001   0.0140148152
-114.4717823152   0.0000000001   0.0141031851
-114.0790832335   0.0000000001   0.0141919905
-113.6863841518   0.0000000001   0.0142812364
-113.2936850701   0.0000000001   0.0143709277
-112.9009859884   0.0000000001   0.0144610694
-112.5082869067   0.0000000001   0.0145516667
-112.1155878250   0.0000000001   0.0146427247
-111.7228887433   0.0000000001   0.0147342487
-111.3301896616   0.0000000001   0.0148262439
-110.9374905799   0.0000000001   0.0149187158
-110.5447914982   0.0000000001   0.0150116699
-110.1520924165   0.0000000001   0.0151051116
-109.7593933348   0.0000000001   0.0151990467
-109.3666942531   0.0000000001   0.0152934807
-108.9739951714   0.0000000001   0.0153884194
-108.5812960897   0.0000000001   0.0154838688
-108.1885970080   0.0000000001   0.0155798347
-107.7958979263   0.0000000001   0.0156763231
-107.4031988446   0.0000000001   0.0157733403
-107.0104997629   0.0000000001   0.0158708922
-106.6178006812   0.0000000001   0.0159689854
-106.2251015995   0.0000000001   0.0160676260
-105.8324025178   0.0000000001   0.0161668205
-105.4397034361   0.0000000001   0.0162665756
-105.0470043544   0.0000000001   0.0163668979
-104.6543052727   0.0000000001   0.0164677941
-104.2616061910   0.0000000001   0.0165692711
-103.8689071093   0.0000000001   0.0166713357
-103.4762080276   0.0000000001   0.0167739952
-103.0835089459   0.0000000001   0.0168772565
-102.6908098642   0.0000000001   0.0169811271
-102.2981107825   0.0000000001   0.0170856141
-101.9054117008   0.0000000001   0.0171907253
-101.5127126191   0.0000000001   0.0172964680
-101.1200135374   0.0000000001   0.0174028501
-100.7273144557   0.0000000001   0.0175098793
-100.3346153740   0.0000000001   0.0176175637
 -99.9419162923   0.0000000001   0.0177259112
 -99.5492172106   0.0000000001   0.0178349302
 -99.1565181289   0.0000000001   0.0179446288
 -98.7638190472   0.0000000001   0.0180550155
 -98.3711199655   0.0000000001   0.0181660990
 -97.9784208838   0.0000000001   0.0182778879
 -97.5857218021   0.0000000001   0.0183903912
 -97.1930227204   0.0000000001   0.0185036177
 -96.8003236387   0.0000000001   0.0186175767
 -96.4076245570   0.0000000002   0.0187322774
 -96.0149254753   0.0000000002   0.0188477292
 -95.6222263936   0.0000000002   0.0189639418
 -95.2295273119   0.0000000002   0.0190809249
 -94.8368282302   0.0000000002   0.0191986883
 -94.4441291485   0.0000000002   0.0193172422
 -94.0514300668   0.0000000002   0.0194365967
 -93.6587309851   0.0000000002   0.0195567623
 -93.2660319034   0.0000000002   0.0196777496
 -92.8733328217   0.0000000002   0.0197995692
 -92.4806337400   0.0000000002   0.0199222321
 -92.0879346584   0.0000000002   0.0200457494
 -91.6952355767   0.0000000002   0.0201701324
 -91.3025364950   0.0000000002   0.0202953926
 -90.9098374133   0.0000000002   0.0204215416
 -90.5171383316   0.0000000002   0.0205485914
 -90.1244392499   0.0000000002   0.0206765540
 -89.7317401682   0.0000000002   0.0208054417
 -89.3390410865   0.0000000002   0.0209352670
 -88.9463420048   0.0000000002   0.0210660427
 -88.5536429231   0.0000000002   0.0211977816
 -88.1609438414   0.0000000002   0.0213304970
 -87.7682447597   0.0000000002   0.0214642023
 -87.3755456780   0.0000000002   0.0215989110
 -86.9828465963   0.0000000002   0.0217346372
 -86.5901475146   0.0000000002   0.0218713948
 -86.1974484329   0.0000000002   0.0220091984
 -85.8047493512   0.0000000002   0.0221480625
 -85.4120502695   0.0000000002   0.0222880021
 -85.0193511878   0.0000000002   0.0224290323
 -84.6266521061   0.0000000002   0.0225711687
 -84.2339530244   0.0000000002   0.0227144269
 -83.8412539427   0.0000000002   0.0228588231
 -83.4485548610   0.0000000002   0.0230043735
 -83.0558557793   0.0000000002   0.0231510947
 -82.6631566976   0.0000000002   0.0232990039
 -82.2704576159   0.0000000002   0.0234481181
 -81.8777585342   0.0000000002   0.0235984551
 -81.4850594525   0.0000000002   0.0237500328
 -81.0923603708   0.0000000002   0.0239028694
 -80.6996612891   0.0000000002   0.0240569836
 -80.3069622074   0.0000000002   0.0242123943
 -79.9142631257   0.0000000002   0.0243691211
 -79.5215640440   0.0000000002   0.0245271835
 -79.1288649623   0.0000000002   0.0246866017
 -78.7361658806   0.0000000002   0.0248473963
 -78.3434667989   0.0000000002   0.0250095881
 -77.9507677172   0.0000000002   0.0251731986
 -77.5580686355   0.0000000002   0.0253382496
 -77.1653695538   0.0000000002   0.0255047631
 -76.7726704721   0.0000000002   0.0256727619
 -76.3799713904   0.0000000002   0.0258422692
 -75.9872723087   0.0000000002   0.0260133085
 -75.5945732270   0.0000000002   0.0261859040
 -75.2018741453   0.0000000002   0.0263600801
 -74.8091750636   0.0000000002   0.0265358621
 -74.4164759819   0.0000000002   0.0267132755
 -74.0237769002   0.0000000002   0.0268923465
 -73.6310778185   0.0000000002   0.0270731017
 -73.2383787368   0.0000000002   0.0272555686
 -72.8456796551   0.0000000003   0.0274397749
 -72.4529805734   0.0000000003   0.0276257491
 -72.0602814917   0.0000000003   0.0278135203
 -71.6675824100   0.0000000003   0.0280031182
 -71.2748833283   0.0000000003   0.0281945731
 -70.8821842466   0.0000000003   0.0283879161
 -70.4894851649   0.0000000003   0.0285831788
 -70.0967860832   0.0000000003   0.0287803937
 -69.7040870015   0.0000000003   0.0289795939
 -69.3113879198   0.0000000003   0.0291808132
 -68.9186888381   0.0000000003   0.0293840864
 -68.5259897564   0.0000000003   0.0295894488
 -68.1332906747   0.0000000003   0.0297969366
 -67.7405915930   0.0000000003   0.0300065870
 -67.3478925113   0.0000000003   0.0302184379
 -66.9551934296   0.0000000003   0.0304325280
 -66.5624943479   0.0000000003   0.0306488970
 -66.1697952662   0.0000000003   0.0308675857
 -65.7770961845   0.0000000003   0.0310886356
 -65.3843971028   0.0000000003   0.0313120892
 -64.9916980211   0.0000000003   0.0315379903
 -64.5989989394   0.0000000003   0.0317663834
 -64.2062998577   0.0000000003   0.0319973144
 -63.8136007760   0.0000000003   0.0322308300
 -63.4209016943   0.0000000003   0.0324669783
 -63.0282026126   0.0000000003   0.0327058084
 -62.6355035309   0.0000000003   0.0329473708
 -62.2428044492   0.0000000003   0.0331917172
 -61.8501053675   0.0000000003   0.0334389005
 -61.4574062859   0.0000000003   0.0336889750
 -61.0647072042   0.0000000003   0.0339419964
 -60.6720081225   0.0000000004   0.0341980218
 -60.2793090408   0.0000000004   0.0344571099
 -59.8866099591   0.0000000004   0.0347193206
 -59.4939108774   0.0000000004   0.0349847158
 -59.1012117957   0.0000000004   0.0352533587
 -58.7085127140   0.0000000004   0.0355253143
 -58.3158136323   0.0000000004   0.0358006493
 -57.9231145506   0.0000000004   0.0360794322
 -57.5304154689   0.0000000004   0.0363617333
 -57.1377163872   0.0000000004   0.0366476249
 -56.7450173055   0.0000000004   0.0369371813
 -56.3523182238   0.0000000004   0.0372304787
 -55.9596191421   0.0000000004   0.0375275955
 -55.5669200604   0.0000000004   0.0378286123
 -55.1742209787   0.0000000004   0.0381336119
 -54.7815218970   0.0000000004   0.0384426797
 -54.3888228153   0.0000000004   0.0387559031
 -53.9961237336   0.0000000004   0.0390733724
 -53.6034246519   0.0000000004   0.0393951803
 -53.2107255702   0.0000000005   0.0397214223
 -52.8180264885   0.0000000005   0.0400521966
 -52.4253274068   0.0000000005   0.0403876045
 -52.0326283251   0.0000000005   0.0407277500
 -51.6399292434   0.0000000005   0.0410727407
 -51.2472301617   0.0000000005   0.0414226869
 -50.8545310800   0.0000000005   0.0417777027
 -50.4618319983   0.0000000005   0.0421379055
 -50.0691329166   0.0000000005   0.0425034163
 -49.6764338349   0.0000000005   0.0428743600
 -49.2837347532   0.0000000005   0.0432508654
 -48.8910356715   0.0000000005   0.0436330653
 -48.4983365898   0.0000000005   0.0440210968
 -48.1056375081   0.0000000006   0.0444151013
 -47.7129384264   0.0000000006   0.0448152251
 -47.3202393447   0.0000000006   0.0452216189
 -46.9275402630   0.0000000006   0.0456344386
 -46.5348411813   0.0000000006   0.0460538452
 -46.1421420996   0.0000000006   0.0464800051
 -45.7494430179   0.0000000006   0.0469130903
 -45.3567439362   0.0000000006   0.0473532787
 -44.9640448545   0.0000000006   0.0478007544
 -44.5713457728   0.0000000006   0.0482557077
 -44.1786466911   0.0000000007   0.0487183356
 -43.7859476094   0.0000000007   0.0491888422
 -43.3932485277   0.0000000007   0.0496674387
 -43.0005494460   0.0000000007   0.0501543438
 -42.6078503643   0.0000000007   0.0506497844
 -42.2151512826   0.0000000007   0.0511539954
 -41.8224522009   0.0000000007   0.0516672206
 -41.4297531192   0.0000000007   0.0521897126
 -41.0370540375   0.0000000008   0.0527217337
 -40.6443549558   0.0000000008   0.0532635560
 -40.2516558741   0.0000000008   0.0538154622
 -39.8589567924   0.0000000008   0.0543777456
 -39.4662577107   0.0000000008   0.0549507113
 -39.0735586290   0.0000000008   0.0555346760
 -38.6808595473   0.0000000008   0.0561299694
 -38.2881604656   0.0000000009   0.0567369340
 -37.8954613839   0.0000000009   0.0573559266
 -37.5027623022   0.0000000009   0.0579873183
 -37.1100632205   0.0000000009   0.0586314956
 -36.7173641388   0.0000000009   0.0592888612
 -36.3246650571   0.0000000010   0.0599598348
 -35.9319659754   0.0000000010   0.0606448539
 -35.5392668937   0.0000000010   0.0613443749
 -35.1465678120   0.0000000010   0.0620588741
 -34.7538687303   0.0000000010   0.0627888486
 -34.3611696486   0.0000000011   0.0635348179
 -33.9684705669   0.0000000011   0.0642973245
 -33.5757714852   0.0000000011   0.0650769357
 -33.1830724035   0.0000000011   0.0658742451
 -32.7903733218   0.0000000012   0.0666898736
 -32.3976742401   0.0000000012   0.0675244713
 -32.0049751584   0.0000000012   0.0683787194
 -31.6122760767   0.0000000013   0.0692533316
 -31.2195769950   0.0000000013   0.0701490567
 -30.8268779133   0.0000000013   0.0710666801
 -30.4341788317   0.0000000013   0.0720070263
 -30.0414797500   0.0000000014   0.0729709617
 -29.6487806683   0.0000000014   0.0739593966
 -29.2560815866   0.0000000015   0.0749732886
 -28.8633825049   0.0000000015   0.0760136453
 -28.4706834232   0.0000000015   0.0770815278
 -28.0779843415   0.0000000016   0.0781780541
 -27.6852852598   0.0000000016   0.0793044032
 -27.2925861781   0.0000000017   0.0804618189
 -26.8998870964   0.0000000017   0.0816516145
 -26.5071880147   0.0000000018   0.0828751778
 -26.1144889330   0.0000000018   0.0841339759
 -25.7217898513   0.0000000019   0.0854295617
 -25.3290907696   0.0000000019   0.0867635793
 -24.9363916879   0.0000000020   0.0881377714
 -24.5436926062   0.0000000021   0.0895539864
 -24.1509935245   0.0000000021   0.0910141865
 -23.7582944428   0.0000000022   0.0925204564
 -23.3655953611   0.0000000023   0.0940750130
 -22.9728962794   0.0000000023   0.0956802161
 -22.5801971977   0.0000000024   0.0973385793
 -22.1874981160   0.0000000025   0.0990527834
 -21.7947990343   0.0000000026   0.1008256895
 -21.4020999526   0.0000000027   0.1026603549
 -21.0094008709   0.0000000028   0.1045600494
 -20.6167017892   0.0000000029   0.1065282740
 -20.2240027075   0.0000000030   0.1085687813
 -19.8313036258   0.0000000031   0.1106855982
 -19.4386045441   0.0000000032   0.1128830506
 -19.0459054624   0.0000000034   0.1151657914
 -18.6532063807   0.0000000035   0.1175388314
 -18.2605072990   0.0000000036   0.1200075733
 -17.8678082173   0.0000000038   0.1225778501
 -17.4751091356   0.0000000040   0.1252559673
 -17.0824100539   0.0000000041   0.1280487513
 -16.6897109722   0.0000000043   0.1309636017
 -16.2970118905   0.0000000045   0.1340085521
 -15.9043128088   0.0000000047   0.1371923362
 -15.5116137271   0.0000000050   0.1405244643
 -15.1189146454   0.0000000052   0.1440153074
 -14.7262155637   0.0000000055   0.1476761940
 -14.3335164820   0.0000000058   0.1515195179
 -13.9408174003   0.0000000061   0.1555588614
 -13.5481183186   0.0000000064   0.1598091341
 -13.1554192369   0.0000000068   0.1642867308
 -12.7627201552   0.0000000072   0.1690097105
 -12.3700210735   0.0000000076   0.1739980003
 -11.9773219918   0.0000000081   0.1792736266
 -11.5846229101   0.0000000086   0.1848609783
 -11.1919238284   0.0000000091   0.1907871054
 -10.7992247467   0.0000000098   0.1970820581
 -10.4065256650   0.0000000104   0.2037792700
 -10.0138265833   0.0000000112   0.2109159895
  -9.6211275016   0.0000000120   0.2185337623
  -9.2284284199   0.0000000129   0.2266789655
  -8.8357293382   0.0000000140   0.2354033896
  -8.4430302565   0.0000000151   0.2447648570
  -8.0503311748   0.0000000164   0.2548278530
  -7.6576320931   0.0000000179   0.2656641245
  -7.2649330114   0.0000000196   0.2773531645
  -6.8722339297   0.0000000215   0.2899824423
  -6.4795348480   0.0000000236   0.3036471387
  -6.0868357663   0.0000000261   0.3184489810
  -5.6941366846   0.0000000290   0.3344934904
  -5.3014376029   0.0000000324   0.3518844776
  -4.9087385212   0.0000000363   0.3707137979
  -4.5160394395   0.0000000409   0.3910429375
  -4.1233403578   0.0000000464   0.4128704567
  -3.7306412761   0.0000000530   0.4360747334
  -3.3379421944   0.0000000608   0.4603131274
  -2.9452431127   0.0000000703   0.4848433794
  -2.5525440310   0.0000000818   0.5082048837
  -2.1598449493   0.0000000957   0.5276463133
  -1.7671458676   0.0000001124   0.5380977489
  -1.3744467859   0.0000001319   0.5303549008
  -0.9817477042   0.0000001537   0.4880508950
  -0.5890486225   0.0000001749   0.3834500849
  -0.1963495408   0.0000001895   0.1753597241
   0.1963495408   0.0000001895  -0.1753597241
   0.5890486225   0.0000001749  -0.3834500849
   0.9817477042   0.0000001537  -0.4880508950
   1.3744467859   0.0000001319  -0.5303549008
   1.7671458676   0.0000001124  -0.5380977489
   2.1598449493   0.0000000957  -0.5276463133
   2.5525440310   0.0000000818  -0.5082048837
   2.9452431127   0.0000000703  -0.4848433794
   3.3379421944   0.0000000608  -0.4603131274
   3.7306412761   0.0000000530  -0.4360747334
   4.1233403578   0.0000000464  -0.4128704567
   4.5160394395   0.0000000409  -0.3910429375
   4.9087385212   0.0000000363  -0.3707137979
   5.3014376029   0.0000000324  -0.3518844776
   5.6941366846   0.0000000290  -0.3344934904
   6.0868357663   0.0000000261  -0.3184489810
   6.4795348480   0.0000000236  -0.3036471387
   6.8722339297   0.0000000215  -0.2899824423
   7.2649330114   0.0000000196  -0.2773531645
   7.6576320931   0.0000000179  -0.2656641245
   8.0503311748   0.0000000164  -0.2548278530
   8.4430302565   0.0000000151  -0.2447648570
   8.8357293382   0.0000000140  -0.2354033896
   9.2284284199   0.0000000130  -0.2266789655
   9.6211275016   0.0000000120  -0.2185337623
  10.0138265833   0.0000000112  -0.2109159895
  10.4065256650   0.0000000104  -0.2037792700
  10.7992247467   0.0000000098  -0.1970820581
  11.1919238284   0.0000000091  -0.1907871054
  11.5846229101   0.0000000086  -0.1848609783
  11.9773219918   0.0000000081  -0.1792736266
  12.3700210735   0.0000000076  -0.1739980003
  12.7627201552   0.0000000072  -0.1690097105
  13.1554192369   0.0000000068  -0.1642867308
  13.5481183186   0.0000000064  -0.1598091341
  13.9408174003   0.0000000061  -0.1555588614
  14.3335164820   0.0000000058  -0.1515195179
  14.7262155637   0.0000000055  -0.1476761940
  15.1189146454   0.0000000052  -0.1440153074
  15.5116137271   0.0000000050  -0.1405244643
  15.9043128088   0.0000000047  -0.1371923362
  16.2970118905   0.0000000045  -0.1340085521
  16.6897109722   0.0000000043  -0.1309636017
  17.0824100539   0.0000000041  -0.1280487513
  17.4751091356   0.0000000040  -0.1252559673
  17.8678082173   0.0000000038  -0.1225778501
  18.2605072990   0.0000000036  -0.1200075733
  18.6532063807   0.0000000035  -0.1175388314
  19.0459054624   0.0000000034  -0.1151657914
  19.4386045441   0.0000000032  -0.1128830506
  19.8313036258   0.0000000031  -0.1106855982
  20.2240027075   0.0000000030  -0.1085687813
  20.6167017892   0.0000000029  -0.1065282740
  21.0094008709   0.0000000028  -0.1045600494
  21.4020999526   0.0000000027  -0.1026603549
  21.7947990343   0.0000000026  -0.1008256895
  22.1874981160   0.0000000025  -0.0990527834
  22.5801971977   0.0000000024  -0.0973385793
  22.9728962794   0.0000000023  -0.0956802161
  23.3655953611   0.0000000023  -0.0940750130
  23.7582944428   0.0000000022  -0.0925204564
  24.1509935245   0.0000000021  -0.0910141865
  24.5436926062   0.0000000021  -0.0895539864
  24.9363916879   0.0000000020  -0.0881377714
  25.3290907696   0.0000000019  -0.0867635793
  25.7217898513   0.0000000019  -0.0854295617
  26.1144889330   0.0000000018  -0.0841339759
  26.5071880147   0.0000000018  -0.0828751778
  26.8998870964   0.0000000017  -0.0816516145
  27.2925861781   0.0000000017  -0.0804618189
  27.6852852598   0.0000000016  -0.0793044032
  28.0779843415   0.0000000016  -0.0781780541
  28.4706834232   0.0000000015  -0.0770815278
  28.8633825049   0.0000000015  -0.0760136453
  29.2560815866   0.0000000015  -0.0749732886
  29.6487806683   0.0000000014  -0.0739593966
  30.0414797500   0.0000000014  -0.0729709617
  30.4341788317   0.0000000013  -0.0720070263
  30.8268779133   0.0000000013  -0.0710666801
  31.2195769950   0.0000000013  -0.0701490567
  31.6122760767   0.0000000013  -0.0692533316
  32.0049751584   0.0000000012  -0.0683787194
  32.3976742401   0.0000000012  -0.0675244713
  32.7903733218   0.0000000012  -0.0666898736
  33.1830724035   0.0000000011  -0.0658742451
  33.5757714852   0.0000000011  -0.0650769357
  33.9684705669   0.0000000011  -0.0642973245
  34.3611696486   0.0000000011  -0.0635348179
  34.7538687303   0.0000000010  -0.0627888486
  35.1465678120   0.0000000010  -0.0620588741
  35.5392668937   0.0000000010  -0.0613443749
  35.9319659754   0.0000000010  -0.0606448539
  36.3246650571   0.0000000010  -0.0599598348
  36.7173641388   0.0000000009  -0.0592888612
  37.1100632205   0.0000000009  -0.0586314956
  37.5027623022   0.0000000009  -0.0579873183
  37.8954613839   0.0000000009  -0.0573559266
  38.2881604656   0.0000000009  -0.0567369340
  38.6808595473   0.0000000008  -0.0561299694
  39.0735586290   0.0000000008  -0.0555346760
  39.4662577107   0.0000000008  -0.0549507113
  39.8589567924   0.0000000008  -0.0543777456
  40.2516558741   0.0000000008  -0.0538154622
  40.6443549558   0.0000000008  -0.0532635560
  41.0370540375   0.0000000008  -0.0527217337
  41.4297531192   0.0000000007  -0.0521897126
  41.8224522009   0.0000000007  -0.0516672206
  42.2151512826   0.0000000007  -0.0511539954
  42.6078503643   0.0000000007  -0.0506497844
  43.0005494460   0.0000000007  -0.0501543438
  43.3932485277   0.0000000007  -0.0496674387
  43.7859476094   0.0000000007  -0.0491888422
  44.1786466911   0.0000000007  -0.0487183356
  44.5713457728   0.0000000006  -0.0482557077
  44.9640448545   0.0000000006  -0.0478007544
  45.3567439362   0.0000000006  -0.0473532787
  45.7494430179   0.0000000006  -0.0469130903
  46.1421420996   0.0000000006  -0.0464800051
  46.5348411813   0.0000000006  -0.0460538452
  46.9275402630   0.0000000006  -0.0456344386
  47.3202393447   0.0000000006  -0.0452216189
  47.7129384264   0.0000000006  -0.0448152251
  48.1056375081   0.0000000006  -0.0444151013
  48.4983365898   0.0000000005  -0.0440210968
  48.8910356715   0.0000000005  -0.0436330653
  49.2837347532   0.0000000005  -0.0432508654
  49.6764338349   0.0000000005  -0.0428743600
  50.0691329166   0.0000000005  -0.0425034163
  50.4618319983   0.0000000005  -0.0421379055
  50.8545310800   0.0000000005  -0.0417777027
  51.2472301617   0.0000000005  -0.0414226869
  51.6399292434   0.0000000005  -0.0410727407
  52.0326283251   0.0000000005  -0.0407277500
  52.4253274068   0.0000000005  -0.0403876045
  52.8180264885   0.0000000005  -0.0400521966
  53.2107255702   0.0000000005  -0.0397214223
  53.6034246519   0.0000000004  -0.0393951803
  53.9961237336   0.0000000004  -0.0390733724
  54.3888228153   0.0000000004  -0.0387559031
  54.7815218970   0.0000000004  -0.0384426797
  55.1742209787   0.0000000004  -0.0381336119
  55.5669200604   0.0000000004  -0.0378286123
  55.9596191421   0.0000000004  -0.0375275955
  56.3523182238   0.0000000004  -0.0372304787
  56.7450173055   0.0000000004  -0.0369371813
  57.1377163872   0.0000000004  -0.0366476249
  57.5304154689   0.0000000004  -0.0363617333
  57.9231145506   0.0000000004  -0.0360794322
  58.3158136323   0.0000000004  -0.0358006493
  58.7085127140   0.0000000004  -0.0355253143
  59.1012117957   0.0000000004  -0.0352533587
  59.4939108774   0.0000000004  -0.0349847158
  59.8866099591   0.0000000004  -0.0347193206
  60.2793090408   0.0000000004  -0.0344571099
  60.6720081225   0.0000000004  -0.0341980218
  61.0647072042   0.0000000003  -0.0339419964
  61.4574062859   0.0000000003  -0.0336889750
  61.8501053675   0.0000000003  -0.0334389005
  62.2428044492   0.0000000003  -0.0331917172
  62.6355035309   0.0000000003  -0.0329473708
  63.0282026126   0.0000000003  -0.0327058084
  63.4209016943   0.0000000003  -0.0324669783
  63.8136007760   0.0000000003  -0.0322308300
  64.2062998577   0.0000000003  -0.0319973144
  64.5989989394   0.0000000003  -0.0317663834
  64.9916980211   0.0000000003  -0.0315379903
  65.3843971028   0.0000000003  -0.0313120892
  65.7770961845   0.0000000003  -0.0310886356
  66.1697952662   0.0000000003  -0.0308675857
  66.5624943479   0.0000000003  -0.0306488970
  66.9551934296   0.0000000003  -0.0304325280
  67.3478925113   0.0000000003  -0.0302184379
  67.7405915930   0.0000000003  -0.0300065870
  68.1332906747   0.0000000003  -0.0297969366
  68.5259897564   0.0000000003  -0.0295894488
  68.9186888381   0.0000000003  -0.0293840864
  69.3113879198   0.0000000003  -0.0291808132
  69.7040870015   0.0000000003  -0.0289795939
  70.0967860832   0.0000000003  -0.0287803937
  70.4894851649   0.0000000003  -0.0285831788
  70.8821842466   0.0000000003  -0.0283879161
  71.2748833283   0.0000000003  -0.0281945731
  71.6675824100   0.0000000003  -0.0280031182
  72.0602814917   0.0000000003  -0.0278135203
  72.4529805734   0.0000000003  -0.0276257491
  72.8456796551   0.0000000003  -0.0274397749
  73.2383787368   0.0000000002  -0.0272555686
  73.6310778185   0.0000000002  -0.0270731017
  74.0237769002   0.0000000002  -0.0268923465
  74.4164759819   0.0000000002  -0.0267132755
  74.8091750636   0.0000000002  -0.0265358621
  75.2018741453   0.0000000002  -0.0263600801
  75.5945732270   0.0000000002  -0.0261859040
  75.9872723087   0.0000000002  -0.0260133085
  76.3799713904   0.0000000002  -0.0258422692
  76.7726704721   0.0000000002  -0.0256727619
  77.1653695538   0.0000000002  -0.0255047631
  77.5580686355   0.0000000002  -0.0253382496
  77.9507677172   0.0000000002  -0.0251731986
  78.3434667989   0.0000000002  -0.0250095881
  78.7361658806   0.0000000002  -0.0248473963
  79.1288649623   0.0000000002  -0.0246866017
  79.5215640440   0.0000000002  -0.0245271835
  79.9142631257   0.0000000002  -0.0243691211
  80.3069622074   0.0000000002  -0.0242123943
  80.6996612891   0.0000000002  -0.0240569836
  81.0923603708   0.0000000002  -0.0239028694
  81.4850594525   0.0000000002  -0.0237500328
  81.8777585342   0.0000000002  -0.0235984551
  82.2704576159   0.0000000002  -0.0234481181
  82.6631566976   0.0000000002  -0.0232990039
  83.0558557793   0.0000000002  -0.0231510947
  83.4485548610   0.0000000002  -0.0230043735
  83.8412539427   0.0000000002  -0.0228588231
  84.2339530244   0.0000000002  -0.0227144269
  84.6266521061   0.0000000002  -0.0225711687
  85.0193511878   0.0000000002  -0.0224290323
  85.4120502695   0.0000000002  -0.0222880021
  85.8047493512   0.0000000002  -0.0221480625
  86.1974484329   0.0000000002  -0.0220091984
  86.5901475146   0.0000000002  -0.0218713948
  86.9828465963   0.0000000002  -0.0217346372
  87.3755456780   0.0000000002  -0.0215989110
  87.7682447597   0.0000000002  -0.0214642023
  88.1609438414   0.0000000002  -0.0213304970
  88.5536429231   0.0000000002  -0.0211977816
  88.9463420048   0.0000000002  -0.0210660427
  89.3390410865   0.0000000002  -0.0209352670
  89.7317401682   0.0000000002  -0.0208054417
  90.1244392499   0.0000000002  -0.0206765540
  90.5171383316   0.0000000002  -0.0205485914
  90.9098374133   0.0000000002  -0.0204215416
  91.3025364950   0.0000000002  -0.0202953926
  91.6952355767   0.0000000002  -0.0201701324
  92.0879346584   0.0000000002  -0.0200457494
  92.4806337400   0.0000000002  -0.0199222321
  92.8733328217   0.0000000002  -0.0197995692
  93.2660319034   0.0000000002  -0.0196777496
  93.6587309851   0.0000000002  -0.0195567623
  94.0514300668   0.0000000002  -0.0194365967
  94.4441291485   0.0000000002  -0.0193172422
  94.8368282302   0.0000000002  -0.0191986883
  95.2295273119   0.0000000002  -0.0190809249
  95.6222263936   0.0000000002  -0.0189639418
  96.0149254753   0.0000000002  -0.0188477292
  96.4076245570   0.0000000002  -0.0187322774
  96.8003236387   0.0000000001  -0.0186175767
  97.1930227204   0.0000000001  -0.0185036177
  97.5857218021   0.0000000001  -0.0183903912
  97.9784208838   0.0000000001  -0.0182778879
  98.3711199655   0.0000000001  -0.0181660990
  98.7638190472   0.0000000001  -0.0180550155
  99.1565181289   0.0000000001  -0.0179446288
  99.5492172106   0.0000000001  -0.0178349302
  99.9419162923   0.0000000001  -0.0177259112
 100.3346153740   0.0000000001  -0.0176175637
 100.7273144557   0.0000000001  -0.0175098793
 101.1200135374   0.0000000001  -0.0174028501
 101.5127126191   0.0000000001  -0.0172964680
 101.9054117008   0.0000000001  -0.0171907253
 102.2981107825   0.0000000001  -0.0170856141
 102.6908098642   0.0000000001  -0.0169811271
 103.0835089459   0.0000000001  -0.0168772565
 103.4762080276   0.0000000001  -0.0167739952
 103.8689071093   0.0000000001  -0.0166713357
 104.2616061910   0.0000000001  -0.0165692711
 104.6543052727   0.0000000001  -0.0164677941
 105.0470043544   0.0000000001  -0.0163668979
 105.4397034361   0.0000000001  -0.0162665756
 105.8324025178   0.0000000001  -0.0161668205
 106.2251015995   0.0000000001  -0.0160676260
 106.6178006812   0.0000000001  -0.0159689854
 107.0104997629   0.0000000001  -0.0158708922
 107.4031988446   0.0000000001  -0.0157733403
 107.7958979263   0.0000000001  -0.0156763231
 108.1885970080   0.0000000001  -0.0155798347
 108.5812960897   0.0000000001  -0.0154838688
 108.9739951714   0.0000000001  -0.0153884194
 109.3666942531   0.0000000001  -0.0152934807
 109.7593933348   0.0000000001  -0.0151990467
 110.1520924165   0.0000000001  -0.0151051116
 110.5447914982   0.0000000001  -0.0150116699
 110.9374905799   0.0000000001  -0.0149187158
 111.3301896616   0.0000000001  -0.0148262439
 111.7228887433   0.0000000001  -0.0147342487
 112.1155878250   0.0000000001  -0.0146427247
 112.5082869067   0.0000000001  -0.0145516667
 112.9009859884   0.0000000001  -0.0144610694
 113.2936850701   0.0000000001  -0.0143709277
 113.6863841518   0.0000000001  -0.0142812364
 114.0790832335   0.0000000001  -0.0141919905
 114.4717823152   0.0000000001  -0.0141031851
 114.8644813969   0.0000000001  -0.0140148152
 115.2571804786   0.0000000001  -0.0139268759
 115.6498795603   0.0000000001  -0.0138393626
 116.0425786420   0.0000000001  -0.0137522704
 116.4352777237   0.0000000001  -0.0136655948
 116.8279768054   0.0000000001  -0.0135793312
 117.2206758871   0.0000000001  -0.0134934749
 117.6133749688   0.0000000001  -0.0134080215
 118.0060740505   0.0000000001  -0.0133229667
 118.3987731322   0.0000000001  -0.0132383059
 118.7914722139   0.0000000001  -0.0131540350
 119.1841712956   0.0000000001  -0.0130701497
 119.5768703773   0.0000000001  -0.0129866457
 119.9695694590   0.0000000001  -0.0129035189
 120.3622685407   0.0000000001  -0.0128207652
 120.7549676224   0.0000000001  -0.0127383806
 121.1476667041   0.0000000001  -0.0126563610
 121.5403657858   0.0000000001  -0.0125747026
 121.9330648675   0.0000000001  -0.0124934013
 122.3257639492   0.0000000001  -0.0124124534
 122.7184630309   0.0000000001  -0.0123318551
 123.1111621125   0.0000000001  -0.0122516025
 123.5038611942   0.0000000001  -0.0121716919
 123.8965602759   0.0000000001  -0.0120921198
 124.2892593576   0.0000000001  -0.0120128824
 124.6819584393   0.0000000001  -0.0119339762
 125.0746575210   0.0000000001  -0.0118553976
 125.4673566027   0.0000000001  -0.0117771432
 125.8600556844   0.0000000001  -0.0116992094
 126.2527547661   0.0000000001  -0.0116215929
 126.6454538478   0.0000000001  -0.0115442902
 127.0381529295   0.0000000001  -0.0114672980
 127.4308520112   0.0000000001  -0.0113906130
 127.8235510929   0.0000000001  -0.0113142320
 128.2162501746   0.0000000001  -0.0112381517
 128.6089492563   0.0000000001  -0.0111623689
 129.0016483380   0.0000000001  -0.0110868805
 129.3943474197   0.0000000001  -0.0110116833
 129.7870465014   0.0000000001  -0.0109367743
 130.1797455831   0.0000000001  -0.0108621504
 130.5724446648   0.0000000001  -0.0107878086
 130.9651437465   0.0000000001  -0.0107137459
 131.3578428282   0.0000000001  -0.0106399593
 131.7505419099   0.0000000001  -0.0105664460
 132.1432409916   0.0000000001  -0.0104932030
 132.5359400733   0.0000000001  -0.0104202275
 132.9286391550   0.0000000001  -0.0103475167
 133.3213382367   0.0000000001  -0.0102750677
 133.7140373184   0.0000000001  -0.0102028778
 134.1067364001   0.0000000001  -0.0101309443
 134.4994354818   0.0000000001  -0.0100592644
 134.8921345635   0.0000000001  -0.0099878356
 135.2848336452   0.0000000001  -0.0099166550
 135.6775327269   0.0000000001  -0.0098457201
 136.0702318086   0.0000000001  -0.0097750284
 136.4629308903   0.0000000001  -0.0097045772
 136.8556299720   0.0000000001  -0.0096343640
 137.2483290537   0.0000000001  -0.0095643862
 137.6410281354   0.0000000001  -0.0094946415
 138.0337272171   0.0000000001  -0.0094251272
 138.4264262988   0.0000000001  -0.0093558411
 138.8191253805   0.0000000001  -0.0092867806
 139.2118244622   0.0000000001  -0.0092179434
 139.6045235439   0.0000000001  -0.0091493271
 139.9972226256   0.0000000001  -0.0090809294
 140.3899217073   0.0000000001  -0.0090127479
 140.7826207890   0.0000000001  -0.0089447803
 141.1753198707   0.0000000001  -0.0088770244
 141.5680189524   0.0000000001  -0.0088094779
 141.9607180341   0.0000000001  -0.0087421386
 142.3534171158   0.0000000001  -0.0086750042
 142.7461161975   0.0000000001  -0.0086080727
 143.1388152792   0.0000000001  -0.0085413417
 143.5315143609   0.0000000001  -0.0084748092
 143.9242134426   0.0000000001  -0.0084084730
 144.3169125243   0.0000000001  -0.0083423310
 144.7096116060   0.0000000001  -0.0082763812
 145.1023106877   0.0000000001  -0.0082106214
 145.4950097694   0.0000000001  -0.0081450497
 145.8877088511   0.0000000001  -0.0080796639
 146.2804079328   0.0000000001  -0.0080144621
 146.6731070145   0.0000000001  -0.0079494422
 147.0658060962   0.0000000001  -0.0078846023
 147.4585051779   0.0000000001  -0.0078199405
 147.8512042596   0.0000000001  -0.0077554547
 148.2439033413   0.0000000001  -0.0076911432
 148.6366024230   0.0000000001  -0.0076270038
 149.0293015047   0.0000000001  -0.0075630349
 149.4220005864   0.0000000001  -0.0074992344
 149.8146996681   0.0000000001  -0.0074356005
 150.2073987498   0.0000000001  -0.0073721315
 150.6000978315   0.0000000001  -0.0073088253
 150.9927969132   0.0000000001  -0.0072456804
 151.3854959949   0.0000000001  -0.0071826948
 151.7781950766   0.0000000001  -0.0071198667
 152.1708941583   0.0000000001  -0.0070571945
 152.5635932400   0.0000000001  -0.0069946763
 152.9562923217   0.0000000001  -0.0069323104
 153.3489914034   0.0000000001  -0.0068700950
 153.7416904851   0.0000000001  -0.0068080286
 154.1343895667   0.0000000001  -0.0067461094
 154.5270886484   0.0000000001  -0.0066843356
 154.9197877301   0.0000000001  -0.0066227057
 155.3124868118   0.0000000001  -0.0065612179
 155.7051858935   0.0000000001  -0.0064998707
 156.0978849752   0.0000000001  -0.0064386623
 156.4905840569   0.0000000001  -0.0063775913
 156.8832831386   0.0000000001  -0.0063166559
 157.2759822203   0.0000000001  -0.0062558546
 157.6686813020   0.0000000001  -0.0061951858
 158.0613803837   0.0000000001  -0.0061346479
 158.4540794654   0.0000000001  -0.0060742394
 158.8467785471   0.0000000001  -0.0060139588
 159.2394776288   0.0000000001  -0.0059538044
 159.6321767105   0.0000000001  -0.0058937748
 160.0248757922   0.0000000001  -0.0058338684
 160.4175748739   0.0000000001  -0.0057740838
 160.8102739556   0.0000000001  -0.0057144195
 161.2029730373   0.0000000001  -0.0056548739
 161.5956721190   0.0000000001  -0.0055954457
 161.9883712007   0.0000000001  -0.0055361333
 162.3810702824   0.0000000001  -0.0054769353
 162.7737693641   0.0000000001  -0.0054178503
 163.1664684458   0.0000000001  -0.0053588768
 163.5591675275   0.0000000001  -0.0053000134
 163.9518666092   0.0000000001  -0.0052412587
 164.3445656909   0.0000000001  -0.0051826113
 164.7372647726   0.0000000001  -0.0051240698
 165.1299638543   0.0000000001  -0.0050656328
 165.5226629360   0.0000000001  -0.0050072990
 165.9153620177   0.0000000001  -0.0049490670
 166.3080610994   0.0000000001  -0.0048909353
 166.7007601811   0.0000000001  -0.0048329028
 167.0934592628   0.0000000001  -0.0047749679
 167.4861583445   0.0000000001  -0.0047171295
 167.8788574262   0.0000000001  -0.0046593861
 168.2715565079   0.0000000001  -0.0046017365
 168.6642555896   0.0000000001  -0.0045441793
 169.0569546713   0.0000000001  -0.0044867133
 169.4496537530   0.0000000001  -0.0044293371
 169.8423528347   0.0000000001  -0.0043720495
 170.2350519164   0.0000000001  -0.0043148492
 170.6277509981   0.0000000001  -0.0042577349
 171.0204500798   0.0000000001  -0.0042007053
 171.4131491615   0.0000000001  -0.0041437592
 171.8058482432   0.0000000001  -0.0040868954
 172.1985473249   0.0000000001  -0.0040301125
 172.5912464066   0.0000000001  -0.0039734094
 172.9839454883   0.0000000001  -0.0039167848
 173.3766445700   0.0000000001  -0.0038602376
 173.7693436517   0.0000000001  -0.0038037664
 174.1620427334   0.0000000001  -0.0037473700
 174.5547418151   0.0000000001  -0.0036910474
 174.9474408968   0.0000000001  -0.0036347972
 175.3401399785   0.0000000001  -0.0035786182
 175.7328390602   0.0000000001  -0.0035225094
 176.1255381419   0.0000000001  -0.0034664694
 176.5182372236   0.0000000001  -0.0034104971
 176.9109363053   0.0000000001  -0.0033545914
 177.3036353870   0.0000000001  -0.0032987511
 177.6963344687   0.0000000001  -0.0032429750
 178.0890335504   0.0000000001  -0.0031872619
 178.4817326321   0.0000000001  -0.0031316107
 178.8744317138   0.0000000001  -0.0030760203
 179.2671307955   0.0000000001  -0.0030204895
 179.6598298772   0.0000000001  -0.0029650172
 180.0525289589   0.0000000001  -0.0029096023
 180.4452280406   0.0000000001  -0.0028542435
 180.8379271223   0.0000000001  -0.0027989399
 181.2306262040   0.0000000001  -0.0027436902
 181.6233252857   0.0000000001  -0.0026884934
 182.0160243674   0.0000000001  -0.0026333484
 182.4087234491   0.0000000001  -0.0025782540
 182.8014225308   0.0000000001  -0.0025232091
 183.1941216125   0.0000000001  -0.0024682127
 183.5868206942   0.0000000001  -0.0024132637
 183.9795197759   0.0000000001  -0.0023583609
 184.3722188576   0.0000000001  -0.0023035033
 184.7649179392   0.0000000001  -0.0022486898
 185.1576170209   0.0000000001  -0.0021939193
 185.5503161026   0.0000000001  -0.0021391907
 185.9430151843   0.0000000001  -0.0020845030
 186.3357142660   0.0000000001  -0.0020298551
 186.7284133477   0.0000000001  -0.0019752459
 187.1211124294   0.0000000001  -0.0019206745
 187.5138115111   0.0000000001  -0.0018661396
 187.9065105928   0.0000000001  -0.0018116403
 188.2992096745   0.0000000001  -0.0017571755
 188.6919087562   0.0000000001  -0.0017027442
 189.0846078379   0.0000000001  -0.0016483453
 189.4773069196   0.0000000001  -0.0015939778
 189.8700060013   0.0000000001  -0.0015396407
 190.2627050830   0.0000000001  -0.0014853329
 190.6554041647   0.0000000001  -0.0014310534
 191.0481032464   0.0000000001  -0.0013768011
 191.4408023281   0.0000000001  -0.0013225752
 191.8335014098   0.0000000001  -0.0012683744
 192.2262004915   0.0000000001  -0.0012141980
 192.6188995732   0.0000000001  -0.0011600447
 193.0115986549   0.0000000001  -0.0011059138
 193.4042977366   0.0000000001  -0.0010518041
 193.7969968183   0.0000000001  -0.0009977147
 194.1896959000   0.0000000001  -0.0009436448
 194.5823949817   0.0000000001  -0.0008895932
 194.9750940634   0.0000000001  -0.0008355591
 195.3677931451   0.0000000001  -0.0007815417
 195.7604922268   0.0000000001  -0.0007275401
 196.1531913085   0.0000000001  -0.0006735534
 196.5458903902   0.0000000001  -0.0006195810
 196.9385894719   0.0000000001  -0.0005656221
 197.3312885536   0.0000000001  -0.0005116763
 197.7239876353   0.0000000001  -0.0004577430
 198.1166867170   0.0000000001  -0.0004038223
 198.5093857987   0.0000000001  -0.0003499142
 198.9020848804   0.0000000001  -0.0002960195
 199.2947839621   0.0000000001  -0.0002421396
 199.6874830438   0.0000000001  -0.0001882774
 200.0801821255   0.0000000001  -0.0001344375
 200.4728812072   0.0000000001  -0.0000806275
 200.8655802889   0.0000000001  -0.0000268586
