   0.0000000000  -1.0285916263
   0.0250000000  -1.0275168410
   0.0500000000  -1.0282534709
   0.0750000000  -1.0226097527
   0.1000000000  -1.0201296830
   0.1250000000  -1.0113701354
   0.1500000000  -1.0058830702
   0.1750000000  -0.9942828292
   0.2000000000  -0.9861201943
   0.2250000000  -0.9720672073
   0.2500000000  -0.9616581639
   0.2750000000  -0.9456265795
   0.3000000000  -0.9334689245
   0.3250000000  -0.9159884711
   0.3500000000  -0.9026176175
   0.3750000000  -0.8842421609
   0.4000000000  -0.8702011841
   0.4250000000  -0.8514792921
   0.4500000000  -0.8372923974
   0.4750000000  -0.8187420142
   0.5000000000  -0.8048929202
   0.5250000000  -0.7869813627
   0.5500000000  -0.7738972092
   0.5750000000  -0.7570268521
   0.6000000000  -0.7450675115
   0.6250000000  -0.7295668760
   0.6500000000  -0.7190190644
   0.6750000000  -0.7051386269
   0.7000000000  -0.6962139905
   0.7250000000  -0.6841258743
   0.7500000000  -0.6769622181
   0.7750000000  -0.6667629543
   0.8000000000  -0.6614278954
   0.8250000000  -0.6531435583
   0.8500000000  -0.6496400474
   0.8750000000  -0.6432332108
   0.9000000000  -0.6415065079
   0.9250000000  -0.6368845831
   0.9500000000  -0.6368303672
   0.9750000000  -0.6338549472
   1.0000000000  -0.6353282702
   1.0250000000  -0.6338251245
   1.0500000000  -0.6366499066
   1.0750000000  -0.6364192544
   1.1000000000  -0.6403979834
   1.1250000000  -0.6412246547
   1.1500000000  -0.6461479158
   1.1750000000  -0.6478110004
   1.2000000000  -0.6534664546
   1.2250000000  -0.6557480652
   1.2500000000  -0.6619285219
   1.2750000000  -0.6646213551
   1.3000000000  -0.6711316470
   1.3250000000  -0.6740451159
   1.3500000000  -0.6807075794
   1.3750000000  -0.6836724006
   1.4000000000  -0.6903308687
   1.4250000000  -0.6932020962
   1.4500000000  -0.6997244213
   1.4750000000  -0.7023830174
   1.5000000000  -0.7086622274
   1.5250000000  -0.7110153384
   1.5500000000  -0.7169695989
   1.5750000000  -0.7189497494
   1.6000000000  -0.7245213431
   1.6250000000  -0.7260847825
   1.6500000000  -0.7312383301
   1.6750000000  -0.7323627646
   1.7000000000  -0.7370829046
   1.7250000000  -0.7377648218
   1.7500000000  -0.7420535418
   1.7750000000  -0.7423053067
   1.8000000000  -0.7461790873
   1.8250000000  -0.7460259507
   1.8500000000  -0.7495128496
   1.8750000000  -0.7489899758
   1.9000000000  -0.7521267483
   1.9250000000  -0.7512763419
   1.9500000000  -0.7541056697
   1.9750000000  -0.7529742606
   2.0000000000  -0.7555421488
   2.0250000000  -0.7541780857
   2.0500000000  -0.7565314760
   2.0750000000  -0.7549826726
   2.1000000000  -0.7571673216
   2.1250000000  -0.7554793011
   2.1500000000  -0.7575379695
   2.1750000000  -0.7557522479
   2.2000000000  -0.7577232437
   2.2250000000  -0.7558760901
   2.2500000000  -0.7577921988
   2.2750000000  -0.7559137979
   2.3000000000  -0.7578016192
   2.3250000000  -0.7559156436
   2.3500000000  -0.7577953354
   2.3750000000  -0.7559189151
   2.4000000000  -0.7578043197
   2.4250000000  -0.7559483732
   2.4500000000  -0.7578474826
   2.4750000000  -0.7560173526
   2.5000000000  -0.7579330453
   2.5250000000  -0.7561293656
   2.5500000000  -0.7580603391
   2.5750000000  -0.7562800495
   2.6000000000  -0.7582218607
   2.6250000000  -0.7564592852
   2.6500000000  -0.7584054178
   2.6750000000  -0.7566533245
   2.7000000000  -0.7585962061
   2.7250000000  -0.7568467822
   2.7500000000  -0.7587786908
   2.7750000000  -0.7570243788
   2.8000000000  -0.7589381944
   2.8250000000  -0.7571723552
   2.8500000000  -0.7590621309
   2.8750000000  -0.7572795195
   2.9000000000  -0.7591408634
   2.9250000000  -0.7573379150
   2.9500000000  -0.7591681915
   2.9750000000  -0.7573431352
   3.0000000000  -0.7591415034
   3.0250000000  -0.7572943249
   3.0500000000  -0.7590616415
   3.0750000000  -0.7571939270
   3.1000000000  -0.7589325454
   3.1250000000  -0.7570472374
   3.1500000000  -0.7587607340
   3.1750000000  -0.7568618320
   3.2000000000  -0.7585546915
   3.2250000000  -0.7566469248
   3.2500000000  -0.7583242101
   3.2750000000  -0.7564127095
   3.3000000000  -0.7580797387
   3.3250000000  -0.7561697254
   3.3500000000  -0.7578317738
   3.3750000000  -0.7559282800
   3.4000000000  -0.7575903187
   3.4250000000  -0.7556979510
   3.4500000000  -0.7573644306
   3.4750000000  -0.7554871814
   3.5000000000  -0.7571618650
   3.5250000000  -0.7553029742
   3.5500000000  -0.7569888208
   3.5750000000  -0.7551506873
   3.6000000000  -0.7568497839
   3.6250000000  -0.7550339251
   3.6500000000  -0.7567474652
   3.6750000000  -0.7549545194
   3.7000000000  -0.7566828219
   3.7250000000  -0.7549125891
   3.7500000000  -0.7566551535
   3.7750000000  -0.7549066680
   3.8000000000  -0.7566622582
   3.8250000000  -0.7549338864
   3.8500000000  -0.7567006382
   3.8750000000  -0.7549901959
   3.9000000000  -0.7567657398
   3.9250000000  -0.7550706211
   3.9500000000  -0.7568522156
   3.9750000000  -0.7551695277
   4.0000000000  -0.7569541951
   4.0250000000  -0.7552808937
   4.0500000000  -0.7570655546
   4.0750000000  -0.7553985737
   4.1000000000  -0.7571801738
   4.1250000000  -0.7555165452
   4.1500000000  -0.7572921712
   4.1750000000  -0.7556291313
   4.2000000000  -0.7573961116
   4.2250000000  -0.7557311914
   4.2500000000  -0.7574871792
   4.2750000000  -0.7558182761
   4.3000000000  -0.7575613145
   4.3250000000  -0.7558867442
   4.3500000000  -0.7576153103
   4.3750000000  -0.7559338392
   4.4000000000  -0.7576468694
   4.4250000000  -0.7559577276
   4.4500000000  -0.7576546232
   4.4750000000  -0.7559574993
   4.5000000000  -0.7576381146
   4.5250000000  -0.7559331334
   4.5500000000  -0.7575977482
   4.5750000000  -0.7558854348
   4.6000000000  -0.7575347129
   4.6250000000  -0.7558159442
   4.6500000000  -0.7574508818
   4.6750000000  -0.7557268294
   4.7000000000  -0.7573486944
   4.7250000000  -0.7556207610
   4.7500000000  -0.7572310281
   4.7750000000  -0.7555007802
   4.8000000000  -0.7571010637
   4.8250000000  -0.7553701644
   4.8500000000  -0.7569621507
   4.8750000000  -0.7552322939
   4.9000000000  -0.7568176777
   4.9250000000  -0.7550905272
   4.9500000000  -0.7566709525
   4.9750000000  -0.7549480869
   5.0000000000  -0.7565250953
