   0.0000000000  -1.0285916266
   0.0250000000  -1.0284918444
   0.0500000000  -1.0244784028
   0.0750000000  -1.0236052088
   0.1000000000  -1.0164063088
   0.1250000000  -1.0124232878
   0.1500000000  -1.0022480204
   0.1750000000  -0.9954260144
   0.2000000000  -0.9826061042
   0.2250000000  -0.9733256165
   0.2500000000  -0.9582922141
   0.2750000000  -0.9470167275
   0.3000000000  -0.9302716695
   0.3250000000  -0.9175174832
   0.3500000000  -0.8996021798
   0.3750000000  -0.8859078892
   0.4000000000  -0.8673728785
   0.4250000000  -0.8532711840
   0.4500000000  -0.8346488236
   0.4750000000  -0.8206425818
   0.5000000000  -0.8024245155
   0.5250000000  -0.7889680508
   0.5500000000  -0.7715882035
   0.5750000000  -0.7590740841
   0.6000000000  -0.7428971873
   0.6250000000  -0.7316480619
   0.6500000000  -0.7169631925
   0.6750000000  -0.7072279536
   0.7000000000  -0.6942463128
   0.7250000000  -0.6861997502
   0.7500000000  -0.6750558584
   0.7750000000  -0.6688010402
   0.8000000000  -0.6595566123
   0.8250000000  -0.6551293776
   0.8500000000  -0.6477792746
   0.8750000000  -0.6451543791
   0.9000000000  -0.6396341647
   0.9250000000  -0.6387327319
   0.9500000000  -0.6349274437
   0.9750000000  -0.6356254321
   1.0000000000  -0.6333792106
   1.0250000000  -0.6355166066
   1.0500000000  -0.6346428190
   1.0750000000  -0.6380332319
   1.1000000000  -0.6383247032
   1.1250000000  -0.6427649986
   1.1500000000  -0.6440039437
   1.1750000000  -0.6492835251
   1.2000000000  -0.6512507831
   1.2250000000  -0.6571601435
   1.2500000000  -0.6596433593
   1.2750000000  -0.6659815690
   1.3000000000  -0.6687820448
   1.3250000000  -0.6753629280
   1.3500000000  -0.6783009717
   1.3750000000  -0.6849578277
   1.4000000000  -0.6878765384
   1.4250000000  -0.6944653745
   1.4500000000  -0.6972329138
   1.4750000000  -0.7036342553
   1.5000000000  -0.7061447405
   1.5250000000  -0.7122641657
   1.5500000000  -0.7144373819
   1.5750000000  -0.7202049777
   1.6000000000  -0.7219851390
   1.6250000000  -0.7273541001
   1.6500000000  -0.7287078939
   1.6750000000  -0.7336524866
   1.7000000000  -0.7345666214
   1.7250000000  -0.7390797146
   1.7500000000  -0.7395581613
   1.7750000000  -0.7436484996
   1.8000000000  -0.7437095818
   1.8250000000  -0.7473989379
   1.8500000000  -0.7470723889
   1.8750000000  -0.7503927043
   1.9000000000  -0.7497167811
   1.9250000000  -0.7527073735
   1.9500000000  -0.7517260912
   1.9750000000  -0.7544309914
   2.0000000000  -0.7531915319
   2.0250000000  -0.7556570025
   2.0500000000  -0.7542073431
   2.0750000000  -0.7564796273
   2.1000000000  -0.7548664339
   2.1250000000  -0.7569897831
   2.1500000000  -0.7552566140
   2.1750000000  -0.7572716402
   2.2000000000  -0.7554575019
   2.2250000000  -0.7573998961
   2.2500000000  -0.7555381852
   2.2750000000  -0.7574378308
   2.3000000000  -0.7555556812
   2.3250000000  -0.7574361749
   2.3500000000  -0.7555542105
   2.3750000000  -0.7574327796
   2.4000000000  -0.7555652483
   2.4250000000  -0.7574530322
   2.4500000000  -0.7556082774
   2.4750000000  -0.7575109183
   2.5000000000  -0.7556921210
   2.5250000000  -0.7576105907
   2.5500000000  -0.7558167054
   2.5750000000  -0.7577482879
   2.6000000000  -0.7559750855
   2.6250000000  -0.7579144287
   2.6500000000  -0.7561555648
   2.6750000000  -0.7580957222
   2.7000000000  -0.7563437552
   2.7250000000  -0.7582771487
   2.7500000000  -0.7565244460
   2.7750000000  -0.7584436965
   2.8000000000  -0.7566831868
   2.8250000000  -0.7585817775
   2.8500000000  -0.7568075222
   2.8750000000  -0.7586802781
   2.9000000000  -0.7568878553
   2.9250000000  -0.7587312379
   2.9500000000  -0.7569179456
   2.9750000000  -0.7587301761
   3.0000000000  -0.7568950740
   3.0250000000  -0.7586761080
   3.0500000000  -0.7568199252
   3.0750000000  -0.7585713079
   3.1000000000  -0.7566962465
   3.1250000000  -0.7584208794
   3.1500000000  -0.7565303467
   3.1750000000  -0.7582321977
   3.2000000000  -0.7563304972
   3.2250000000  -0.7580142816
   3.2500000000  -0.7561062884
   3.2750000000  -0.7577771455
   3.3000000000  -0.7558679891
   3.3250000000  -0.7575311741
   3.3500000000  -0.7556259452
   3.3750000000  -0.7572865509
   3.4000000000  -0.7553900445
   3.4250000000  -0.7570527630
   3.4500000000  -0.7551692660
   3.4750000000  -0.7568381970
   3.5000000000  -0.7549713237
   3.5250000000  -0.7566498319
   3.5500000000  -0.7548024098
   3.5750000000  -0.7564930307
   3.6000000000  -0.7546670342
   3.6250000000  -0.7563714279
   3.6500000000  -0.7545679571
   3.6750000000  -0.7562869043
   3.7000000000  -0.7545062042
   3.7250000000  -0.7562396415
   3.7500000000  -0.7544811567
   3.7750000000  -0.7562282435
   3.8000000000  -0.7544907011
   3.8250000000  -0.7562499136
   3.8500000000  -0.7545314293
   3.8750000000  -0.7563006737
   3.9000000000  -0.7545988731
   3.9250000000  -0.7563756125
   3.9500000000  -0.7546877619
   3.9750000000  -0.7564691500
   4.0000000000  -0.7547922912
   4.0250000000  -0.7565753072
   4.0500000000  -0.7549063894
   4.0750000000  -0.7566879682
   4.1000000000  -0.7550239733
   4.1250000000  -0.7568011275
   4.1500000000  -0.7551391835
   4.1750000000  -0.7569091121
   4.2000000000  -0.7552465923
   4.2250000000  -0.7570067739
   4.2500000000  -0.7553413786
   4.2750000000  -0.7570896461
   4.3000000000  -0.7554194659
   4.3250000000  -0.7571540624
   4.3500000000  -0.7554776210
   4.3750000000  -0.7571972357
   4.4000000000  -0.7555135143
   4.4250000000  -0.7572172989
   4.4500000000  -0.7555257404
   4.4750000000  -0.7572133070
   4.5000000000  -0.7555138036
   4.5250000000  -0.7571852057
   4.5500000000  -0.7554780706
   4.5750000000  -0.7571337692
   4.6000000000  -0.7554196944
   4.6250000000  -0.7570605119
   4.6500000000  -0.7553405160
   4.6750000000  -0.7569675803
   4.7000000000  -0.7552429479
   4.7250000000  -0.7568576294
   4.7500000000  -0.7551298460
   4.7750000000  -0.7567336913
   4.8000000000  -0.7550043753
   4.8250000000  -0.7565990395
   4.8500000000  -0.7548698754
   4.8750000000  -0.7564570561
   4.9000000000  -0.7547297307
   4.9250000000  -0.7563111058
   4.9500000000  -0.7545872494
   4.9750000000  -0.7561644214
   5.0000000000  -0.7544455564
