-200.8655802889  -0.0000000000   0.0049783304
-200.4728812072  -0.0000000000   0.0049880817
-200.0801821255  -0.0000000000   0.0049978714
-199.6874830438  -0.0000000000   0.0050076996
-199.2947839621  -0.0000000000   0.0050175665
-198.9020848804  -0.0000000000   0.0050274723
-198.5093857987  -0.0000000000   0.0050374174
-198.1166867170  -0.0000000000   0.0050474018
-197.7239876353  -0.0000000000   0.0050574259
-197.3312885536  -0.0000000000   0.0050674899
-196.9385894719  -0.0000000000   0.0050775941
-196.5458903902  -0.0000000000   0.0050877386
-196.1531913085  -0.0000000000   0.0050979237
-195.7604922268  -0.0000000000   0.0051081497
-195.3677931451  -0.0000000000   0.0051184168
-194.9750940634  -0.0000000000   0.0051287253
-194.5823949817  -0.0000000000   0.0051390754
-194.1896959000  -0.0000000000   0.0051494673
-193.7969968183  -0.0000000000   0.0051599013
-193.4042977366  -0.0000000000   0.0051703777
-193.0115986549  -0.0000000000   0.0051808967
-192.6188995732  -0.0000000000   0.0051914586
-192.2262004915  -0.0000000000   0.0052020637
-191.8335014098  -0.0000000000   0.0052127122
-191.4408023281  -0.0000000000   0.0052234043
-191.0481032464  -0.0000000000   0.0052341404
-190.6554041647  -0.0000000000   0.0052449208
-190.2627050830  -0.0000000000   0.0052557456
-189.8700060013  -0.0000000000   0.0052666152
-189.4773069196  -0.0000000000   0.0052775299
-189.0846078379  -0.0000000000   0.0052884899
-188.6919087562  -0.0000000000   0.0052994955
-188.2992096745  -0.0000000000   0.0053105470
-187.9065105928  -0.0000000000   0.0053216447
-187.5138115111  -0.0000000000   0.0053327888
-187.1211124294  -0.0000000000   0.0053439798
-186.7284133477  -0.0000000000   0.0053552178
-186.3357142660  -0.0000000000   0.0053665032
-185.9430151843  -0.0000000000   0.0053778362
-185.5503161026  -0.0000000000   0.0053892172
-185.1576170209  -0.0000000000   0.0054006465
-184.7649179392  -0.0000000000   0.0054121243
-184.3722188576  -0.0000000000   0.0054236511
-183.9795197759  -0.0000000000   0.0054352270
-183.5868206942  -0.0000000000   0.0054468525
-183.1941216125  -0.0000000000   0.0054585278
-182.8014225308  -0.0000000000   0.0054702533
-182.4087234491  -0.0000000000   0.0054820292
-182.0160243674  -0.0000000000   0.0054938559
-181.6233252857  -0.0000000000   0.0055057338
-181.2306262040  -0.0000000000   0.0055176632
-180.8379271223  -0.0000000000   0.0055296444
-180.4452280406  -0.0000000000   0.0055416777
-180.0525289589  -0.0000000000   0.0055537635
-179.6598298772  -0.0000000000   0.0055659021
-179.2671307955  -0.0000000000   0.0055780939
-178.8744317138  -0.0000000000   0.0055903392
-178.4817326321  -0.0000000000   0.0056026384
-178.0890335504  -0.0000000000   0.0056149919
-177.6963344687  -0.0000000000   0.0056273999
-177.3036353870  -0.0000000000   0.0056398629
-176.9109363053  -0.0000000000   0.0056523812
-176.5182372236  -0.0000000000   0.0056649552
-176.1255381419  -0.0000000000   0.0056775853
-175.7328390602  -0.0000000000   0.0056902718
-175.3401399785  -0.0000000000   0.0057030152
-174.9474408968  -0.0000000000   0.0057158157
-174.5547418151  -0.0000000000   0.0057286738
-174.1620427334  -0.0000000000   0.0057415900
-173.7693436517  -0.0000000000   0.0057545644
-173.3766445700  -0.0000000000   0.0057675977
-172.9839454883  -0.0000000000   0.0057806901
-172.5912464066  -0.0000000000   0.0057938421
-172.1985473249  -0.0000000000   0.0058070541
-171.8058482432  -0.0000000000   0.0058203265
-171.4131491615  -0.0000000000   0.0058336596
-171.0204500798  -0.0000000000   0.0058470540
-170.6277509981  -0.0000000000   0.0058605101
-170.2350519164  -0.0000000000   0.0058740282
-169.8423528347  -0.0000000000   0.0058876088
-169.4496537530  -0.0000000000   0.0059012524
-169.0569546713  -0.0000000000   0.0059149593
-168.6642555896  -0.0000000000   0.0059287301
-168.2715565079  -0.0000000000   0.0059425651
-167.8788574262  -0.0000000000   0.0059564649
-167.4861583445  -0.0000000000   0.0059704298
-167.0934592628  -0.0000000000   0.0059844604
-166.7007601811  -0.0000000000   0.0059985570
-166.3080610994  -0.0000000000   0.0060127203
-165.9153620177  -0.0000000000   0.0060269505
-165.5226629360  -0.0000000000   0.0060412483
-165.1299638543  -0.0000000000   0.0060556141
-164.7372647726  -0.0000000000   0.0060700483
-164.3445656909  -0.0000000000   0.0060845515
-163.9518666092  -0.0000000000   0.0060991242
-163.5591675275  -0.0000000000   0.0061137669
-163.1664684458  -0.0000000000   0.0061284800
-162.7737693641  -0.0000000000   0.0061432641
-162.3810702824  -0.0000000000   0.0061581198
-161.9883712007  -0.0000000000   0.0061730474
-161.5956721190  -0.0000000000   0.0061880476
-161.2029730373  -0.0000000000   0.0062031208
-160.8102739556  -0.0000000000   0.0062182677
-160.4175748739  -0.0000000000   0.0062334887
-160.0248757922  -0.0000000000   0.0062487844
-159.6321767105  -0.0000000000   0.0062641554
-159.2394776288  -0.0000000000   0.0062796022
-158.8467785471  -0.0000000000   0.0062951253
-158.4540794654  -0.0000000000   0.0063107254
-158.0613803837  -0.0000000000   0.0063264029
-157.6686813020  -0.0000000000   0.0063421586
-157.2759822203  -0.0000000000   0.0063579929
-156.8832831386  -0.0000000000   0.0063739065
-156.4905840569  -0.0000000000   0.0063898999
-156.0978849752  -0.0000000000   0.0064059738
-155.7051858935  -0.0000000000   0.0064221288
-155.3124868118  -0.0000000000   0.0064383655
-154.9197877301  -0.0000000000   0.0064546844
-154.5270886484  -0.0000000000   0.0064710863
-154.1343895667  -0.0000000000   0.0064875718
-153.7416904851  -0.0000000000   0.0065041414
-153.3489914034  -0.0000000000   0.0065207959
-152.9562923217  -0.0000000000   0.0065375360
-152.5635932400  -0.0000000000   0.0065543622
-152.1708941583  -0.0000000000   0.0065712752
-151.7781950766  -0.0000000000   0.0065882757
-151.3854959949  -0.0000000000   0.0066053644
-150.9927969132  -0.0000000000   0.0066225420
-150.6000978315  -0.0000000000   0.0066398092
-150.2073987498  -0.0000000000   0.0066571666
-149.8146996681  -0.0000000000   0.0066746151
-149.4220005864  -0.0000000000   0.0066921552
-149.0293015047  -0.0000000000   0.0067097877
-148.6366024230  -0.0000000000   0.0067275135
-148.2439033413  -0.0000000000   0.0067453331
-147.8512042596  -0.0000000000   0.0067632473
-147.4585051779  -0.0000000000   0.0067812570
-147.0658060962  -0.0000000000   0.0067993628
-146.6731070145  -0.0000000000   0.0068175656
-146.2804079328  -0.0000000000   0.0068358660
-145.8877088511  -0.0000000000   0.0068542650
-145.4950097694  -0.0000000000   0.0068727633
-145.1023106877  -0.0000000000   0.0068913617
-144.7096116060  -0.0000000000   0.0069100611
-144.3169125243  -0.0000000000   0.0069288622
-143.9242134426  -0.0000000000   0.0069477658
-143.5315143609  -0.0000000000   0.0069667729
-143.1388152792  -0.0000000000   0.0069858843
-142.7461161975  -0.0000000000   0.0070051008
-142.3534171158  -0.0000000000   0.0070244233
-141.9607180341  -0.0000000000   0.0070438527
-141.5680189524  -0.0000000000   0.0070633899
-141.1753198707  -0.0000000000   0.0070830357
-140.7826207890  -0.0000000000   0.0071027912
-140.3899217073  -0.0000000000   0.0071226571
-139.9972226256  -0.0000000000   0.0071426345
-139.6045235439  -0.0000000000   0.0071627242
-139.2118244622  -0.0000000000   0.0071829273
-138.8191253805  -0.0000000000   0.0072032446
-138.4264262988  -0.0000000000   0.0072236772
-138.0337272171  -0.0000000000   0.0072442261
-137.6410281354  -0.0000000000   0.0072648922
-137.2483290537  -0.0000000000   0.0072856765
-136.8556299720  -0.0000000000   0.0073065801
-136.4629308903  -0.0000000000   0.0073276039
-136.0702318086  -0.0000000000   0.0073487491
-135.6775327269  -0.0000000000   0.0073700167
-135.2848336452  -0.0000000000   0.0073914078
-134.8921345635  -0.0000000000   0.0074129233
-134.4994354818  -0.0000000000   0.0074345645
-134.1067364001  -0.0000000000   0.0074563324
-133.7140373184  -0.0000000000   0.0074782282
-133.3213382367  -0.0000000000   0.0075002529
-132.9286391550  -0.0000000000   0.0075224077
-132.5359400733  -0.0000000000   0.0075446938
-132.1432409916  -0.0000000000   0.0075671123
-131.7505419099  -0.0000000000   0.0075896644
-131.3578428282  -0.0000000000   0.0076123514
-130.9651437465  -0.0000000000   0.0076351744
-130.5724446648  -0.0000000000   0.0076581346
-130.1797455831  -0.0000000000   0.0076812334
-129.7870465014  -0.0000000000   0.0077044718
-129.3943474197  -0.0000000000   0.0077278514
-129.0016483380  -0.0000000000   0.0077513732
-128.6089492563  -0.0000000000   0.0077750387
-128.2162501746  -0.0000000000   0.0077988491
-127.8235510929  -0.0000000000   0.0078228057
-127.4308520112  -0.0000000000   0.0078469100
-127.0381529295  -0.0000000000   0.0078711633
-126.6454538478  -0.0000000000   0.0078955670
-126.2527547661  -0.0000000000   0.0079201225
-125.8600556844  -0.0000000000   0.0079448311
-125.4673566027  -0.0000000000   0.0079696944
-125.0746575210  -0.0000000000   0.0079947138
-124.6819584393  -0.0000000000   0.0080198908
-124.2892593576  -0.0000000000   0.0080452268
-123.8965602759  -0.0000000000   0.0080707234
-123.5038611942  -0.0000000000   0.0080963821
-123.1111621125  -0.0000000000   0.0081222045
-122.7184630309  -0.0000000000   0.0081481921
-122.3257639492  -0.0000000000   0.0081743466
-121.9330648675  -0.0000000000   0.0082006694
-121.5403657858  -0.0000000000   0.0082271623
-121.1476667041  -0.0000000000   0.0082538270
-120.7549676224  -0.0000000000   0.0082806650
-120.3622685407  -0.0000000000   0.0083076782
-119.9695694590  -0.0000000000   0.0083348681
-119.5768703773  -0.0000000000   0.0083622366
-119.1841712956  -0.0000000000   0.0083897854
-118.7914722139  -0.0000000000   0.0084175163
-118.3987731322  -0.0000000000   0.0084454311
-118.0060740505  -0.0000000000   0.0084735317
-117.6133749688  -0.0000000000   0.0085018199
-117.2206758871  -0.0000000000   0.0085302975
-116.8279768054  -0.0000000000   0.0085589666
-116.4352777237  -0.0000000000   0.0085878290
-116.0425786420  -0.0000000000   0.0086168867
-115.6498795603  -0.0000000000   0.0086461418
-115.2571804786  -0.0000000000   0.0086755961
-114.8644813969  -0.0000000000   0.0087052518
-114.4717823152  -0.0000000000   0.0087351108
-114.0790832335  -0.0000000000   0.0087651755
-113.6863841518  -0.0000000000   0.0087954477
-113.2936850701  -0.0000000000   0.0088259298
-112.9009859884  -0.0000000000   0.0088566239
-112.5082869067  -0.0000000000   0.0088875322
-112.1155878250  -0.0000000000   0.0089186570
-111.7228887433  -0.0000000000   0.0089500005
-111.3301896616  -0.0000000000   0.0089815651
-110.9374905799  -0.0000000000   0.0090133531
-110.5447914982  -0.0000000000   0.0090453668
-110.1520924165  -0.0000000000   0.0090776088
-109.7593933348  -0.0000000000   0.0091100815
-109.3666942531  -0.0000000000   0.0091427873
-108.9739951714  -0.0000000000   0.0091757287
-108.5812960897  -0.0000000000   0.0092089084
-108.1885970080  -0.0000000000   0.0092423289
-107.7958979263  -0.0000000000   0.0092759928
-107.4031988446  -0.0000000000   0.0093099028
-107.0104997629  -0.0000000000   0.0093440616
-106.6178006812  -0.0000000000   0.0093784720
-106.2251015995  -0.0000000000   0.0094131367
-105.8324025178  -0.0000000000   0.0094480587
-105.4397034361  -0.0000000000   0.0094832407
-105.0470043544  -0.0000000000   0.0095186856
-104.6543052727  -0.0000000000   0.0095543965
-104.2616061910  -0.0000000000   0.0095903763
-103.8689071093  -0.0000000000   0.0096266281
-103.4762080276  -0.0000000000   0.0096631550
-103.0835089459  -0.0000000000   0.0096999601
-102.6908098642  -0.0000000000   0.0097370466
-102.2981107825  -0.0000000000   0.0097744178
-101.9054117008  -0.0000000000   0.0098120769
-101.5127126191  -0.0000000000   0.0098500273
-101.1200135374  -0.0000000000   0.0098882724
-100.7273144557  -0.0000000000   0.0099268156
-100.3346153740  -0.0000000000   0.0099656604
 -99.9419162923  -0.0000000000   0.0100048104
 -99.5492172106  -0.0000000000   0.0100442691
 -99.1565181289  -0.0000000000   0.0100840404
 -98.7638190472  -0.0000000000   0.0101241277
 -98.3711199655  -0.0000000000   0.0101645351
 -97.9784208838  -0.0000000000   0.0102052663
 -97.5857218021  -0.0000000000   0.0102463251
 -97.1930227204  -0.0000000000   0.0102877157
 -96.8003236387  -0.0000000000   0.0103294419
 -96.4076245570  -0.0000000000   0.0103715080
 -96.0149254753  -0.0000000000   0.0104139181
 -95.6222263936  -0.0000000000   0.0104566764
 -95.2295273119  -0.0000000000   0.0104997872
 -94.8368282302  -0.0000000000   0.0105432550
 -94.4441291485  -0.0000000000   0.0105870841
 -94.0514300668  -0.0000000000   0.0106312791
 -93.6587309851  -0.0000000000   0.0106758445
 -93.2660319034  -0.0000000000   0.0107207851
 -92.8733328217  -0.0000000000   0.0107661057
 -92.4806337400  -0.0000000000   0.0108118110
 -92.0879346584  -0.0000000000   0.0108579059
 -91.6952355767  -0.0000000000   0.0109043956
 -91.3025364950  -0.0000000000   0.0109512850
 -90.9098374133  -0.0000000000   0.0109985793
 -90.5171383316  -0.0000000000   0.0110462839
 -90.1244392499  -0.0000000000   0.0110944040
 -89.7317401682  -0.0000000000   0.0111429452
 -89.3390410865  -0.0000000000   0.0111919129
 -88.9463420048  -0.0000000000   0.0112413129
 -88.5536429231  -0.0000000000   0.0112911508
 -88.1609438414  -0.0000000000   0.0113414326
 -87.7682447597  -0.0000000000   0.0113921641
 -87.3755456780  -0.0000000000   0.0114433515
 -86.9828465963  -0.0000000000   0.0114950009
 -86.5901475146  -0.0000000000   0.0115471185
 -86.1974484329  -0.0000000000   0.0115997109
 -85.8047493512  -0.0000000000   0.0116527844
 -85.4120502695  -0.0000000000   0.0117063458
 -85.0193511878  -0.0000000000   0.0117604018
 -84.6266521061  -0.0000000000   0.0118149592
 -84.2339530244  -0.0000000000   0.0118700251
 -83.8412539427  -0.0000000000   0.0119256067
 -83.4485548610  -0.0000000000   0.0119817111
 -83.0558557793  -0.0000000000   0.0120383459
 -82.6631566976  -0.0000000000   0.0120955185
 -82.2704576159  -0.0000000000   0.0121532367
 -81.8777585342  -0.0000000000   0.0122115082
 -81.4850594525  -0.0000000000   0.0122703412
 -81.0923603708  -0.0000000000   0.0123297437
 -80.6996612891  -0.0000000000   0.0123897241
 -80.3069622074  -0.0000000000   0.0124502909
 -79.9142631257  -0.0000000000   0.0125114526
 -79.5215640440  -0.0000000000   0.0125732180
 -79.1288649623  -0.0000000000   0.0126355963
 -78.7361658806  -0.0000000000   0.0126985964
 -78.3434667989  -0.0000000000   0.0127622279
 -77.9507677172  -0.0000000000   0.0128265002
 -77.5580686355  -0.0000000000   0.0128914229
 -77.1653695538  -0.0000000000   0.0129570062
 -76.7726704721  -0.0000000000   0.0130232600
 -76.3799713904  -0.0000000000   0.0130901948
 -75.9872723087  -0.0000000000   0.0131578210
 -75.5945732270  -0.0000000000   0.0132261495
 -75.2018741453  -0.0000000000   0.0132951913
 -74.8091750636  -0.0000000000   0.0133649574
 -74.4164759819  -0.0000000000   0.0134354596
 -74.0237769002  -0.0000000000   0.0135067093
 -73.6310778185  -0.0000000000   0.0135787186
 -73.2383787368  -0.0000000000   0.0136514997
 -72.8456796551  -0.0000000000   0.0137250651
 -72.4529805734  -0.0000000000   0.0137994274
 -72.0602814917  -0.0000000000   0.0138745998
 -71.6675824100  -0.0000000000   0.0139505956
 -71.2748833283  -0.0000000000   0.0140274282
 -70.8821842466  -0.0000000000   0.0141051117
 -70.4894851649  -0.0000000000   0.0141836602
 -70.0967860832  -0.0000000000   0.0142630883
 -69.7040870015  -0.0000000000   0.0143434108
 -69.3113879198  -0.0000000000   0.0144246429
 -68.9186888381  -0.0000000000   0.0145068001
 -68.5259897564  -0.0000000000   0.0145898984
 -68.1332906747  -0.0000000000   0.0146739539
 -67.7405915930  -0.0000000000   0.0147589834
 -67.3478925113  -0.0000000000   0.0148450039
 -66.9551934296  -0.0000000001   0.0149320327
 -66.5624943479  -0.0000000001   0.0150200877
 -66.1697952662  -0.0000000001   0.0151091871
 -65.7770961845  -0.0000000001   0.0151993497
 -65.3843971028  -0.0000000001   0.0152905946
 -64.9916980211  -0.0000000001   0.0153829414
 -64.5989989394  -0.0000000001   0.0154764101
 -64.2062998577  -0.0000000001   0.0155710213
 -63.8136007760  -0.0000000001   0.0156667962
 -63.4209016943  -0.0000000001   0.0157637562
 -63.0282026126  -0.0000000001   0.0158619235
 -62.6355035309  -0.0000000001   0.0159613209
 -62.2428044492  -0.0000000001   0.0160619715
 -61.8501053675  -0.0000000001   0.0161638992
 -61.4574062859  -0.0000000001   0.0162671285
 -61.0647072042  -0.0000000001   0.0163716844
 -60.6720081225  -0.0000000001   0.0164775928
 -60.2793090408  -0.0000000001   0.0165848799
 -59.8866099591  -0.0000000001   0.0166935728
 -59.4939108774  -0.0000000001   0.0168036995
 -59.1012117957  -0.0000000001   0.0169152884
 -58.7085127140  -0.0000000001   0.0170283689
 -58.3158136323  -0.0000000001   0.0171429709
 -57.9231145506  -0.0000000001   0.0172591256
 -57.5304154689  -0.0000000001   0.0173768645
 -57.1377163872  -0.0000000001   0.0174962204
 -56.7450173055  -0.0000000001   0.0176172267
 -56.3523182238  -0.0000000001   0.0177399180
 -55.9596191421  -0.0000000001   0.0178643296
 -55.5669200604  -0.0000000001   0.0179904980
 -55.1742209787  -0.0000000001   0.0181184606
 -54.7815218970  -0.0000000001   0.0182482560
 -54.3888228153  -0.0000000001   0.0183799238
 -53.9961237336  -0.0000000001   0.0185135048
 -53.6034246519  -0.0000000001   0.0186490411
 -53.2107255702  -0.0000000001   0.0187865758
 -52.8180264885  -0.0000000001   0.0189261534
 -52.4253274068  -0.0000000001   0.0190678198
 -52.0326283251  -0.0000000001   0.0192116223
 -51.6399292434  -0.0000000001   0.0193576094
 -51.2472301617  -0.0000000001   0.0195058314
 -50.8545310800  -0.0000000001   0.0196563398
 -50.4618319983  -0.0000000001   0.0198091881
 -50.0691329166  -0.0000000001   0.0199644312
 -49.6764338349  -0.0000000001   0.0201221258
 -49.2837347532  -0.0000000001   0.0202823303
 -48.8910356715  -0.0000000001   0.0204451053
 -48.4983365898  -0.0000000001   0.0206105129
 -48.1056375081  -0.0000000001   0.0207786176
 -47.7129384264  -0.0000000001   0.0209494859
 -47.3202393447  -0.0000000001   0.0211231864
 -46.9275402630  -0.0000000001   0.0212997901
 -46.5348411813  -0.0000000001   0.0214793705
 -46.1421420996  -0.0000000001   0.0216620032
 -45.7494430179  -0.0000000001   0.0218477668
 -45.3567439362  -0.0000000001   0.0220367425
 -44.9640448545  -0.0000000001   0.0222290143
 -44.5713457728  -0.0000000001   0.0224246690
 -44.1786466911  -0.0000000001   0.0226237968
 -43.7859476094  -0.0000000001   0.0228264909
 -43.3932485277  -0.0000000001   0.0230328479
 -43.0005494460  -0.0000000001   0.0232429680
 -42.6078503643  -0.0000000001   0.0234569549
 -42.2151512826  -0.0000000001   0.0236749164
 -41.8224522009  -0.0000000001   0.0238969641
 -41.4297531192  -0.0000000001   0.0241232140
 -41.0370540375  -0.0000000001   0.0243537865
 -40.6443549558  -0.0000000001   0.0245888066
 -40.2516558741  -0.0000000001   0.0248284040
 -39.8589567924  -0.0000000001   0.0250727138
 -39.4662577107  -0.0000000001   0.0253218762
 -39.0735586290  -0.0000000001   0.0255760373
 -38.6808595473  -0.0000000002   0.0258353489
 -38.2881604656  -0.0000000002   0.0260999689
 -37.8954613839  -0.0000000002   0.0263700621
 -37.5027623022  -0.0000000002   0.0266457998
 -37.1100632205  -0.0000000002   0.0269273608
 -36.7173641388  -0.0000000002   0.0272149312
 -36.3246650571  -0.0000000002   0.0275087056
 -35.9319659754  -0.0000000002   0.0278088866
 -35.5392668937  -0.0000000002   0.0281156860
 -35.1465678120  -0.0000000002   0.0284293249
 -34.7538687303  -0.0000000002   0.0287500345
 -34.3611696486  -0.0000000002   0.0290780563
 -33.9684705669  -0.0000000002   0.0294136431
 -33.5757714852  -0.0000000002   0.0297570595
 -33.1830724035  -0.0000000002   0.0301085823
 -32.7903733218  -0.0000000002   0.0304685019
 -32.3976742401  -0.0000000002   0.0308371225
 -32.0049751584  -0.0000000002   0.0312147630
 -31.6122760767  -0.0000000002   0.0316017584
 -31.2195769950  -0.0000000002   0.0319984602
 -30.8268779133  -0.0000000002   0.0324052379
 -30.4341788317  -0.0000000002   0.0328224800
 -30.0414797500  -0.0000000002   0.0332505949
 -29.6487806683  -0.0000000003   0.0336900129
 -29.2560815866  -0.0000000003   0.0341411871
 -28.8633825049  -0.0000000003   0.0346045951
 -28.4706834232  -0.0000000003   0.0350807406
 -28.0779843415  -0.0000000003   0.0355701556
 -27.6852852598  -0.0000000003   0.0360734019
 -27.2925861781  -0.0000000003   0.0365910734
 -26.8998870964  -0.0000000003   0.0371237985
 -26.5071880147  -0.0000000003   0.0376722427
 -26.1144889330  -0.0000000003   0.0382371110
 -25.7217898513  -0.0000000003   0.0388191514
 -25.3290907696  -0.0000000004   0.0394191578
 -24.9363916879  -0.0000000004   0.0400379738
 -24.5436926062  -0.0000000004   0.0406764966
 -24.1509935245  -0.0000000004   0.0413356811
 -23.7582944428  -0.0000000004   0.0420165449
 -23.3655953611  -0.0000000004   0.0427201737
 -22.9728962794  -0.0000000004   0.0434477263
 -22.5801971977  -0.0000000004   0.0442004417
 -22.1874981160  -0.0000000005   0.0449796458
 -21.7947990343  -0.0000000005   0.0457867588
 -21.4020999526  -0.0000000005   0.0466233045
 -21.0094008709  -0.0000000005   0.0474909191
 -20.6167017892  -0.0000000005   0.0483913623
 -20.2240027075  -0.0000000005   0.0493265289
 -19.8313036258  -0.0000000006   0.0502984620
 -19.4386045441  -0.0000000006   0.0513093678
 -19.0459054624  -0.0000000006   0.0523616320
 -18.6532063807  -0.0000000006   0.0534578390
 -18.2605072990  -0.0000000007   0.0546007920
 -17.8678082173  -0.0000000007   0.0557935374
 -17.4751091356  -0.0000000007   0.0570393913
 -17.0824100539  -0.0000000008   0.0583419700
 -16.6897109722  -0.0000000008   0.0597052247
 -16.2970118905  -0.0000000008   0.0611334810
 -15.9043128088  -0.0000000009   0.0626314842
 -15.5116137271  -0.0000000009   0.0642044513
 -15.1189146454  -0.0000000010   0.0658581307
 -14.7262155637  -0.0000000010   0.0675988719
 -14.3335164820  -0.0000000011   0.0694337048
 -13.9408174003  -0.0000000012   0.0713704343
 -13.5481183186  -0.0000000012   0.0734177485
 -13.1554192369  -0.0000000013   0.0755853471
 -12.7627201552  -0.0000000014   0.0778840925
 -12.3700210735  -0.0000000015   0.0803261883
 -11.9773219918  -0.0000000016   0.0829253912
 -11.5846229101  -0.0000000017   0.0856972658
 -11.1919238284  -0.0000000018   0.0886594887
 -10.7992247467  -0.0000000019   0.0918322177
 -10.4065256650  -0.0000000021   0.0952385393
 -10.0138265833  -0.0000000022   0.0989050172
  -9.6211275016  -0.0000000024   0.1028623668
  -9.2284284199  -0.0000000026   0.1071462927
  -8.8357293382  -0.0000000028   0.1117985350
  -8.4430302565  -0.0000000031   0.1168681891
  -8.0503311748  -0.0000000034   0.1224133828
  -7.6576320931  -0.0000000038   0.1285034308
  -7.2649330114  -0.0000000042   0.1352216296
  -6.8722339297  -0.0000000047   0.1426689234
  -6.4795348480  -0.0000000052   0.1509687734
  -6.0868357663  -0.0000000059   0.1602737090
  -5.6941366846  -0.0000000067   0.1707742727
  -5.3014376029  -0.0000000077   0.1827114234
  -4.9087385212  -0.0000000089   0.1963940375
  -4.5160394395  -0.0000000105   0.2122240675
  -4.1233403578  -0.0000000124   0.2307334544
  -3.7306412761  -0.0000000149   0.2526394751
  -3.3379421944  -0.0000000183   0.2789296271
  -2.9452431127  -0.0000000228   0.3109946789
  -2.5525440310  -0.0000000292   0.3508407632
  -2.1598449493  -0.0000000383   0.4014278832
  -1.7671458676  -0.0000000521   0.4671852523
  -1.3744467859  -0.0000000734   0.5546274661
  -0.9817477042  -0.0000001078   0.6721122161
  -0.5890486225  -0.0000001615   0.8232134327
  -0.1963495408  -0.0000002257   0.9731230616
   0.1963495408  -0.0000002257  -0.9731230616
   0.5890486225  -0.0000001615  -0.8232134327
   0.9817477042  -0.0000001078  -0.6721122161
   1.3744467859  -0.0000000734  -0.5546274661
   1.7671458676  -0.0000000521  -0.4671852523
   2.1598449493  -0.0000000383  -0.4014278832
   2.5525440310  -0.0000000292  -0.3508407632
   2.9452431127  -0.0000000228  -0.3109946789
   3.3379421944  -0.0000000183  -0.2789296271
   3.7306412761  -0.0000000149  -0.2526394751
   4.1233403578  -0.0000000124  -0.2307334544
   4.5160394395  -0.0000000105  -0.2122240675
   4.9087385212  -0.0000000089  -0.1963940375
   5.3014376029  -0.0000000077  -0.1827114234
   5.6941366846  -0.0000000067  -0.1707742727
   6.0868357663  -0.0000000059  -0.1602737090
   6.4795348480  -0.0000000052  -0.1509687734
   6.8722339297  -0.0000000047  -0.1426689234
   7.2649330114  -0.0000000042  -0.1352216296
   7.6576320931  -0.0000000038  -0.1285034308
   8.0503311748  -0.0000000034  -0.1224133828
   8.4430302565  -0.0000000031  -0.1168681891
   8.8357293382  -0.0000000028  -0.1117985350
   9.2284284199  -0.0000000026  -0.1071462927
   9.6211275016  -0.0000000024  -0.1028623668
  10.0138265833  -0.0000000022  -0.0989050172
  10.4065256650  -0.0000000021  -0.0952385393
  10.7992247467  -0.0000000019  -0.0918322177
  11.1919238284  -0.0000000018  -0.0886594887
  11.5846229101  -0.0000000017  -0.0856972658
  11.9773219918  -0.0000000016  -0.0829253912
  12.3700210735  -0.0000000015  -0.0803261883
  12.7627201552  -0.0000000014  -0.0778840925
  13.1554192369  -0.0000000013  -0.0755853471
  13.5481183186  -0.0000000012  -0.0734177485
  13.9408174003  -0.0000000012  -0.0713704343
  14.3335164820  -0.0000000011  -0.0694337048
  14.7262155637  -0.0000000010  -0.0675988719
  15.1189146454  -0.0000000010  -0.0658581307
  15.5116137271  -0.0000000009  -0.0642044513
  15.9043128088  -0.0000000009  -0.0626314842
  16.2970118905  -0.0000000008  -0.0611334810
  16.6897109722  -0.0000000008  -0.0597052247
  17.0824100539  -0.0000000008  -0.0583419700
  17.4751091356  -0.0000000007  -0.0570393913
  17.8678082173  -0.0000000007  -0.0557935374
  18.2605072990  -0.0000000007  -0.0546007920
  18.6532063807  -0.0000000006  -0.0534578390
  19.0459054624  -0.0000000006  -0.0523616320
  19.4386045441  -0.0000000006  -0.0513093678
  19.8313036258  -0.0000000006  -0.0502984620
  20.2240027075  -0.0000000005  -0.0493265289
  20.6167017892  -0.0000000005  -0.0483913623
  21.0094008709  -0.0000000005  -0.0474909191
  21.4020999526  -0.0000000005  -0.0466233045
  21.7947990343  -0.0000000005  -0.0457867588
  22.1874981160  -0.0000000005  -0.0449796458
  22.5801971977  -0.0000000004  -0.0442004417
  22.9728962794  -0.0000000004  -0.0434477263
  23.3655953611  -0.0000000004  -0.0427201737
  23.7582944428  -0.0000000004  -0.0420165449
  24.1509935245  -0.0000000004  -0.0413356811
  24.5436926062  -0.0000000004  -0.0406764966
  24.9363916879  -0.0000000004  -0.0400379738
  25.3290907696  -0.0000000004  -0.0394191578
  25.7217898513  -0.0000000003  -0.0388191514
  26.1144889330  -0.0000000003  -0.0382371110
  26.5071880147  -0.0000000003  -0.0376722427
  26.8998870964  -0.0000000003  -0.0371237985
  27.2925861781  -0.0000000003  -0.0365910734
  27.6852852598  -0.0000000003  -0.0360734019
  28.0779843415  -0.0000000003  -0.0355701556
  28.4706834232  -0.0000000003  -0.0350807406
  28.8633825049  -0.0000000003  -0.0346045951
  29.2560815866  -0.0000000003  -0.0341411871
  29.6487806683  -0.0000000003  -0.0336900129
  30.0414797500  -0.0000000002  -0.0332505949
  30.4341788317  -0.0000000002  -0.0328224800
  30.8268779133  -0.0000000002  -0.0324052379
  31.2195769950  -0.0000000002  -0.0319984602
  31.6122760767  -0.0000000002  -0.0316017584
  32.0049751584  -0.0000000002  -0.0312147630
  32.3976742401  -0.0000000002  -0.0308371225
  32.7903733218  -0.0000000002  -0.0304685019
  33.1830724035  -0.0000000002  -0.0301085823
  33.5757714852  -0.0000000002  -0.0297570595
  33.9684705669  -0.0000000002  -0.0294136431
  34.3611696486  -0.0000000002  -0.0290780563
  34.7538687303  -0.0000000002  -0.0287500345
  35.1465678120  -0.0000000002  -0.0284293249
  35.5392668937  -0.0000000002  -0.0281156860
  35.9319659754  -0.0000000002  -0.0278088866
  36.3246650571  -0.0000000002  -0.0275087056
  36.7173641388  -0.0000000002  -0.0272149312
  37.1100632205  -0.0000000002  -0.0269273608
  37.5027623022  -0.0000000002  -0.0266457998
  37.8954613839  -0.0000000002  -0.0263700621
  38.2881604656  -0.0000000002  -0.0260999689
  38.6808595473  -0.0000000002  -0.0258353489
  39.0735586290  -0.0000000001  -0.0255760373
  39.4662577107  -0.0000000001  -0.0253218762
  39.8589567924  -0.0000000001  -0.0250727138
  40.2516558741  -0.0000000001  -0.0248284040
  40.6443549558  -0.0000000001  -0.0245888066
  41.0370540375  -0.0000000001  -0.0243537865
  41.4297531192  -0.0000000001  -0.0241232140
  41.8224522009  -0.0000000001  -0.0238969641
  42.2151512826  -0.0000000001  -0.0236749164
  42.6078503643  -0.0000000001  -0.0234569549
  43.0005494460  -0.0000000001  -0.0232429680
  43.3932485277  -0.0000000001  -0.0230328479
  43.7859476094  -0.0000000001  -0.0228264909
  44.1786466911  -0.0000000001  -0.0226237968
  44.5713457728  -0.0000000001  -0.0224246690
  44.9640448545  -0.0000000001  -0.0222290143
  45.3567439362  -0.0000000001  -0.0220367425
  45.7494430179  -0.0000000001  -0.0218477668
  46.1421420996  -0.0000000001  -0.0216620032
  46.5348411813  -0.0000000001  -0.0214793705
  46.9275402630  -0.0000000001  -0.0212997901
  47.3202393447  -0.0000000001  -0.0211231864
  47.7129384264  -0.0000000001  -0.0209494859
  48.1056375081  -0.0000000001  -0.0207786176
  48.4983365898  -0.0000000001  -0.0206105129
  48.8910356715  -0.0000000001  -0.0204451053
  49.2837347532  -0.0000000001  -0.0202823303
  49.6764338349  -0.0000000001  -0.0201221258
  50.0691329166  -0.0000000001  -0.0199644312
  50.4618319983  -0.0000000001  -0.0198091881
  50.8545310800  -0.0000000001  -0.0196563398
  51.2472301617  -0.0000000001  -0.0195058314
  51.6399292434  -0.0000000001  -0.0193576094
  52.0326283251  -0.0000000001  -0.0192116223
  52.4253274068  -0.0000000001  -0.0190678198
  52.8180264885  -0.0000000001  -0.0189261534
  53.2107255702  -0.0000000001  -0.0187865758
  53.6034246519  -0.0000000001  -0.0186490411
  53.9961237336  -0.0000000001  -0.0185135048
  54.3888228153  -0.0000000001  -0.0183799238
  54.7815218970  -0.0000000001  -0.0182482560
  55.1742209787  -0.0000000001  -0.0181184606
  55.5669200604  -0.0000000001  -0.0179904980
  55.9596191421  -0.0000000001  -0.0178643296
  56.3523182238  -0.0000000001  -0.0177399180
  56.7450173055  -0.0000000001  -0.0176172267
  57.1377163872  -0.0000000001  -0.0174962204
  57.5304154689  -0.0000000001  -0.0173768645
  57.9231145506  -0.0000000001  -0.0172591256
  58.3158136323  -0.0000000001  -0.0171429709
  58.7085127140  -0.0000000001  -0.0170283689
  59.1012117957  -0.0000000001  -0.0169152884
  59.4939108774  -0.0000000001  -0.0168036995
  59.8866099591  -0.0000000001  -0.0166935728
  60.2793090408  -0.0000000001  -0.0165848799
  60.6720081225  -0.0000000001  -0.0164775928
  61.0647072042  -0.0000000001  -0.0163716844
  61.4574062859  -0.0000000001  -0.0162671285
  61.8501053675  -0.0000000001  -0.0161638992
  62.2428044492  -0.0000000001  -0.0160619715
  62.6355035309  -0.0000000001  -0.0159613209
  63.0282026126  -0.0000000001  -0.0158619235
  63.4209016943  -0.0000000001  -0.0157637562
  63.8136007760  -0.0000000001  -0.0156667962
  64.2062998577  -0.0000000001  -0.0155710213
  64.5989989394  -0.0000000001  -0.0154764101
  64.9916980211  -0.0000000001  -0.0153829414
  65.3843971028  -0.0000000001  -0.0152905946
  65.7770961845  -0.0000000001  -0.0151993497
  66.1697952662  -0.0000000001  -0.0151091871
  66.5624943479  -0.0000000001  -0.0150200877
  66.9551934296  -0.0000000001  -0.0149320327
  67.3478925113  -0.0000000000  -0.0148450039
  67.7405915930  -0.0000000000  -0.0147589834
  68.1332906747  -0.0000000000  -0.0146739539
  68.5259897564  -0.0000000000  -0.0145898984
  68.9186888381  -0.0000000000  -0.0145068001
  69.3113879198  -0.0000000000  -0.0144246429
  69.7040870015  -0.0000000000  -0.0143434108
  70.0967860832  -0.0000000000  -0.0142630883
  70.4894851649  -0.0000000000  -0.0141836602
  70.8821842466  -0.0000000000  -0.0141051117
  71.2748833283  -0.0000000000  -0.0140274282
  71.6675824100  -0.0000000000  -0.0139505956
  72.0602814917  -0.0000000000  -0.0138745998
  72.4529805734  -0.0000000000  -0.0137994274
  72.8456796551  -0.0000000000  -0.0137250651
  73.2383787368  -0.0000000000  -0.0136514997
  73.6310778185  -0.0000000000  -0.0135787186
  74.0237769002  -0.0000000000  -0.0135067093
  74.4164759819  -0.0000000000  -0.0134354596
  74.8091750636  -0.0000000000  -0.0133649574
  75.2018741453  -0.0000000000  -0.0132951913
  75.5945732270  -0.0000000000  -0.0132261495
  75.9872723087  -0.0000000000  -0.0131578210
  76.3799713904  -0.0000000000  -0.0130901948
  76.7726704721  -0.0000000000  -0.0130232600
  77.1653695538  -0.0000000000  -0.0129570062
  77.5580686355  -0.0000000000  -0.0128914229
  77.9507677172  -0.0000000000  -0.0128265002
  78.3434667989  -0.0000000000  -0.0127622279
  78.7361658806  -0.0000000000  -0.0126985964
  79.1288649623  -0.0000000000  -0.0126355963
  79.5215640440  -0.0000000000  -0.0125732180
  79.9142631257  -0.0000000000  -0.0125114526
  80.3069622074  -0.0000000000  -0.0124502909
  80.6996612891  -0.0000000000  -0.0123897241
  81.0923603708  -0.0000000000  -0.0123297437
  81.4850594525  -0.0000000000  -0.0122703412
  81.8777585342  -0.0000000000  -0.0122115082
  82.2704576159  -0.0000000000  -0.0121532367
  82.6631566976  -0.0000000000  -0.0120955185
  83.0558557793  -0.0000000000  -0.0120383459
  83.4485548610  -0.0000000000  -0.0119817111
  83.8412539427  -0.0000000000  -0.0119256067
  84.2339530244  -0.0000000000  -0.0118700251
  84.6266521061  -0.0000000000  -0.0118149592
  85.0193511878  -0.0000000000  -0.0117604018
  85.4120502695  -0.0000000000  -0.0117063458
  85.8047493512  -0.0000000000  -0.0116527844
  86.1974484329  -0.0000000000  -0.0115997109
  86.5901475146  -0.0000000000  -0.0115471185
  86.9828465963  -0.0000000000  -0.0114950009
  87.3755456780  -0.0000000000  -0.0114433515
  87.7682447597  -0.0000000000  -0.0113921641
  88.1609438414  -0.0000000000  -0.0113414326
  88.5536429231  -0.0000000000  -0.0112911508
  88.9463420048  -0.0000000000  -0.0112413129
  89.3390410865  -0.0000000000  -0.0111919129
  89.7317401682  -0.0000000000  -0.0111429452
  90.1244392499  -0.0000000000  -0.0110944040
  90.5171383316  -0.0000000000  -0.0110462839
  90.9098374133  -0.0000000000  -0.0109985793
  91.3025364950  -0.0000000000  -0.0109512850
  91.6952355767  -0.0000000000  -0.0109043956
  92.0879346584  -0.0000000000  -0.0108579059
  92.4806337400  -0.0000000000  -0.0108118110
  92.8733328217  -0.0000000000  -0.0107661057
  93.2660319034  -0.0000000000  -0.0107207851
  93.6587309851  -0.0000000000  -0.0106758445
  94.0514300668  -0.0000000000  -0.0106312791
  94.4441291485  -0.0000000000  -0.0105870841
  94.8368282302  -0.0000000000  -0.0105432550
  95.2295273119  -0.0000000000  -0.0104997872
  95.6222263936  -0.0000000000  -0.0104566764
  96.0149254753  -0.0000000000  -0.0104139181
  96.4076245570  -0.0000000000  -0.0103715080
  96.8003236387  -0.0000000000  -0.0103294419
  97.1930227204  -0.0000000000  -0.0102877157
  97.5857218021  -0.0000000000  -0.0102463251
  97.9784208838  -0.0000000000  -0.0102052663
  98.3711199655  -0.0000000000  -0.0101645351
  98.7638190472  -0.0000000000  -0.0101241277
  99.1565181289  -0.0000000000  -0.0100840404
  99.5492172106  -0.0000000000  -0.0100442691
  99.9419162923  -0.0000000000  -0.0100048104
 100.3346153740  -0.0000000000  -0.0099656604
 100.7273144557  -0.0000000000  -0.0099268156
 101.1200135374  -0.0000000000  -0.0098882724
 101.5127126191  -0.0000000000  -0.0098500273
 101.9054117008  -0.0000000000  -0.0098120769
 102.2981107825  -0.0000000000  -0.0097744178
 102.6908098642  -0.0000000000  -0.0097370466
 103.0835089459  -0.0000000000  -0.0096999601
 103.4762080276  -0.0000000000  -0.0096631550
 103.8689071093  -0.0000000000  -0.0096266281
 104.2616061910  -0.0000000000  -0.0095903763
 104.6543052727  -0.0000000000  -0.0095543965
 105.0470043544  -0.0000000000  -0.0095186856
 105.4397034361  -0.0000000000  -0.0094832407
 105.8324025178  -0.0000000000  -0.0094480587
 106.2251015995  -0.0000000000  -0.0094131367
 106.6178006812  -0.0000000000  -0.0093784720
 107.0104997629  -0.0000000000  -0.0093440616
 107.4031988446  -0.0000000000  -0.0093099028
 107.7958979263  -0.0000000000  -0.0092759928
 108.1885970080  -0.0000000000  -0.0092423289
 108.5812960897  -0.0000000000  -0.0092089084
 108.9739951714  -0.0000000000  -0.0091757287
 109.3666942531  -0.0000000000  -0.0091427873
 109.7593933348  -0.0000000000  -0.0091100815
 110.1520924165  -0.0000000000  -0.0090776088
 110.5447914982  -0.0000000000  -0.0090453668
 110.9374905799  -0.0000000000  -0.0090133531
 111.3301896616  -0.0000000000  -0.0089815651
 111.7228887433  -0.0000000000  -0.0089500005
 112.1155878250  -0.0000000000  -0.0089186570
 112.5082869067  -0.0000000000  -0.0088875322
 112.9009859884  -0.0000000000  -0.0088566239
 113.2936850701  -0.0000000000  -0.0088259298
 113.6863841518  -0.0000000000  -0.0087954477
 114.0790832335  -0.0000000000  -0.0087651755
 114.4717823152  -0.0000000000  -0.0087351108
 114.8644813969  -0.0000000000  -0.0087052518
 115.2571804786  -0.0000000000  -0.0086755961
 115.6498795603  -0.0000000000  -0.0086461418
 116.0425786420  -0.0000000000  -0.0086168867
 116.4352777237  -0.0000000000  -0.0085878290
 116.8279768054  -0.0000000000  -0.0085589666
 117.2206758871  -0.0000000000  -0.0085302975
 117.6133749688  -0.0000000000  -0.0085018199
 118.0060740505  -0.0000000000  -0.0084735317
 118.3987731322  -0.0000000000  -0.0084454311
 118.7914722139  -0.0000000000  -0.0084175163
 119.1841712956  -0.0000000000  -0.0083897854
 119.5768703773  -0.0000000000  -0.0083622366
 119.9695694590  -0.0000000000  -0.0083348681
 120.3622685407  -0.0000000000  -0.0083076782
 120.7549676224  -0.0000000000  -0.0082806650
 121.1476667041  -0.0000000000  -0.0082538270
 121.5403657858  -0.0000000000  -0.0082271623
 121.9330648675  -0.0000000000  -0.0082006694
 122.3257639492  -0.0000000000  -0.0081743466
 122.7184630309  -0.0000000000  -0.0081481921
 123.1111621125  -0.0000000000  -0.0081222045
 123.5038611942  -0.0000000000  -0.0080963821
 123.8965602759  -0.0000000000  -0.0080707234
 124.2892593576  -0.0000000000  -0.0080452268
 124.6819584393  -0.0000000000  -0.0080198908
 125.0746575210  -0.0000000000  -0.0079947138
 125.4673566027  -0.0000000000  -0.0079696944
 125.8600556844  -0.0000000000  -0.0079448311
 126.2527547661  -0.0000000000  -0.0079201225
 126.6454538478  -0.0000000000  -0.0078955670
 127.0381529295  -0.0000000000  -0.0078711633
 127.4308520112  -0.0000000000  -0.0078469100
 127.8235510929  -0.0000000000  -0.0078228057
 128.2162501746  -0.0000000000  -0.0077988491
 128.6089492563  -0.0000000000  -0.0077750387
 129.0016483380  -0.0000000000  -0.0077513732
 129.3943474197  -0.0000000000  -0.0077278514
 129.7870465014  -0.0000000000  -0.0077044718
 130.1797455831  -0.0000000000  -0.0076812334
 130.5724446648  -0.0000000000  -0.0076581346
 130.9651437465  -0.0000000000  -0.0076351744
 131.3578428282  -0.0000000000  -0.0076123514
 131.7505419099  -0.0000000000  -0.0075896644
 132.1432409916  -0.0000000000  -0.0075671123
 132.5359400733  -0.0000000000  -0.0075446938
 132.9286391550  -0.0000000000  -0.0075224077
 133.3213382367  -0.0000000000  -0.0075002529
 133.7140373184  -0.0000000000  -0.0074782282
 134.1067364001  -0.0000000000  -0.0074563324
 134.4994354818  -0.0000000000  -0.0074345645
 134.8921345635  -0.0000000000  -0.0074129233
 135.2848336452  -0.0000000000  -0.0073914078
 135.6775327269  -0.0000000000  -0.0073700167
 136.0702318086  -0.0000000000  -0.0073487491
 136.4629308903  -0.0000000000  -0.0073276039
 136.8556299720  -0.0000000000  -0.0073065801
 137.2483290537  -0.0000000000  -0.0072856765
 137.6410281354  -0.0000000000  -0.0072648922
 138.0337272171  -0.0000000000  -0.0072442261
 138.4264262988  -0.0000000000  -0.0072236772
 138.8191253805  -0.0000000000  -0.0072032446
 139.2118244622  -0.0000000000  -0.0071829273
 139.6045235439  -0.0000000000  -0.0071627242
 139.9972226256  -0.0000000000  -0.0071426345
 140.3899217073  -0.0000000000  -0.0071226571
 140.7826207890  -0.0000000000  -0.0071027912
 141.1753198707  -0.0000000000  -0.0070830357
 141.5680189524  -0.0000000000  -0.0070633899
 141.9607180341  -0.0000000000  -0.0070438527
 142.3534171158  -0.0000000000  -0.0070244233
 142.7461161975  -0.0000000000  -0.0070051008
 143.1388152792  -0.0000000000  -0.0069858843
 143.5315143609  -0.0000000000  -0.0069667729
 143.9242134426  -0.0000000000  -0.0069477658
 144.3169125243  -0.0000000000  -0.0069288622
 144.7096116060  -0.0000000000  -0.0069100611
 145.1023106877  -0.0000000000  -0.0068913617
 145.4950097694  -0.0000000000  -0.0068727633
 145.8877088511  -0.0000000000  -0.0068542650
 146.2804079328  -0.0000000000  -0.0068358660
 146.6731070145  -0.0000000000  -0.0068175656
 147.0658060962  -0.0000000000  -0.0067993628
 147.4585051779  -0.0000000000  -0.0067812570
 147.8512042596  -0.0000000000  -0.0067632473
 148.2439033413  -0.0000000000  -0.0067453331
 148.6366024230  -0.0000000000  -0.0067275135
 149.0293015047  -0.0000000000  -0.0067097877
 149.4220005864  -0.0000000000  -0.0066921552
 149.8146996681  -0.0000000000  -0.0066746151
 150.2073987498  -0.0000000000  -0.0066571666
 150.6000978315  -0.0000000000  -0.0066398092
 150.9927969132  -0.0000000000  -0.0066225420
 151.3854959949  -0.0000000000  -0.0066053644
 151.7781950766  -0.0000000000  -0.0065882757
 152.1708941583  -0.0000000000  -0.0065712752
 152.5635932400  -0.0000000000  -0.0065543622
 152.9562923217  -0.0000000000  -0.0065375360
 153.3489914034  -0.0000000000  -0.0065207959
 153.7416904851  -0.0000000000  -0.0065041414
 154.1343895667  -0.0000000000  -0.0064875718
 154.5270886484  -0.0000000000  -0.0064710863
 154.9197877301  -0.0000000000  -0.0064546844
 155.3124868118  -0.0000000000  -0.0064383655
 155.7051858935  -0.0000000000  -0.0064221288
 156.0978849752  -0.0000000000  -0.0064059738
 156.4905840569  -0.0000000000  -0.0063898999
 156.8832831386  -0.0000000000  -0.0063739065
 157.2759822203  -0.0000000000  -0.0063579929
 157.6686813020  -0.0000000000  -0.0063421586
 158.0613803837  -0.0000000000  -0.0063264029
 158.4540794654  -0.0000000000  -0.0063107254
 158.8467785471  -0.0000000000  -0.0062951253
 159.2394776288  -0.0000000000  -0.0062796022
 159.6321767105  -0.0000000000  -0.0062641554
 160.0248757922  -0.0000000000  -0.0062487844
 160.4175748739  -0.0000000000  -0.0062334887
 160.8102739556  -0.0000000000  -0.0062182677
 161.2029730373  -0.0000000000  -0.0062031208
 161.5956721190  -0.0000000000  -0.0061880476
 161.9883712007  -0.0000000000  -0.0061730474
 162.3810702824  -0.0000000000  -0.0061581198
 162.7737693641  -0.0000000000  -0.0061432641
 163.1664684458  -0.0000000000  -0.0061284800
 163.5591675275  -0.0000000000  -0.0061137669
 163.9518666092  -0.0000000000  -0.0060991242
 164.3445656909  -0.0000000000  -0.0060845515
 164.7372647726  -0.0000000000  -0.0060700483
 165.1299638543  -0.0000000000  -0.0060556141
 165.5226629360  -0.0000000000  -0.0060412483
 165.9153620177  -0.0000000000  -0.0060269505
 166.3080610994  -0.0000000000  -0.0060127203
 166.7007601811  -0.0000000000  -0.0059985570
 167.0934592628  -0.0000000000  -0.0059844604
 167.4861583445  -0.0000000000  -0.0059704298
 167.8788574262  -0.0000000000  -0.0059564649
 168.2715565079  -0.0000000000  -0.0059425651
 168.6642555896  -0.0000000000  -0.0059287301
 169.0569546713  -0.0000000000  -0.0059149593
 169.4496537530  -0.0000000000  -0.0059012524
 169.8423528347  -0.0000000000  -0.0058876088
 170.2350519164  -0.0000000000  -0.0058740282
 170.6277509981  -0.0000000000  -0.0058605101
 171.0204500798  -0.0000000000  -0.0058470540
 171.4131491615  -0.0000000000  -0.0058336596
 171.8058482432  -0.0000000000  -0.0058203265
 172.1985473249  -0.0000000000  -0.0058070541
 172.5912464066  -0.0000000000  -0.0057938421
 172.9839454883  -0.0000000000  -0.0057806901
 173.3766445700  -0.0000000000  -0.0057675977
 173.7693436517  -0.0000000000  -0.0057545644
 174.1620427334  -0.0000000000  -0.0057415900
 174.5547418151  -0.0000000000  -0.0057286738
 174.9474408968  -0.0000000000  -0.0057158157
 175.3401399785  -0.0000000000  -0.0057030152
 175.7328390602  -0.0000000000  -0.0056902718
 176.1255381419  -0.0000000000  -0.0056775853
 176.5182372236  -0.0000000000  -0.0056649552
 176.9109363053  -0.0000000000  -0.0056523812
 177.3036353870  -0.0000000000  -0.0056398629
 177.6963344687  -0.0000000000  -0.0056273999
 178.0890335504  -0.0000000000  -0.0056149919
 178.4817326321  -0.0000000000  -0.0056026384
 178.8744317138  -0.0000000000  -0.0055903392
 179.2671307955  -0.0000000000  -0.0055780939
 179.6598298772  -0.0000000000  -0.0055659021
 180.0525289589  -0.0000000000  -0.0055537635
 180.4452280406  -0.0000000000  -0.0055416777
 180.8379271223  -0.0000000000  -0.0055296444
 181.2306262040  -0.0000000000  -0.0055176632
 181.6233252857  -0.0000000000  -0.0055057338
 182.0160243674  -0.0000000000  -0.0054938559
 182.4087234491  -0.0000000000  -0.0054820292
 182.8014225308  -0.0000000000  -0.0054702533
 183.1941216125  -0.0000000000  -0.0054585278
 183.5868206942  -0.0000000000  -0.0054468525
 183.9795197759  -0.0000000000  -0.0054352270
 184.3722188576  -0.0000000000  -0.0054236511
 184.7649179392  -0.0000000000  -0.0054121243
 185.1576170209  -0.0000000000  -0.0054006465
 185.5503161026  -0.0000000000  -0.0053892172
 185.9430151843  -0.0000000000  -0.0053778362
 186.3357142660  -0.0000000000  -0.0053665032
 186.7284133477  -0.0000000000  -0.0053552178
 187.1211124294  -0.0000000000  -0.0053439798
 187.5138115111  -0.0000000000  -0.0053327888
 187.9065105928  -0.0000000000  -0.0053216447
 188.2992096745  -0.0000000000  -0.0053105470
 188.6919087562  -0.0000000000  -0.0052994955
 189.0846078379  -0.0000000000  -0.0052884899
 189.4773069196  -0.0000000000  -0.0052775299
 189.8700060013  -0.0000000000  -0.0052666152
 190.2627050830  -0.0000000000  -0.0052557456
 190.6554041647  -0.0000000000  -0.0052449208
 191.0481032464  -0.0000000000  -0.0052341404
 191.4408023281  -0.0000000000  -0.0052234043
 191.8335014098  -0.0000000000  -0.0052127122
 192.2262004915  -0.0000000000  -0.0052020637
 192.6188995732  -0.0000000000  -0.0051914586
 193.0115986549  -0.0000000000  -0.0051808967
 193.4042977366  -0.0000000000  -0.0051703777
 193.7969968183  -0.0000000000  -0.0051599013
 194.1896959000  -0.0000000000  -0.0051494673
 194.5823949817  -0.0000000000  -0.0051390754
 194.9750940634  -0.0000000000  -0.0051287253
 195.3677931451  -0.0000000000  -0.0051184168
 195.7604922268  -0.0000000000  -0.0051081497
 196.1531913085  -0.0000000000  -0.0050979237
 196.5458903902  -0.0000000000  -0.0050877386
 196.9385894719  -0.0000000000  -0.0050775941
 197.3312885536  -0.0000000000  -0.0050674899
 197.7239876353  -0.0000000000  -0.0050574259
 198.1166867170  -0.0000000000  -0.0050474018
 198.5093857987  -0.0000000000  -0.0050374174
 198.9020848804  -0.0000000000  -0.0050274723
 199.2947839621  -0.0000000000  -0.0050175665
 199.6874830438  -0.0000000000  -0.0050076996
 200.0801821255  -0.0000000000  -0.0049978714
 200.4728812072  -0.0000000000  -0.0049880817
 200.8655802889  -0.0000000000  -0.0049783304
