   0.0000000000   0.5000000071
   0.0250000000   0.4996626649
   0.0500000000   0.4986365995
   0.0750000000   0.4965932967
   0.1000000000   0.4935470991
   0.1250000000   0.4895231308
   0.1500000000   0.4845501543
   0.1750000000   0.4786682798
   0.2000000000   0.4719193276
   0.2250000000   0.4643566320
   0.2500000000   0.4560331501
   0.2750000000   0.4470131549
   0.3000000000   0.4373583975
   0.3250000000   0.4271414343
   0.3500000000   0.4164302028
   0.3750000000   0.4053026876
   0.4000000000   0.3938303029
   0.4250000000   0.3820935731
   0.4500000000   0.3701647307
   0.4750000000   0.3581240685
   0.5000000000   0.3460421614
   0.5250000000   0.3339965399
   0.5500000000   0.3220539285
   0.5750000000   0.3102868944
   0.6000000000   0.2987564696
   0.6250000000   0.2875284419
   0.6500000000   0.2766566921
   0.6750000000   0.2661988198
   0.7000000000   0.2562004846
   0.7250000000   0.2467100923
   0.7500000000   0.2377643819
   0.7750000000   0.2294019384
   0.8000000000   0.2216502188
   0.8250000000   0.2145377022
   0.8500000000   0.2080824995
   0.8750000000   0.2023029979
   0.9000000000   0.1972081514
   0.9250000000   0.1928065252
   0.9500000000   0.1890983173
   0.9750000000   0.1860827558
   1.0000000000   0.1837518583
   1.0250000000   0.1820961795
   1.0500000000   0.1811002745
   1.0750000000   0.1807468370
   1.1000000000   0.1810137931
   1.1250000000   0.1818769098
   1.1500000000   0.1833084126
   1.1750000000   0.1852781748
   1.2000000000   0.1877537248
   1.2250000000   0.1907001540
   1.2500000000   0.1940813550
   1.2750000000   0.1978588077
   1.3000000000   0.2019938698
   1.3250000000   0.2064456177
   1.3500000000   0.2111739959
   1.3750000000   0.2161368993
   1.4000000000   0.2212939805
   1.4250000000   0.2266031637
   1.4500000000   0.2320249057
   1.4750000000   0.2375183314
   1.5000000000   0.2430457465
   1.5250000000   0.2485685780
   1.5500000000   0.2540519453
   1.5750000000   0.2594605789
   1.6000000000   0.2647632674
   1.6250000000   0.2699289144
   1.6500000000   0.2749306980
   1.6750000000   0.2797424051
   1.7000000000   0.2843421625
   1.7250000000   0.2887091679
   1.7500000000   0.2928268756
   1.7750000000   0.2966802212
   1.8000000000   0.3002581729
   1.8250000000   0.3035515212
   1.8500000000   0.3065547359
   1.8750000000   0.3092643690
   1.9000000000   0.3116801855
   1.9250000000   0.3138042034
   1.9500000000   0.3156410944
   1.9750000000   0.3171978625
   2.0000000000   0.3184835367
   2.0250000000   0.3195094677
   2.0500000000   0.3202883595
   2.0750000000   0.3208351441
   2.1000000000   0.3211654177
   2.1250000000   0.3212968391
   2.1500000000   0.3212470507
   2.1750000000   0.3210355344
   2.2000000000   0.3206811077
   2.2250000000   0.3202041618
   2.2500000000   0.3196238308
   2.2750000000   0.3189605306
   2.3000000000   0.3182329001
   2.3250000000   0.3174605585
   2.3500000000   0.3166609154
   2.3750000000   0.3158520647
   2.4000000000   0.3150495551
   2.4250000000   0.3142693436
   2.4500000000   0.3135246074
   2.4750000000   0.3128286889
   2.5000000000   0.3121920173
   2.5250000000   0.3116249863
   2.5500000000   0.3111350413
   2.5750000000   0.3107294408
   2.6000000000   0.3104125506
   2.6250000000   0.3101884538
   2.6500000000   0.3100584760
   2.6750000000   0.3100236215
   2.7000000000   0.3100823405
   2.7250000000   0.3102327811
   2.7500000000   0.3104707935
   2.7750000000   0.3107920002
   2.8000000000   0.3111900204
   2.8250000000   0.3116583707
   2.8500000000   0.3121888814
   2.8750000000   0.3127734493
   2.9000000000   0.3134026087
   2.9250000000   0.3140671655
   2.9500000000   0.3147568793
   2.9750000000   0.3154620117
   3.0000000000   0.3161720726
   3.0250000000   0.3168773204
   3.0500000000   0.3175675220
   3.0750000000   0.3182334433
   3.1000000000   0.3188655749
   3.1250000000   0.3194556500
   3.1500000000   0.3199952910
   3.1750000000   0.3204775886
   3.2000000000   0.3208956294
   3.2250000000   0.3212441675
   3.2500000000   0.3215180001
   3.2750000000   0.3217137551
   3.3000000000   0.3218280921
   3.3250000000   0.3218596230
   3.3500000000   0.3218069240
   3.3750000000   0.3216706003
   3.4000000000   0.3214511035
   3.4250000000   0.3211509443
   3.4500000000   0.3207723199
   3.4750000000   0.3203194714
   3.5000000000   0.3197961332
   3.5250000000   0.3192080264
   3.5500000000   0.3185601512
   3.5750000000   0.3178593992
   3.6000000000   0.3171117170
   3.6250000000   0.3163248174
   3.6500000000   0.3155052447
   3.6750000000   0.3146611619
   3.7000000000   0.3137993522
   3.7250000000   0.3129280556
   3.7500000000   0.3120539429
   3.7750000000   0.3111849744
   3.8000000000   0.3103273812
   3.8250000000   0.3094885193
   3.8500000000   0.3086738919
   3.8750000000   0.3078899728
   3.9000000000   0.3071412987
   3.9250000000   0.3064332402
   3.9500000000   0.3057691883
   3.9750000000   0.3051532533
   4.0000000000   0.3045875649
   4.0250000000   0.3040748840
   4.0500000000   0.3036160295
   4.0750000000   0.3032123916
   4.1000000000   0.3028634934
   4.1250000000   0.3025693991
   4.1500000000   0.3023284101
   4.1750000000   0.3021393686
   4.2000000000   0.3019994829
   4.2250000000   0.3019065285
   4.2500000000   0.3018567929
   4.2750000000   0.3018471818
   4.3000000000   0.3018732683
   4.3250000000   0.3019313155
   4.3500000000   0.3020164114
   4.3750000000   0.3021244211
   4.4000000000   0.3022501873
   4.4250000000   0.3023894279
   4.4500000000   0.3025369792
   4.4750000000   0.3026886556
   4.5000000000   0.3028395143
   4.5250000000   0.3029856925
   4.5500000000   0.3031226732
   4.5750000000   0.3032471153
   4.6000000000   0.3033551016
   4.6250000000   0.3034439766
   4.6500000000   0.3035105593
   4.6750000000   0.3035530021
   4.7000000000   0.3035689550
   4.7250000000   0.3035574546
   4.7500000000   0.3035170320
   4.7750000000   0.3034476384
   4.8000000000   0.3033486909
   4.8250000000   0.3032210392
   4.8500000000   0.3030649487
   4.8750000000   0.3028821085
   4.9000000000   0.3026735552
   4.9250000000   0.3024417202
   4.9500000000   0.3021883006
   4.9750000000   0.3019163411
   5.0000000000   0.3016280617
