   0.0000000000   0.2077223106
   0.0250000000   0.2073792868
   0.0500000000   0.2065500622
   0.0750000000   0.2043220262
   0.1000000000   0.2015019819
   0.1250000000   0.1973559432
   0.1500000000   0.1927143447
   0.1750000000   0.1868703287
   0.2000000000   0.1806726263
   0.2250000000   0.1734365672
   0.2500000000   0.1660215366
   0.2750000000   0.1577594726
   0.3000000000   0.1495110746
   0.3250000000   0.1406195436
   0.3500000000   0.1319366569
   0.3750000000   0.1228125354
   0.4000000000   0.1140797849
   0.4250000000   0.1050926703
   0.4500000000   0.0966552137
   0.4750000000   0.0881249090
   0.5000000000   0.0802693382
   0.5250000000   0.0724501697
   0.5500000000   0.0653927608
   0.5750000000   0.0584654912
   0.6000000000   0.0523480607
   0.6250000000   0.0464192084
   0.6500000000   0.0413119410
   0.6750000000   0.0364195133
   0.7000000000   0.0323294440
   0.7250000000   0.0284535326
   0.7500000000   0.0253369440
   0.7750000000   0.0224133438
   0.8000000000   0.0201901978
   0.8250000000   0.0181251915
   0.8500000000   0.0166938135
   0.8750000000   0.0153784573
   0.9000000000   0.0146289716
   0.9250000000   0.0139515617
   0.9500000000   0.0137769722
   0.9750000000   0.0136327904
   1.0000000000   0.0139370346
   1.0250000000   0.0142349077
   1.0500000000   0.0149376376
   1.0750000000   0.0156032490
   1.1000000000   0.0166414671
   1.1250000000   0.0176176948
   1.1500000000   0.0189446680
   1.1750000000   0.0201894824
   1.2000000000   0.0217715687
   1.2250000000   0.0232541872
   1.2500000000   0.0250663285
   1.2750000000   0.0267624045
   1.3000000000   0.0287830715
   1.3250000000   0.0306696872
   1.3500000000   0.0328760183
   1.3750000000   0.0349271774
   1.4000000000   0.0372909400
   1.4250000000   0.0394741146
   1.4500000000   0.0419589583
   1.4750000000   0.0442330699
   1.5000000000   0.0467933441
   1.5250000000   0.0491083529
   1.5500000000   0.0516895565
   1.5750000000   0.0539876322
   1.6000000000   0.0565283662
   1.6250000000   0.0587464283
   1.6500000000   0.0611815544
   1.6750000000   0.0632548231
   1.7000000000   0.0655194118
   1.7250000000   0.0673855166
   1.7500000000   0.0694191031
   1.7750000000   0.0710222604
   1.8000000000   0.0727729212
   1.8250000000   0.0740677170
   1.8500000000   0.0754955362
   1.8750000000   0.0764499237
   1.9000000000   0.0775295116
   1.9250000000   0.0781267510
   1.9500000000   0.0788486096
   1.9750000000   0.0790880090
   2.0000000000   0.0794586763
   2.0250000000   0.0793551349
   2.0500000000   0.0793961731
   2.0750000000   0.0789786479
   2.1000000000   0.0787246521
   2.1250000000   0.0780337663
   2.1500000000   0.0775296470
   2.1750000000   0.0766147166
   2.2000000000   0.0759125471
   2.2250000000   0.0748283224
   2.2500000000   0.0739840444
   2.2750000000   0.0727874447
   2.3000000000   0.0718576918
   2.3250000000   0.0706047706
   2.3500000000   0.0696440153
   2.3750000000   0.0683873282
   2.4000000000   0.0674454914
   2.4250000000   0.0662319717
   2.4500000000   0.0653525659
   2.4750000000   0.0642219496
   2.5000000000   0.0634407682
   2.5250000000   0.0624245551
   2.5500000000   0.0617688755
   2.5750000000   0.0608897801
   2.6000000000   0.0603780223
   2.6250000000   0.0596498474
   2.6500000000   0.0592916182
   2.6750000000   0.0587194812
   2.7000000000   0.0585159399
   2.7250000000   0.0580967914
   2.7500000000   0.0580412802
   2.7750000000   0.0577646648
   2.8000000000   0.0578435651
   2.8250000000   0.0576925918
   2.8500000000   0.0578863770
   2.8750000000   0.0578388708
   2.9000000000   0.0581233330
   2.9250000000   0.0581531466
   2.9500000000   0.0585007710
   2.9750000000   0.0585792256
   3.0000000000   0.0589606794
   3.0250000000   0.0590580956
   3.0500000000   0.0594437824
   3.0750000000   0.0595310426
   3.1000000000   0.0598926583
   3.1250000000   0.0599427317
   3.1500000000   0.0602547435
   3.1750000000   0.0602440912
   3.2000000000   0.0604850566
   3.2250000000   0.0603948319
   3.2500000000   0.0605484724
   3.2750000000   0.0603654384
   3.3000000000   0.0604213979
   3.3250000000   0.0601385001
   3.3500000000   0.0600927362
   3.3750000000   0.0597092925
   3.4000000000   0.0595640767
   3.4250000000   0.0590855770
   3.4500000000   0.0588491125
   3.4750000000   0.0582866509
   3.5000000000   0.0579723457
   3.5250000000   0.0573417389
   3.5500000000   0.0569672000
   3.5750000000   0.0562878662
   3.6000000000   0.0558736974
   3.6250000000   0.0551673871
   3.6500000000   0.0547358858
   3.6750000000   0.0540253585
   3.7000000000   0.0535992039
   3.7250000000   0.0529069418
   3.7500000000   0.0525079600
   3.7750000000   0.0518549965
   3.8000000000   0.0515030721
   3.8250000000   0.0509079953
   3.8500000000   0.0506201787
   3.8750000000   0.0500983497
   3.9000000000   0.0498881910
   3.9250000000   0.0494511957
   3.9500000000   0.0493283127
   3.9750000000   0.0489836500
   4.0000000000   0.0489535265
   4.0250000000   0.0487045175
   4.0500000000   0.0487685118
   4.0750000000   0.0486144096
   4.1000000000   0.0487699477
   4.1250000000   0.0487062175
   4.1500000000   0.0489471426
   4.1750000000   0.0489658821
   4.2000000000   0.0492829275
   4.2250000000   0.0493733979
   4.2500000000   0.0497547562
   4.2750000000   0.0499039930
   4.3000000000   0.0503359523
   4.3250000000   0.0505294297
   4.3500000000   0.0509970502
   4.3750000000   0.0512193728
   4.4000000000   0.0517071790
   4.4250000000   0.0519427741
   4.4500000000   0.0524354361
   4.4750000000   0.0526692230
   4.5000000000   0.0531522027
   4.5250000000   0.0533702118
   4.5500000000   0.0538303483
   4.5750000000   0.0540202673
   4.6000000000   0.0544462789
   4.6250000000   0.0545979037
   4.6500000000   0.0549807843
   4.6750000000   0.0550863547
   4.7000000000   0.0554196504
   4.7250000000   0.0554740591
   4.7500000000   0.0557540122
   4.7750000000   0.0557548784
   4.8000000000   0.0559804369
   4.8250000000   0.0559280467
   4.8500000000   0.0561007436
   4.8750000000   0.0559978642
   4.9000000000   0.0561215773
   4.9250000000   0.0559731621
   4.9500000000   0.0560537747
   4.9750000000   0.0558665789
   5.0000000000   0.0559115635
