   0.0000000000   0.2077222650
   0.0250000000   0.2079367891
   0.0500000000   0.2087697294
   0.0750000000   0.2110203439
   0.1000000000   0.2139049744
   0.1250000000   0.2181996723
   0.1500000000   0.2231185806
   0.1750000000   0.2294313856
   0.2000000000   0.2363486386
   0.2250000000   0.2446304314
   0.2500000000   0.2534824398
   0.2750000000   0.2636508870
   0.3000000000   0.2743359922
   0.3250000000   0.2862652127
   0.3500000000   0.2986339402
   0.3750000000   0.3121458763
   0.4000000000   0.3259937614
   0.4250000000   0.3408530197
   0.4500000000   0.3559175777
   0.4750000000   0.3718310364
   0.5000000000   0.3877938765
   0.5250000000   0.4044156971
   0.5500000000   0.4209100773
   0.5750000000   0.4378520330
   0.6000000000   0.4544754336
   0.6250000000   0.4713217899
   0.6500000000   0.4876524708
   0.6750000000   0.5039781218
   0.7000000000   0.5195941912
   0.7250000000   0.5349844343
   0.7500000000   0.5494837429
   0.7750000000   0.5635539782
   0.8000000000   0.5765731596
   0.8250000000   0.5889869100
   0.8500000000   0.6002180794
   0.8750000000   0.6107019967
   0.9000000000   0.6199059434
   0.9250000000   0.6282608357
   0.9500000000   0.6352759385
   0.9750000000   0.6413832642
   1.0000000000   0.6461297703
   1.0250000000   0.6499534498
   1.0500000000   0.6524331431
   1.0750000000   0.6540168972
   1.1000000000   0.6543085135
   1.1250000000   0.6537692362
   1.1500000000   0.6520202400
   1.1750000000   0.6495381312
   1.2000000000   0.6459536537
   1.2250000000   0.6417599781
   1.2500000000   0.6365898197
   1.2750000000   0.6309532232
   1.3000000000   0.6244778532
   1.3250000000   0.6176901636
   1.3500000000   0.6102066161
   1.3750000000   0.6025689830
   1.4000000000   0.5943774529
   1.4250000000   0.5861875654
   1.4500000000   0.5775793697
   1.4750000000   0.5691203278
   1.5000000000   0.5603677229
   1.5250000000   0.5518989568
   1.5500000000   0.5432471166
   1.5750000000   0.5349975552
   1.6000000000   0.5266588234
   1.6250000000   0.5188223327
   1.6500000000   0.5109726933
   1.6750000000   0.5037056489
   1.7000000000   0.4964832178
   1.7250000000   0.4899039549
   1.7500000000   0.4834091969
   1.7750000000   0.4775990077
   1.8000000000   0.4718963302
   1.8250000000   0.4669016481
   1.8500000000   0.4620220125
   1.8750000000   0.4578574353
   1.9000000000   0.4538016580
   1.9250000000   0.4504535065
   1.9500000000   0.4471959740
   1.9750000000   0.4446261466
   2.0000000000   0.4421187400
   2.0250000000   0.4402686951
   2.0500000000   0.4384447875
   2.0750000000   0.4372395504
   2.1000000000   0.4360180005
   2.1250000000   0.4353701428
   2.1500000000   0.4346592477
   2.1750000000   0.4344728145
   2.2000000000   0.4341742049
   2.2250000000   0.4343485762
   2.2500000000   0.4343610342
   2.2750000000   0.4347946928
   2.3000000000   0.4350178568
   2.3250000000   0.4356120137
   2.3500000000   0.4359499054
   2.3750000000   0.4366119052
   2.4000000000   0.4369761907
   2.4250000000   0.4376225936
   2.4500000000   0.4379354653
   2.4750000000   0.4384946895
   2.5000000000   0.4386912513
   2.5250000000   0.4391056576
   2.5500000000   0.4391357023
   2.5750000000   0.4393630215
   2.6000000000   0.4391921114
   2.6250000000   0.4392061430
   2.6500000000   0.4388159461
   2.6750000000   0.4386065011
   2.7000000000   0.4379943746
   2.7250000000   0.4375664832
   2.7500000000   0.4367443502
   2.7750000000   0.4361168007
   2.8000000000   0.4351094076
   2.8250000000   0.4343127272
   2.8500000000   0.4331554071
   2.8750000000   0.4322294231
   2.9000000000   0.4309655159
   2.9250000000   0.4299566564
   2.9500000000   0.4286347450
   2.9750000000   0.4275932390
   3.0000000000   0.4262643611
   3.0250000000   0.4252414889
   3.0500000000   0.4239564643
   3.0750000000   0.4230019908
   3.1000000000   0.4218089841
   3.1250000000   0.4209688759
   3.1500000000   0.4199112836
   3.1750000000   0.4192257871
   3.2000000000   0.4183405077
   3.2250000000   0.4178426305
   3.2500000000   0.4171587522
   3.2750000000   0.4168731695
   3.3000000000   0.4164110825
   3.3250000000   0.4163534675
   3.3500000000   0.4161243957
   3.3750000000   0.4163011605
   3.4000000000   0.4163070919
   3.4250000000   0.4167155151
   3.4500000000   0.4169495057
   3.4750000000   0.4175782167
   3.5000000000   0.4180250343
   3.5250000000   0.4188548217
   3.5500000000   0.4194918953
   3.5750000000   0.4204967979
   3.6000000000   0.4212954292
   3.6250000000   0.4224440669
   3.6500000000   0.4233708560
   3.6750000000   0.4246279464
   3.7000000000   0.4256463747
   3.7250000000   0.4269743741
   3.7500000000   0.4280464794
   3.7750000000   0.4294072795
   3.8000000000   0.4304953496
   3.8250000000   0.4318519533
   3.8500000000   0.4329201615
   3.8750000000   0.4342382604
   3.9000000000   0.4352541650
   3.9250000000   0.4365035414
   3.9500000000   0.4374393763
   3.9750000000   0.4385950623
   4.0000000000   0.4394287551
   4.0250000000   0.4404718930
   4.0500000000   0.4411877653
   4.0750000000   0.4421061310
   4.1000000000   0.4426952502
   4.1250000000   0.4434834230
   4.1500000000   0.4439436007
   4.1750000000   0.4446027818
   4.2000000000   0.4449382315
   4.2250000000   0.4454757383
   4.2500000000   0.4456964273
   4.2750000000   0.4461249042
   4.3000000000   0.4462456495
   4.3250000000   0.4465820540
   4.3500000000   0.4466214242
   4.3750000000   0.4468858539
   4.4000000000   0.4468649479
   4.4250000000   0.4470793798
   4.4500000000   0.4470205507
   4.4750000000   0.4472075634
   4.5000000000   0.4471331584
   4.5250000000   0.4473147017
   4.5500000000   0.4472458794
   4.5750000000   0.4474421509
   4.6000000000   0.4473978281
   4.6250000000   0.4476263028
   4.6500000000   0.4476222741
   4.6750000000   0.4478969247
   4.7000000000   0.4479451857
   4.7250000000   0.4482759169
   4.7500000000   0.4483842092
   4.7750000000   0.4487765214
   4.8000000000   0.4489481091
   4.8250000000   0.4494029927
   4.8500000000   0.4496366674
   4.8750000000   0.4501507225
   4.9000000000   0.4504410265
   4.9250000000   0.4510067909
   4.9500000000   0.4513444389
   4.9750000000   0.4519509026
   5.0000000000   0.4523233750
