-200.8655802889   0.0000000000   0.0049783303
-200.4728812072   0.0000000000   0.0049880815
-200.0801821255   0.0000000000   0.0049978710
-199.6874830438   0.0000000000   0.0050076990
-199.2947839621   0.0000000000   0.0050175658
-198.9020848804   0.0000000000   0.0050274715
-198.5093857987   0.0000000000   0.0050374164
-198.1166867170   0.0000000000   0.0050474007
-197.7239876353   0.0000000000   0.0050574246
-197.3312885536   0.0000000000   0.0050674885
-196.9385894719   0.0000000000   0.0050775925
-196.5458903902   0.0000000000   0.0050877368
-196.1531913085   0.0000000000   0.0050979218
-195.7604922268   0.0000000000   0.0051081476
-195.3677931451   0.0000000000   0.0051184146
-194.9750940634   0.0000000000   0.0051287228
-194.5823949817   0.0000000000   0.0051390727
-194.1896959000   0.0000000000   0.0051494645
-193.7969968183   0.0000000000   0.0051598983
-193.4042977366   0.0000000000   0.0051703746
-193.0115986549   0.0000000000   0.0051808934
-192.6188995732   0.0000000000   0.0051914552
-192.2262004915   0.0000000000   0.0052020600
-191.8335014098   0.0000000000   0.0052127083
-191.4408023281   0.0000000000   0.0052234003
-191.0481032464   0.0000000000   0.0052341363
-190.6554041647   0.0000000000   0.0052449164
-190.2627050830   0.0000000000   0.0052557411
-189.8700060013   0.0000000000   0.0052666105
-189.4773069196   0.0000000000   0.0052775249
-189.0846078379   0.0000000000   0.0052884847
-188.6919087562   0.0000000000   0.0052994902
-188.2992096745   0.0000000000   0.0053105415
-187.9065105928   0.0000000000   0.0053216390
-187.5138115111   0.0000000000   0.0053327829
-187.1211124294   0.0000000000   0.0053439737
-186.7284133477   0.0000000000   0.0053552115
-186.3357142660   0.0000000000   0.0053664967
-185.9430151843   0.0000000000   0.0053778295
-185.5503161026   0.0000000000   0.0053892103
-185.1576170209   0.0000000000   0.0054006394
-184.7649179392   0.0000000000   0.0054121170
-184.3722188576   0.0000000000   0.0054236436
-183.9795197759   0.0000000000   0.0054352193
-183.5868206942   0.0000000000   0.0054468445
-183.1941216125   0.0000000000   0.0054585196
-182.8014225308   0.0000000000   0.0054702449
-182.4087234491   0.0000000000   0.0054820206
-182.0160243674   0.0000000000   0.0054938471
-181.6233252857   0.0000000000   0.0055057248
-181.2306262040   0.0000000000   0.0055176539
-180.8379271223   0.0000000000   0.0055296348
-180.4452280406   0.0000000000   0.0055416679
-180.0525289589   0.0000000000   0.0055537535
-179.6598298772   0.0000000000   0.0055658919
-179.2671307955   0.0000000000   0.0055780834
-178.8744317138   0.0000000000   0.0055903285
-178.4817326321   0.0000000000   0.0056026275
-178.0890335504   0.0000000000   0.0056149807
-177.6963344687   0.0000000000   0.0056273885
-177.3036353870   0.0000000000   0.0056398512
-176.9109363053   0.0000000000   0.0056523693
-176.5182372236   0.0000000000   0.0056649431
-176.1255381419   0.0000000000   0.0056775729
-175.7328390602   0.0000000000   0.0056902591
-175.3401399785   0.0000000000   0.0057030022
-174.9474408968   0.0000000000   0.0057158025
-174.5547418151   0.0000000000   0.0057286604
-174.1620427334   0.0000000000   0.0057415762
-173.7693436517   0.0000000000   0.0057545504
-173.3766445700   0.0000000000   0.0057675834
-172.9839454883   0.0000000000   0.0057806756
-172.5912464066   0.0000000000   0.0057938273
-172.1985473249   0.0000000000   0.0058070390
-171.8058482432   0.0000000000   0.0058203111
-171.4131491615   0.0000000000   0.0058336440
-171.0204500798   0.0000000000   0.0058470381
-170.6277509981   0.0000000000   0.0058604938
-170.2350519164   0.0000000000   0.0058740117
-169.8423528347   0.0000000000   0.0058875920
-169.4496537530   0.0000000000   0.0059012353
-169.0569546713   0.0000000000   0.0059149419
-168.6642555896   0.0000000000   0.0059287124
-168.2715565079   0.0000000000   0.0059425471
-167.8788574262   0.0000000000   0.0059564465
-167.4861583445   0.0000000000   0.0059704111
-167.0934592628   0.0000000000   0.0059844414
-166.7007601811   0.0000000000   0.0059985377
-166.3080610994   0.0000000000   0.0060127006
-165.9153620177   0.0000000000   0.0060269305
-165.5226629360   0.0000000000   0.0060412280
-165.1299638543   0.0000000000   0.0060555934
-164.7372647726   0.0000000000   0.0060700273
-164.3445656909   0.0000000000   0.0060845302
-163.9518666092   0.0000000000   0.0060991026
-163.5591675275   0.0000000000   0.0061137449
-163.1664684458   0.0000000000   0.0061284577
-162.7737693641   0.0000000000   0.0061432414
-162.3810702824   0.0000000000   0.0061580967
-161.9883712007   0.0000000000   0.0061730240
-161.5956721190   0.0000000000   0.0061880238
-161.2029730373   0.0000000000   0.0062030967
-160.8102739556   0.0000000000   0.0062182432
-160.4175748739   0.0000000000   0.0062334638
-160.0248757922   0.0000000000   0.0062487591
-159.6321767105   0.0000000000   0.0062641297
-159.2394776288   0.0000000000   0.0062795761
-158.8467785471   0.0000000000   0.0062950988
-158.4540794654   0.0000000000   0.0063106985
-158.0613803837   0.0000000000   0.0063263756
-157.6686813020   0.0000000000   0.0063421309
-157.2759822203   0.0000000000   0.0063579648
-156.8832831386   0.0000000000   0.0063738780
-156.4905840569   0.0000000000   0.0063898710
-156.0978849752   0.0000000000   0.0064059445
-155.7051858935   0.0000000000   0.0064220990
-155.3124868118   0.0000000000   0.0064383352
-154.9197877301   0.0000000000   0.0064546537
-154.5270886484   0.0000000000   0.0064710552
-154.1343895667   0.0000000000   0.0064875402
-153.7416904851   0.0000000000   0.0065041094
-153.3489914034   0.0000000000   0.0065207635
-152.9562923217   0.0000000000   0.0065375030
-152.5635932400   0.0000000000   0.0065543288
-152.1708941583   0.0000000000   0.0065712413
-151.7781950766   0.0000000000   0.0065882414
-151.3854959949   0.0000000000   0.0066053296
-150.9927969132   0.0000000000   0.0066225067
-150.6000978315   0.0000000000   0.0066397734
-150.2073987498   0.0000000000   0.0066571303
-149.8146996681   0.0000000000   0.0066745782
-149.4220005864   0.0000000000   0.0066921179
-149.0293015047   0.0000000000   0.0067097499
-148.6366024230   0.0000000000   0.0067274751
-148.2439033413   0.0000000000   0.0067452942
-147.8512042596   0.0000000000   0.0067632079
-147.4585051779   0.0000000000   0.0067812170
-147.0658060962   0.0000000000   0.0067993223
-146.6731070145   0.0000000000   0.0068175245
-146.2804079328   0.0000000000   0.0068358244
-145.8877088511   0.0000000000   0.0068542228
-145.4950097694   0.0000000000   0.0068727206
-145.1023106877   0.0000000000   0.0068913184
-144.7096116060   0.0000000000   0.0069100171
-144.3169125243   0.0000000000   0.0069288176
-143.9242134426   0.0000000000   0.0069477207
-143.5315143609   0.0000000000   0.0069667272
-143.1388152792   0.0000000000   0.0069858380
-142.7461161975   0.0000000000   0.0070050538
-142.3534171158   0.0000000000   0.0070243757
-141.9607180341   0.0000000000   0.0070438045
-141.5680189524   0.0000000000   0.0070633410
-141.1753198707   0.0000000000   0.0070829862
-140.7826207890   0.0000000000   0.0071027410
-140.3899217073   0.0000000000   0.0071226063
-139.9972226256   0.0000000000   0.0071425830
-139.6045235439   0.0000000000   0.0071626720
-139.2118244622   0.0000000000   0.0071828744
-138.8191253805   0.0000000000   0.0072031911
-138.4264262988   0.0000000000   0.0072236230
-138.0337272171   0.0000000000   0.0072441711
-137.6410281354   0.0000000000   0.0072648365
-137.2483290537   0.0000000000   0.0072856200
-136.8556299720   0.0000000000   0.0073065229
-136.4629308903   0.0000000000   0.0073275460
-136.0702318086   0.0000000000   0.0073486905
-135.6775327269   0.0000000000   0.0073699573
-135.2848336452   0.0000000000   0.0073913476
-134.8921345635   0.0000000000   0.0074128623
-134.4994354818   0.0000000000   0.0074345027
-134.1067364001   0.0000000000   0.0074562698
-133.7140373184   0.0000000000   0.0074781647
-133.3213382367   0.0000000000   0.0075001886
-132.9286391550   0.0000000000   0.0075223426
-132.5359400733   0.0000000000   0.0075446278
-132.1432409916   0.0000000000   0.0075670455
-131.7505419099   0.0000000000   0.0075895968
-131.3578428282   0.0000000000   0.0076122829
-130.9651437465   0.0000000000   0.0076351049
-130.5724446648   0.0000000000   0.0076580643
-130.1797455831   0.0000000000   0.0076811621
-129.7870465014   0.0000000000   0.0077043997
-129.3943474197   0.0000000000   0.0077277783
-129.0016483380   0.0000000000   0.0077512992
-128.6089492563   0.0000000000   0.0077749637
-128.2162501746   0.0000000000   0.0077987731
-127.8235510929   0.0000000000   0.0078227288
-127.4308520112   0.0000000000   0.0078468321
-127.0381529295   0.0000000000   0.0078710844
-126.6454538478   0.0000000000   0.0078954870
-126.2527547661   0.0000000000   0.0079200414
-125.8600556844   0.0000000000   0.0079447490
-125.4673566027   0.0000000000   0.0079696113
-125.0746575210   0.0000000000   0.0079946296
-124.6819584393   0.0000000000   0.0080198054
-124.2892593576   0.0000000000   0.0080451404
-123.8965602759   0.0000000000   0.0080706359
-123.5038611942   0.0000000000   0.0080962934
-123.1111621125   0.0000000000   0.0081221147
-122.7184630309   0.0000000000   0.0081481011
-122.3257639492   0.0000000000   0.0081742544
-121.9330648675   0.0000000000   0.0082005760
-121.5403657858   0.0000000000   0.0082270677
-121.1476667041   0.0000000000   0.0082537311
-120.7549676224   0.0000000000   0.0082805679
-120.3622685407   0.0000000000   0.0083075798
-119.9695694590   0.0000000000   0.0083347685
-119.5768703773   0.0000000000   0.0083621356
-119.1841712956   0.0000000000   0.0083896831
-118.7914722139   0.0000000000   0.0084174127
-118.3987731322   0.0000000000   0.0084453261
-118.0060740505   0.0000000000   0.0084734253
-117.6133749688   0.0000000000   0.0085017121
-117.2206758871   0.0000000000   0.0085301884
-116.8279768054   0.0000000000   0.0085588560
-116.4352777237   0.0000000000   0.0085877170
-116.0425786420   0.0000000000   0.0086167732
-115.6498795603   0.0000000000   0.0086460267
-115.2571804786   0.0000000000   0.0086754795
-114.8644813969   0.0000000000   0.0087051337
-114.4717823152   0.0000000000   0.0087349912
-114.0790832335   0.0000000000   0.0087650542
-113.6863841518   0.0000000000   0.0087953249
-113.2936850701   0.0000000000   0.0088258054
-112.9009859884   0.0000000000   0.0088564978
-112.5082869067   0.0000000000   0.0088874044
-112.1155878250   0.0000000000   0.0089185275
-111.7228887433   0.0000000000   0.0089498693
-111.3301896616   0.0000000000   0.0089814321
-110.9374905799   0.0000000000   0.0090132183
-110.5447914982   0.0000000000   0.0090452303
-110.1520924165   0.0000000000   0.0090774705
-109.7593933348   0.0000000000   0.0091099413
-109.3666942531   0.0000000000   0.0091426452
-108.9739951714   0.0000000000   0.0091755847
-108.5812960897   0.0000000000   0.0092087624
-108.1885970080   0.0000000000   0.0092421809
-107.7958979263   0.0000000000   0.0092758428
-107.4031988446   0.0000000000   0.0093097508
-107.0104997629   0.0000000000   0.0093439075
-106.6178006812   0.0000000000   0.0093783158
-106.2251015995   0.0000000000   0.0094129784
-105.8324025178   0.0000000000   0.0094478982
-105.4397034361   0.0000000000   0.0094830780
-105.0470043544   0.0000000000   0.0095185207
-104.6543052727   0.0000000000   0.0095542294
-104.2616061910   0.0000000000   0.0095902069
-103.8689071093   0.0000000000   0.0096264564
-103.4762080276   0.0000000000   0.0096629809
-103.0835089459   0.0000000000   0.0096997836
-102.6908098642   0.0000000000   0.0097368676
-102.2981107825   0.0000000000   0.0097742363
-101.9054117008   0.0000000000   0.0098118929
-101.5127126191   0.0000000000   0.0098498407
-101.1200135374   0.0000000000   0.0098880832
-100.7273144557   0.0000000000   0.0099266237
-100.3346153740   0.0000000000   0.0099654659
 -99.9419162923   0.0000000000   0.0100046131
 -99.5492172106   0.0000000000   0.0100440691
 -99.1565181289   0.0000000000   0.0100838375
 -98.7638190472   0.0000000000   0.0101239220
 -98.3711199655   0.0000000000   0.0101643264
 -97.9784208838   0.0000000000   0.0102050546
 -97.5857218021   0.0000000000   0.0102461104
 -97.1930227204   0.0000000000   0.0102874979
 -96.8003236387   0.0000000000   0.0103292211
 -96.4076245570   0.0000000000   0.0103712840
 -96.0149254753   0.0000000000   0.0104136908
 -95.6222263936   0.0000000000   0.0104564458
 -95.2295273119   0.0000000000   0.0104995533
 -94.8368282302   0.0000000000   0.0105430177
 -94.4441291485   0.0000000000   0.0105868433
 -94.0514300668   0.0000000000   0.0106310348
 -93.6587309851   0.0000000000   0.0106755967
 -93.2660319034   0.0000000000   0.0107205336
 -92.8733328217   0.0000000000   0.0107658505
 -92.4806337400   0.0000000000   0.0108115520
 -92.0879346584   0.0000000000   0.0108576431
 -91.6952355767   0.0000000000   0.0109041289
 -91.3025364950   0.0000000000   0.0109510143
 -90.9098374133   0.0000000000   0.0109983046
 -90.5171383316   0.0000000000   0.0110460051
 -90.1244392499   0.0000000000   0.0110941210
 -89.7317401682   0.0000000000   0.0111426579
 -89.3390410865   0.0000000000   0.0111916213
 -88.9463420048   0.0000000000   0.0112410169
 -88.5536429231   0.0000000000   0.0112908503
 -88.1609438414   0.0000000000   0.0113411275
 -87.7682447597   0.0000000000   0.0113918543
 -87.3755456780   0.0000000000   0.0114430369
 -86.9828465963   0.0000000000   0.0114946815
 -86.5901475146   0.0000000000   0.0115467942
 -86.1974484329   0.0000000000   0.0115993815
 -85.8047493512   0.0000000000   0.0116524500
 -85.4120502695   0.0000000000   0.0117060061
 -85.0193511878   0.0000000000   0.0117600568
 -84.6266521061   0.0000000000   0.0118146088
 -84.2339530244   0.0000000000   0.0118696692
 -83.8412539427   0.0000000000   0.0119252451
 -83.4485548610   0.0000000000   0.0119813438
 -83.0558557793   0.0000000000   0.0120379727
 -82.6631566976   0.0000000000   0.0120951393
 -82.2704576159   0.0000000000   0.0121528514
 -81.8777585342   0.0000000000   0.0122111168
 -81.4850594525   0.0000000000   0.0122699435
 -81.0923603708   0.0000000000   0.0123293395
 -80.6996612891   0.0000000000   0.0123893134
 -80.3069622074   0.0000000000   0.0124498734
 -79.9142631257   0.0000000000   0.0125110282
 -79.5215640440   0.0000000000   0.0125727867
 -79.1288649623   0.0000000000   0.0126351578
 -78.7361658806   0.0000000000   0.0126981507
 -78.3434667989   0.0000000000   0.0127617748
 -77.9507677172   0.0000000000   0.0128260394
 -77.5580686355   0.0000000000   0.0128909545
 -77.1653695538   0.0000000000   0.0129565299
 -76.7726704721   0.0000000000   0.0130227756
 -76.3799713904   0.0000000000   0.0130897022
 -75.9872723087   0.0000000000   0.0131573200
 -75.5945732270   0.0000000000   0.0132256399
 -75.2018741453   0.0000000000   0.0132946729
 -74.8091750636   0.0000000000   0.0133644301
 -74.4164759819   0.0000000000   0.0134349231
 -74.0237769002   0.0000000000   0.0135061635
 -73.6310778185   0.0000000000   0.0135781632
 -73.2383787368   0.0000000000   0.0136509346
 -72.8456796551   0.0000000000   0.0137244900
 -72.4529805734   0.0000000000   0.0137988421
 -72.0602814917   0.0000000000   0.0138740041
 -71.6675824100   0.0000000000   0.0139499892
 -71.2748833283   0.0000000000   0.0140268109
 -70.8821842466   0.0000000000   0.0141044832
 -70.4894851649   0.0000000000   0.0141830204
 -70.0967860832   0.0000000000   0.0142624368
 -69.7040870015   0.0000000000   0.0143427473
 -69.3113879198   0.0000000000   0.0144239672
 -68.9186888381   0.0000000000   0.0145061120
 -68.5259897564   0.0000000000   0.0145891975
 -68.1332906747   0.0000000000   0.0146732399
 -67.7405915930   0.0000000000   0.0147582560
 -67.3478925113   0.0000000000   0.0148442628
 -66.9551934296   0.0000000000   0.0149312775
 -66.5624943479   0.0000000000   0.0150193182
 -66.1697952662   0.0000000000   0.0151084029
 -65.7770961845   0.0000000000   0.0151985504
 -65.3843971028   0.0000000000   0.0152897798
 -64.9916980211   0.0000000000   0.0153821107
 -64.5989989394   0.0000000000   0.0154755632
 -64.2062998577   0.0000000000   0.0155701578
 -63.8136007760   0.0000000000   0.0156659156
 -63.4209016943   0.0000000000   0.0157628582
 -63.0282026126   0.0000000000   0.0158610076
 -62.6355035309   0.0000000000   0.0159603865
 -62.2428044492   0.0000000000   0.0160610183
 -61.8501053675   0.0000000000   0.0161629267
 -61.4574062859   0.0000000000   0.0162661361
 -61.0647072042   0.0000000000   0.0163706717
 -60.6720081225   0.0000000000   0.0164765591
 -60.2793090408   0.0000000000   0.0165838247
 -59.8866099591   0.0000000000   0.0166924957
 -59.4939108774   0.0000000000   0.0168025997
 -59.1012117957   0.0000000000   0.0169141654
 -58.7085127140   0.0000000000   0.0170272219
 -58.3158136323   0.0000000000   0.0171417995
 -57.9231145506   0.0000000000   0.0172579289
 -57.5304154689   0.0000000000   0.0173756419
 -57.1377163872   0.0000000000   0.0174949712
 -56.7450173055   0.0000000000   0.0176159501
 -56.3523182238   0.0000000000   0.0177386132
 -55.9596191421   0.0000000000   0.0178629958
 -55.5669200604   0.0000000000   0.0179891344
 -55.1742209787   0.0000000000   0.0181170664
 -54.7815218970   0.0000000000   0.0182468302
 -54.3888228153   0.0000000000   0.0183784655
 -53.9961237336   0.0000000000   0.0185120131
 -53.6034246519   0.0000000000   0.0186475149
 -53.2107255702   0.0000000000   0.0187850142
 -52.8180264885   0.0000000000   0.0189245552
 -52.4253274068   0.0000000000   0.0190661840
 -52.0326283251   0.0000000000   0.0192099476
 -51.6399292434   0.0000000000   0.0193558948
 -51.2472301617   0.0000000000   0.0195040754
 -50.8545310800   0.0000000000   0.0196545413
 -50.4618319983   0.0000000000   0.0198073457
 -50.0691329166   0.0000000000   0.0199625435
 -49.6764338349   0.0000000000   0.0201201913
 -49.2837347532   0.0000000000   0.0202803476
 -48.8910356715   0.0000000000   0.0204430727
 -48.4983365898   0.0000000000   0.0206084288
 -48.1056375081   0.0000000000   0.0207764803
 -47.7129384264   0.0000000000   0.0209472936
 -47.3202393447   0.0000000000   0.0211209373
 -46.9275402630   0.0000000000   0.0212974823
 -46.5348411813   0.0000000000   0.0214770018
 -46.1421420996   0.0000000000   0.0216595717
 -45.7494430179   0.0000000000   0.0218452702
 -45.3567439362   0.0000000000   0.0220341786
 -44.9640448545   0.0000000000   0.0222263806
 -44.5713457728   0.0000000000   0.0224219631
 -44.1786466911   0.0000000000   0.0226210160
 -43.7859476094   0.0000000000   0.0228236325
 -43.3932485277   0.0000000000   0.0230299091
 -43.0005494460   0.0000000000   0.0232399457
 -42.6078503643   0.0000000000   0.0234538461
 -42.2151512826   0.0000000000   0.0236717178
 -41.8224522009   0.0000000000   0.0238936723
 -41.4297531192   0.0000000000   0.0241198254
 -41.0370540375   0.0000000000   0.0243502974
 -40.6443549558   0.0000000000   0.0245852129
 -40.2516558741   0.0000000000   0.0248247016
 -39.8589567924   0.0000000000   0.0250688984
 -39.4662577107   0.0000000000   0.0253179433
 -39.0735586290   0.0000000000   0.0255719821
 -38.6808595473   0.0000000000   0.0258311662
 -38.2881604656   0.0000000000   0.0260956536
 -37.8954613839   0.0000000000   0.0263656085
 -37.5027623022   0.0000000000   0.0266412020
 -37.1100632205   0.0000000000   0.0269226126
 -36.7173641388   0.0000000000   0.0272100262
 -36.3246650571   0.0000000000   0.0275036368
 -35.9319659754   0.0000000000   0.0278036468
 -35.5392668937   0.0000000000   0.0281102675
 -35.1465678120   0.0000000000   0.0284237196
 -34.7538687303   0.0000000000   0.0287442338
 -34.3611696486   0.0000000000   0.0290720512
 -33.9684705669   0.0000000000   0.0294074240
 -33.5757714852   0.0000000000   0.0297506162
 -33.1830724035   0.0000000000   0.0301019041
 -32.7903733218   0.0000000000   0.0304615773
 -32.3976742401   0.0000000000   0.0308299394
 -32.0049751584   0.0000000000   0.0312073085
 -31.6122760767   0.0000000000   0.0315940189
 -31.2195769950   0.0000000000   0.0319904211
 -30.8268779133   0.0000000000   0.0323968838
 -30.4341788317   0.0000000000   0.0328137942
 -30.0414797500   0.0000000000   0.0332415600
 -29.6487806683   0.0000000000   0.0336806100
 -29.2560815866   0.0000000000   0.0341313962
 -28.8633825049   0.0000000000   0.0345943947
 -28.4706834232   0.0000000000   0.0350701078
 -28.0779843415   0.0000000000   0.0355590659
 -27.6852852598   0.0000000000   0.0360618289
 -27.2925861781   0.0000000000   0.0365789889
 -26.8998870964   0.0000000000   0.0371111721
 -26.5071880147   0.0000000000   0.0376590418
 -26.1144889330   0.0000000000   0.0382233006
 -25.7217898513   0.0000000000   0.0388046936
 -25.3290907696   0.0000000000   0.0394040119
 -24.9363916879   0.0000000000   0.0400220957
 -24.5436926062   0.0000000000   0.0406598386
 -24.1509935245   0.0000000000   0.0413181917
 -23.7582944428   0.0000000000   0.0419981684
 -23.3655953611   0.0000000000   0.0427008493
 -22.9728962794   0.0000000000   0.0434273882
 -22.5801971977   0.0000000000   0.0441790181
 -22.1874981160   0.0000000000   0.0449570585
 -21.7947990343   0.0000000000   0.0457629227
 -21.4020999526   0.0000000000   0.0465981262
 -21.0094008709   0.0000000000   0.0474642966
 -20.6167017892   0.0000000000   0.0483631836
 -20.2240027075   0.0000000000   0.0492966709
 -19.8313036258   0.0000000000   0.0502667894
 -19.4386045441   0.0000000000   0.0512757311
 -19.0459054624   0.0000000000   0.0523258665
 -18.6532063807   0.0000000000   0.0534197619
 -18.2605072990   0.0000000000   0.0545602008
 -17.8678082173   0.0000000000   0.0557502067
 -17.4751091356   0.0000000000   0.0569930702
 -17.0824100539   0.0000000000   0.0582923781
 -16.6897109722   0.0000000000   0.0596520480
 -16.2970118905   0.0000000000   0.0610763670
 -15.9043128088   0.0000000000   0.0625700362
 -15.5116137271   0.0000000000   0.0641382212
 -15.1189146454   0.0000000000   0.0657866112
 -14.7262155637   0.0000000000   0.0675214867
 -14.3335164820   0.0000000000   0.0693497973
 -13.9408174003   0.0000000001   0.0712792532
 -13.5481183186   0.0000000001   0.0733184317
 -13.1554192369   0.0000000001   0.0754769012
 -12.7627201552   0.0000000001   0.0777653680
 -12.3700210735   0.0000000001   0.0801958493
 -11.9773219918   0.0000000001   0.0827818786
 -11.5846229101   0.0000000001   0.0855387501
 -11.1919238284   0.0000000001   0.0884838130
 -10.7992247467   0.0000000001   0.0916368241
 -10.4065256650   0.0000000001   0.0950203772
 -10.0138265833   0.0000000001   0.0986604246
  -9.6211275016   0.0000000001   0.1025869184
  -9.2284284199   0.0000000001   0.1068346015
  -8.8357293382   0.0000000001   0.1114439920
  -8.4430302565   0.0000000001   0.1164626164
  -8.0503311748   0.0000000001   0.1219465690
  -7.6576320931   0.0000000002   0.1279624970
  -7.2649330114   0.0000000002   0.1345901559
  -6.8722339297   0.0000000002   0.1419257266
  -6.4795348480   0.0000000002   0.1500861686
  -6.0868357663   0.0000000003   0.1592149973
  -5.6941366846   0.0000000003   0.1694900392
  -5.3014376029   0.0000000003   0.1811339749
  -4.9087385212   0.0000000004   0.1944288587
  -4.5160394395   0.0000000005   0.2097363889
  -4.1233403578   0.0000000006   0.2275265967
  -3.7306412761   0.0000000007   0.2484190019
  -3.3379421944   0.0000000008   0.2732423877
  -2.9452431127   0.0000000011   0.3031224483
  -2.5525440310   0.0000000014   0.3396108109
  -2.1598449493   0.0000000019   0.3848735983
  -1.7671458676   0.0000000028   0.4419591392
  -1.3744467859   0.0000000045   0.5151509422
  -0.9817477042   0.0000000086   0.6103553899
  -0.5890486225   0.0000000251   0.7353314179
  -0.1963495408  -0.0000000946   0.8993591919
   0.1963495408  -0.0000000946  -0.8993591919
   0.5890486225   0.0000000251  -0.7353314179
   0.9817477042   0.0000000086  -0.6103553899
   1.3744467859   0.0000000045  -0.5151509422
   1.7671458676   0.0000000028  -0.4419591392
   2.1598449493   0.0000000019  -0.3848735983
   2.5525440310   0.0000000014  -0.3396108109
   2.9452431127   0.0000000011  -0.3031224483
   3.3379421944   0.0000000008  -0.2732423877
   3.7306412761   0.0000000007  -0.2484190019
   4.1233403578   0.0000000006  -0.2275265967
   4.5160394395   0.0000000005  -0.2097363889
   4.9087385212   0.0000000004  -0.1944288587
   5.3014376029   0.0000000003  -0.1811339749
   5.6941366846   0.0000000003  -0.1694900392
   6.0868357663   0.0000000003  -0.1592149973
   6.4795348480   0.0000000002  -0.1500861686
   6.8722339297   0.0000000002  -0.1419257266
   7.2649330114   0.0000000002  -0.1345901559
   7.6576320931   0.0000000002  -0.1279624970
   8.0503311748   0.0000000001  -0.1219465690
   8.4430302565   0.0000000001  -0.1164626164
   8.8357293382   0.0000000001  -0.1114439920
   9.2284284199   0.0000000001  -0.1068346015
   9.6211275016   0.0000000001  -0.1025869184
  10.0138265833   0.0000000001  -0.0986604246
  10.4065256650   0.0000000001  -0.0950203772
  10.7992247467   0.0000000001  -0.0916368241
  11.1919238284   0.0000000001  -0.0884838130
  11.5846229101   0.0000000001  -0.0855387501
  11.9773219918   0.0000000001  -0.0827818786
  12.3700210735   0.0000000001  -0.0801958493
  12.7627201552   0.0000000001  -0.0777653680
  13.1554192369   0.0000000001  -0.0754769012
  13.5481183186   0.0000000001  -0.0733184317
  13.9408174003   0.0000000001  -0.0712792532
  14.3335164820   0.0000000000  -0.0693497973
  14.7262155637   0.0000000000  -0.0675214867
  15.1189146454   0.0000000000  -0.0657866112
  15.5116137271   0.0000000000  -0.0641382212
  15.9043128088   0.0000000000  -0.0625700362
  16.2970118905   0.0000000000  -0.0610763670
  16.6897109722   0.0000000000  -0.0596520480
  17.0824100539   0.0000000000  -0.0582923781
  17.4751091356   0.0000000000  -0.0569930702
  17.8678082173   0.0000000000  -0.0557502067
  18.2605072990   0.0000000000  -0.0545602008
  18.6532063807   0.0000000000  -0.0534197619
  19.0459054624   0.0000000000  -0.0523258665
  19.4386045441   0.0000000000  -0.0512757311
  19.8313036258   0.0000000000  -0.0502667894
  20.2240027075   0.0000000000  -0.0492966709
  20.6167017892   0.0000000000  -0.0483631836
  21.0094008709   0.0000000000  -0.0474642966
  21.4020999526   0.0000000000  -0.0465981262
  21.7947990343   0.0000000000  -0.0457629227
  22.1874981160   0.0000000000  -0.0449570585
  22.5801971977   0.0000000000  -0.0441790181
  22.9728962794   0.0000000000  -0.0434273882
  23.3655953611   0.0000000000  -0.0427008493
  23.7582944428   0.0000000000  -0.0419981684
  24.1509935245   0.0000000000  -0.0413181917
  24.5436926062   0.0000000000  -0.0406598386
  24.9363916879   0.0000000000  -0.0400220957
  25.3290907696   0.0000000000  -0.0394040119
  25.7217898513   0.0000000000  -0.0388046936
  26.1144889330   0.0000000000  -0.0382233006
  26.5071880147   0.0000000000  -0.0376590418
  26.8998870964   0.0000000000  -0.0371111721
  27.2925861781   0.0000000000  -0.0365789889
  27.6852852598   0.0000000000  -0.0360618289
  28.0779843415   0.0000000000  -0.0355590659
  28.4706834232   0.0000000000  -0.0350701078
  28.8633825049   0.0000000000  -0.0345943947
  29.2560815866   0.0000000000  -0.0341313962
  29.6487806683   0.0000000000  -0.0336806100
  30.0414797500   0.0000000000  -0.0332415600
  30.4341788317   0.0000000000  -0.0328137942
  30.8268779133   0.0000000000  -0.0323968838
  31.2195769950   0.0000000000  -0.0319904211
  31.6122760767   0.0000000000  -0.0315940189
  32.0049751584   0.0000000000  -0.0312073085
  32.3976742401   0.0000000000  -0.0308299394
  32.7903733218   0.0000000000  -0.0304615773
  33.1830724035   0.0000000000  -0.0301019041
  33.5757714852   0.0000000000  -0.0297506162
  33.9684705669   0.0000000000  -0.0294074240
  34.3611696486   0.0000000000  -0.0290720512
  34.7538687303   0.0000000000  -0.0287442338
  35.1465678120   0.0000000000  -0.0284237196
  35.5392668937   0.0000000000  -0.0281102675
  35.9319659754   0.0000000000  -0.0278036468
  36.3246650571   0.0000000000  -0.0275036368
  36.7173641388   0.0000000000  -0.0272100262
  37.1100632205   0.0000000000  -0.0269226126
  37.5027623022   0.0000000000  -0.0266412020
  37.8954613839   0.0000000000  -0.0263656085
  38.2881604656   0.0000000000  -0.0260956536
  38.6808595473   0.0000000000  -0.0258311662
  39.0735586290   0.0000000000  -0.0255719821
  39.4662577107   0.0000000000  -0.0253179433
  39.8589567924   0.0000000000  -0.0250688984
  40.2516558741   0.0000000000  -0.0248247016
  40.6443549558   0.0000000000  -0.0245852129
  41.0370540375   0.0000000000  -0.0243502974
  41.4297531192   0.0000000000  -0.0241198254
  41.8224522009   0.0000000000  -0.0238936723
  42.2151512826   0.0000000000  -0.0236717178
  42.6078503643   0.0000000000  -0.0234538461
  43.0005494460   0.0000000000  -0.0232399457
  43.3932485277   0.0000000000  -0.0230299091
  43.7859476094   0.0000000000  -0.0228236325
  44.1786466911   0.0000000000  -0.0226210160
  44.5713457728   0.0000000000  -0.0224219631
  44.9640448545   0.0000000000  -0.0222263806
  45.3567439362   0.0000000000  -0.0220341786
  45.7494430179   0.0000000000  -0.0218452702
  46.1421420996   0.0000000000  -0.0216595717
  46.5348411813   0.0000000000  -0.0214770018
  46.9275402630   0.0000000000  -0.0212974823
  47.3202393447   0.0000000000  -0.0211209373
  47.7129384264   0.0000000000  -0.0209472936
  48.1056375081   0.0000000000  -0.0207764803
  48.4983365898   0.0000000000  -0.0206084288
  48.8910356715   0.0000000000  -0.0204430727
  49.2837347532   0.0000000000  -0.0202803476
  49.6764338349   0.0000000000  -0.0201201913
  50.0691329166   0.0000000000  -0.0199625435
  50.4618319983   0.0000000000  -0.0198073457
  50.8545310800   0.0000000000  -0.0196545413
  51.2472301617   0.0000000000  -0.0195040754
  51.6399292434   0.0000000000  -0.0193558948
  52.0326283251   0.0000000000  -0.0192099476
  52.4253274068   0.0000000000  -0.0190661840
  52.8180264885   0.0000000000  -0.0189245552
  53.2107255702   0.0000000000  -0.0187850142
  53.6034246519   0.0000000000  -0.0186475149
  53.9961237336   0.0000000000  -0.0185120131
  54.3888228153   0.0000000000  -0.0183784655
  54.7815218970   0.0000000000  -0.0182468302
  55.1742209787   0.0000000000  -0.0181170664
  55.5669200604   0.0000000000  -0.0179891344
  55.9596191421   0.0000000000  -0.0178629958
  56.3523182238   0.0000000000  -0.0177386132
  56.7450173055   0.0000000000  -0.0176159501
  57.1377163872   0.0000000000  -0.0174949712
  57.5304154689   0.0000000000  -0.0173756419
  57.9231145506   0.0000000000  -0.0172579289
  58.3158136323   0.0000000000  -0.0171417995
  58.7085127140   0.0000000000  -0.0170272219
  59.1012117957   0.0000000000  -0.0169141654
  59.4939108774   0.0000000000  -0.0168025997
  59.8866099591   0.0000000000  -0.0166924957
  60.2793090408   0.0000000000  -0.0165838247
  60.6720081225   0.0000000000  -0.0164765591
  61.0647072042   0.0000000000  -0.0163706717
  61.4574062859   0.0000000000  -0.0162661361
  61.8501053675   0.0000000000  -0.0161629267
  62.2428044492   0.0000000000  -0.0160610183
  62.6355035309   0.0000000000  -0.0159603865
  63.0282026126   0.0000000000  -0.0158610076
  63.4209016943   0.0000000000  -0.0157628582
  63.8136007760   0.0000000000  -0.0156659156
  64.2062998577   0.0000000000  -0.0155701578
  64.5989989394   0.0000000000  -0.0154755632
  64.9916980211   0.0000000000  -0.0153821107
  65.3843971028   0.0000000000  -0.0152897798
  65.7770961845   0.0000000000  -0.0151985504
  66.1697952662   0.0000000000  -0.0151084029
  66.5624943479   0.0000000000  -0.0150193182
  66.9551934296   0.0000000000  -0.0149312775
  67.3478925113   0.0000000000  -0.0148442628
  67.7405915930   0.0000000000  -0.0147582560
  68.1332906747   0.0000000000  -0.0146732399
  68.5259897564   0.0000000000  -0.0145891975
  68.9186888381   0.0000000000  -0.0145061120
  69.3113879198   0.0000000000  -0.0144239672
  69.7040870015   0.0000000000  -0.0143427473
  70.0967860832   0.0000000000  -0.0142624368
  70.4894851649   0.0000000000  -0.0141830204
  70.8821842466   0.0000000000  -0.0141044832
  71.2748833283   0.0000000000  -0.0140268109
  71.6675824100   0.0000000000  -0.0139499892
  72.0602814917   0.0000000000  -0.0138740041
  72.4529805734   0.0000000000  -0.0137988421
  72.8456796551   0.0000000000  -0.0137244900
  73.2383787368   0.0000000000  -0.0136509346
  73.6310778185   0.0000000000  -0.0135781632
  74.0237769002   0.0000000000  -0.0135061635
  74.4164759819   0.0000000000  -0.0134349231
  74.8091750636   0.0000000000  -0.0133644301
  75.2018741453   0.0000000000  -0.0132946729
  75.5945732270   0.0000000000  -0.0132256399
  75.9872723087   0.0000000000  -0.0131573200
  76.3799713904   0.0000000000  -0.0130897022
  76.7726704721   0.0000000000  -0.0130227756
  77.1653695538   0.0000000000  -0.0129565299
  77.5580686355   0.0000000000  -0.0128909545
  77.9507677172   0.0000000000  -0.0128260394
  78.3434667989   0.0000000000  -0.0127617748
  78.7361658806   0.0000000000  -0.0126981507
  79.1288649623   0.0000000000  -0.0126351578
  79.5215640440   0.0000000000  -0.0125727867
  79.9142631257   0.0000000000  -0.0125110282
  80.3069622074   0.0000000000  -0.0124498734
  80.6996612891   0.0000000000  -0.0123893134
  81.0923603708   0.0000000000  -0.0123293395
  81.4850594525   0.0000000000  -0.0122699435
  81.8777585342   0.0000000000  -0.0122111168
  82.2704576159   0.0000000000  -0.0121528514
  82.6631566976   0.0000000000  -0.0120951393
  83.0558557793   0.0000000000  -0.0120379727
  83.4485548610   0.0000000000  -0.0119813438
  83.8412539427   0.0000000000  -0.0119252451
  84.2339530244   0.0000000000  -0.0118696692
  84.6266521061   0.0000000000  -0.0118146088
  85.0193511878   0.0000000000  -0.0117600568
  85.4120502695   0.0000000000  -0.0117060061
  85.8047493512   0.0000000000  -0.0116524500
  86.1974484329   0.0000000000  -0.0115993815
  86.5901475146   0.0000000000  -0.0115467942
  86.9828465963   0.0000000000  -0.0114946815
  87.3755456780   0.0000000000  -0.0114430369
  87.7682447597   0.0000000000  -0.0113918543
  88.1609438414   0.0000000000  -0.0113411275
  88.5536429231   0.0000000000  -0.0112908503
  88.9463420048   0.0000000000  -0.0112410169
  89.3390410865   0.0000000000  -0.0111916213
  89.7317401682   0.0000000000  -0.0111426579
  90.1244392499   0.0000000000  -0.0110941210
  90.5171383316   0.0000000000  -0.0110460051
  90.9098374133   0.0000000000  -0.0109983046
  91.3025364950   0.0000000000  -0.0109510143
  91.6952355767   0.0000000000  -0.0109041289
  92.0879346584   0.0000000000  -0.0108576431
  92.4806337400   0.0000000000  -0.0108115520
  92.8733328217   0.0000000000  -0.0107658505
  93.2660319034   0.0000000000  -0.0107205336
  93.6587309851   0.0000000000  -0.0106755967
  94.0514300668   0.0000000000  -0.0106310348
  94.4441291485   0.0000000000  -0.0105868433
  94.8368282302   0.0000000000  -0.0105430177
  95.2295273119   0.0000000000  -0.0104995533
  95.6222263936   0.0000000000  -0.0104564458
  96.0149254753   0.0000000000  -0.0104136908
  96.4076245570   0.0000000000  -0.0103712840
  96.8003236387   0.0000000000  -0.0103292211
  97.1930227204   0.0000000000  -0.0102874979
  97.5857218021   0.0000000000  -0.0102461104
  97.9784208838   0.0000000000  -0.0102050546
  98.3711199655   0.0000000000  -0.0101643264
  98.7638190472   0.0000000000  -0.0101239220
  99.1565181289   0.0000000000  -0.0100838375
  99.5492172106   0.0000000000  -0.0100440691
  99.9419162923   0.0000000000  -0.0100046131
 100.3346153740   0.0000000000  -0.0099654659
 100.7273144557   0.0000000000  -0.0099266237
 101.1200135374   0.0000000000  -0.0098880832
 101.5127126191   0.0000000000  -0.0098498407
 101.9054117008   0.0000000000  -0.0098118929
 102.2981107825   0.0000000000  -0.0097742363
 102.6908098642   0.0000000000  -0.0097368676
 103.0835089459   0.0000000000  -0.0096997836
 103.4762080276   0.0000000000  -0.0096629809
 103.8689071093   0.0000000000  -0.0096264564
 104.2616061910   0.0000000000  -0.0095902069
 104.6543052727   0.0000000000  -0.0095542294
 105.0470043544   0.0000000000  -0.0095185207
 105.4397034361   0.0000000000  -0.0094830780
 105.8324025178   0.0000000000  -0.0094478982
 106.2251015995   0.0000000000  -0.0094129784
 106.6178006812   0.0000000000  -0.0093783158
 107.0104997629   0.0000000000  -0.0093439075
 107.4031988446   0.0000000000  -0.0093097508
 107.7958979263   0.0000000000  -0.0092758428
 108.1885970080   0.0000000000  -0.0092421809
 108.5812960897   0.0000000000  -0.0092087624
 108.9739951714   0.0000000000  -0.0091755847
 109.3666942531   0.0000000000  -0.0091426452
 109.7593933348   0.0000000000  -0.0091099413
 110.1520924165   0.0000000000  -0.0090774705
 110.5447914982   0.0000000000  -0.0090452303
 110.9374905799   0.0000000000  -0.0090132183
 111.3301896616   0.0000000000  -0.0089814321
 111.7228887433   0.0000000000  -0.0089498693
 112.1155878250   0.0000000000  -0.0089185275
 112.5082869067   0.0000000000  -0.0088874044
 112.9009859884   0.0000000000  -0.0088564978
 113.2936850701   0.0000000000  -0.0088258054
 113.6863841518   0.0000000000  -0.0087953249
 114.0790832335   0.0000000000  -0.0087650542
 114.4717823152   0.0000000000  -0.0087349912
 114.8644813969   0.0000000000  -0.0087051337
 115.2571804786   0.0000000000  -0.0086754795
 115.6498795603   0.0000000000  -0.0086460267
 116.0425786420   0.0000000000  -0.0086167732
 116.4352777237   0.0000000000  -0.0085877170
 116.8279768054   0.0000000000  -0.0085588560
 117.2206758871   0.0000000000  -0.0085301884
 117.6133749688   0.0000000000  -0.0085017121
 118.0060740505   0.0000000000  -0.0084734253
 118.3987731322   0.0000000000  -0.0084453261
 118.7914722139   0.0000000000  -0.0084174127
 119.1841712956   0.0000000000  -0.0083896831
 119.5768703773   0.0000000000  -0.0083621356
 119.9695694590   0.0000000000  -0.0083347685
 120.3622685407   0.0000000000  -0.0083075798
 120.7549676224   0.0000000000  -0.0082805679
 121.1476667041   0.0000000000  -0.0082537311
 121.5403657858   0.0000000000  -0.0082270677
 121.9330648675   0.0000000000  -0.0082005760
 122.3257639492   0.0000000000  -0.0081742544
 122.7184630309   0.0000000000  -0.0081481011
 123.1111621125   0.0000000000  -0.0081221147
 123.5038611942   0.0000000000  -0.0080962934
 123.8965602759   0.0000000000  -0.0080706359
 124.2892593576   0.0000000000  -0.0080451404
 124.6819584393   0.0000000000  -0.0080198054
 125.0746575210   0.0000000000  -0.0079946296
 125.4673566027   0.0000000000  -0.0079696113
 125.8600556844   0.0000000000  -0.0079447490
 126.2527547661   0.0000000000  -0.0079200414
 126.6454538478   0.0000000000  -0.0078954870
 127.0381529295   0.0000000000  -0.0078710844
 127.4308520112   0.0000000000  -0.0078468321
 127.8235510929   0.0000000000  -0.0078227288
 128.2162501746   0.0000000000  -0.0077987731
 128.6089492563   0.0000000000  -0.0077749637
 129.0016483380   0.0000000000  -0.0077512992
 129.3943474197   0.0000000000  -0.0077277783
 129.7870465014   0.0000000000  -0.0077043997
 130.1797455831   0.0000000000  -0.0076811621
 130.5724446648   0.0000000000  -0.0076580643
 130.9651437465   0.0000000000  -0.0076351049
 131.3578428282   0.0000000000  -0.0076122829
 131.7505419099   0.0000000000  -0.0075895968
 132.1432409916   0.0000000000  -0.0075670455
 132.5359400733   0.0000000000  -0.0075446278
 132.9286391550   0.0000000000  -0.0075223426
 133.3213382367   0.0000000000  -0.0075001886
 133.7140373184   0.0000000000  -0.0074781647
 134.1067364001   0.0000000000  -0.0074562698
 134.4994354818   0.0000000000  -0.0074345027
 134.8921345635   0.0000000000  -0.0074128623
 135.2848336452   0.0000000000  -0.0073913476
 135.6775327269   0.0000000000  -0.0073699573
 136.0702318086   0.0000000000  -0.0073486905
 136.4629308903   0.0000000000  -0.0073275460
 136.8556299720   0.0000000000  -0.0073065229
 137.2483290537   0.0000000000  -0.0072856200
 137.6410281354   0.0000000000  -0.0072648365
 138.0337272171   0.0000000000  -0.0072441711
 138.4264262988   0.0000000000  -0.0072236230
 138.8191253805   0.0000000000  -0.0072031911
 139.2118244622   0.0000000000  -0.0071828744
 139.6045235439   0.0000000000  -0.0071626720
 139.9972226256   0.0000000000  -0.0071425830
 140.3899217073   0.0000000000  -0.0071226063
 140.7826207890   0.0000000000  -0.0071027410
 141.1753198707   0.0000000000  -0.0070829862
 141.5680189524   0.0000000000  -0.0070633410
 141.9607180341   0.0000000000  -0.0070438045
 142.3534171158   0.0000000000  -0.0070243757
 142.7461161975   0.0000000000  -0.0070050538
 143.1388152792   0.0000000000  -0.0069858380
 143.5315143609   0.0000000000  -0.0069667272
 143.9242134426   0.0000000000  -0.0069477207
 144.3169125243   0.0000000000  -0.0069288176
 144.7096116060   0.0000000000  -0.0069100171
 145.1023106877   0.0000000000  -0.0068913184
 145.4950097694   0.0000000000  -0.0068727206
 145.8877088511   0.0000000000  -0.0068542228
 146.2804079328   0.0000000000  -0.0068358244
 146.6731070145   0.0000000000  -0.0068175245
 147.0658060962   0.0000000000  -0.0067993223
 147.4585051779   0.0000000000  -0.0067812170
 147.8512042596   0.0000000000  -0.0067632079
 148.2439033413   0.0000000000  -0.0067452942
 148.6366024230   0.0000000000  -0.0067274751
 149.0293015047   0.0000000000  -0.0067097499
 149.4220005864   0.0000000000  -0.0066921179
 149.8146996681   0.0000000000  -0.0066745782
 150.2073987498   0.0000000000  -0.0066571303
 150.6000978315   0.0000000000  -0.0066397734
 150.9927969132   0.0000000000  -0.0066225067
 151.3854959949   0.0000000000  -0.0066053296
 151.7781950766   0.0000000000  -0.0065882414
 152.1708941583   0.0000000000  -0.0065712413
 152.5635932400   0.0000000000  -0.0065543288
 152.9562923217   0.0000000000  -0.0065375030
 153.3489914034   0.0000000000  -0.0065207635
 153.7416904851   0.0000000000  -0.0065041094
 154.1343895667   0.0000000000  -0.0064875402
 154.5270886484   0.0000000000  -0.0064710552
 154.9197877301   0.0000000000  -0.0064546537
 155.3124868118   0.0000000000  -0.0064383352
 155.7051858935   0.0000000000  -0.0064220990
 156.0978849752   0.0000000000  -0.0064059445
 156.4905840569   0.0000000000  -0.0063898710
 156.8832831386   0.0000000000  -0.0063738780
 157.2759822203   0.0000000000  -0.0063579648
 157.6686813020   0.0000000000  -0.0063421309
 158.0613803837   0.0000000000  -0.0063263756
 158.4540794654   0.0000000000  -0.0063106985
 158.8467785471   0.0000000000  -0.0062950988
 159.2394776288   0.0000000000  -0.0062795761
 159.6321767105   0.0000000000  -0.0062641297
 160.0248757922   0.0000000000  -0.0062487591
 160.4175748739   0.0000000000  -0.0062334638
 160.8102739556   0.0000000000  -0.0062182432
 161.2029730373   0.0000000000  -0.0062030967
 161.5956721190   0.0000000000  -0.0061880238
 161.9883712007   0.0000000000  -0.0061730240
 162.3810702824   0.0000000000  -0.0061580967
 162.7737693641   0.0000000000  -0.0061432414
 163.1664684458   0.0000000000  -0.0061284577
 163.5591675275   0.0000000000  -0.0061137449
 163.9518666092   0.0000000000  -0.0060991026
 164.3445656909   0.0000000000  -0.0060845302
 164.7372647726   0.0000000000  -0.0060700273
 165.1299638543   0.0000000000  -0.0060555934
 165.5226629360   0.0000000000  -0.0060412280
 165.9153620177   0.0000000000  -0.0060269305
 166.3080610994   0.0000000000  -0.0060127006
 166.7007601811   0.0000000000  -0.0059985377
 167.0934592628   0.0000000000  -0.0059844414
 167.4861583445   0.0000000000  -0.0059704111
 167.8788574262   0.0000000000  -0.0059564465
 168.2715565079   0.0000000000  -0.0059425471
 168.6642555896   0.0000000000  -0.0059287124
 169.0569546713   0.0000000000  -0.0059149419
 169.4496537530   0.0000000000  -0.0059012353
 169.8423528347   0.0000000000  -0.0058875920
 170.2350519164   0.0000000000  -0.0058740117
 170.6277509981   0.0000000000  -0.0058604938
 171.0204500798   0.0000000000  -0.0058470381
 171.4131491615   0.0000000000  -0.0058336440
 171.8058482432   0.0000000000  -0.0058203111
 172.1985473249   0.0000000000  -0.0058070390
 172.5912464066   0.0000000000  -0.0057938273
 172.9839454883   0.0000000000  -0.0057806756
 173.3766445700   0.0000000000  -0.0057675834
 173.7693436517   0.0000000000  -0.0057545504
 174.1620427334   0.0000000000  -0.0057415762
 174.5547418151   0.0000000000  -0.0057286604
 174.9474408968   0.0000000000  -0.0057158025
 175.3401399785   0.0000000000  -0.0057030022
 175.7328390602   0.0000000000  -0.0056902591
 176.1255381419   0.0000000000  -0.0056775729
 176.5182372236   0.0000000000  -0.0056649431
 176.9109363053   0.0000000000  -0.0056523693
 177.3036353870   0.0000000000  -0.0056398512
 177.6963344687   0.0000000000  -0.0056273885
 178.0890335504   0.0000000000  -0.0056149807
 178.4817326321   0.0000000000  -0.0056026275
 178.8744317138   0.0000000000  -0.0055903285
 179.2671307955   0.0000000000  -0.0055780834
 179.6598298772   0.0000000000  -0.0055658919
 180.0525289589   0.0000000000  -0.0055537535
 180.4452280406   0.0000000000  -0.0055416679
 180.8379271223   0.0000000000  -0.0055296348
 181.2306262040   0.0000000000  -0.0055176539
 181.6233252857   0.0000000000  -0.0055057248
 182.0160243674   0.0000000000  -0.0054938471
 182.4087234491   0.0000000000  -0.0054820206
 182.8014225308   0.0000000000  -0.0054702449
 183.1941216125   0.0000000000  -0.0054585196
 183.5868206942   0.0000000000  -0.0054468445
 183.9795197759   0.0000000000  -0.0054352193
 184.3722188576   0.0000000000  -0.0054236436
 184.7649179392   0.0000000000  -0.0054121170
 185.1576170209   0.0000000000  -0.0054006394
 185.5503161026   0.0000000000  -0.0053892103
 185.9430151843   0.0000000000  -0.0053778295
 186.3357142660   0.0000000000  -0.0053664967
 186.7284133477   0.0000000000  -0.0053552115
 187.1211124294   0.0000000000  -0.0053439737
 187.5138115111   0.0000000000  -0.0053327829
 187.9065105928   0.0000000000  -0.0053216390
 188.2992096745   0.0000000000  -0.0053105415
 188.6919087562   0.0000000000  -0.0052994902
 189.0846078379   0.0000000000  -0.0052884847
 189.4773069196   0.0000000000  -0.0052775249
 189.8700060013   0.0000000000  -0.0052666105
 190.2627050830   0.0000000000  -0.0052557411
 190.6554041647   0.0000000000  -0.0052449164
 191.0481032464   0.0000000000  -0.0052341363
 191.4408023281   0.0000000000  -0.0052234003
 191.8335014098   0.0000000000  -0.0052127083
 192.2262004915   0.0000000000  -0.0052020600
 192.6188995732   0.0000000000  -0.0051914552
 193.0115986549   0.0000000000  -0.0051808934
 193.4042977366   0.0000000000  -0.0051703746
 193.7969968183   0.0000000000  -0.0051598983
 194.1896959000   0.0000000000  -0.0051494645
 194.5823949817   0.0000000000  -0.0051390727
 194.9750940634   0.0000000000  -0.0051287228
 195.3677931451   0.0000000000  -0.0051184146
 195.7604922268   0.0000000000  -0.0051081476
 196.1531913085   0.0000000000  -0.0050979218
 196.5458903902   0.0000000000  -0.0050877368
 196.9385894719   0.0000000000  -0.0050775925
 197.3312885536   0.0000000000  -0.0050674885
 197.7239876353   0.0000000000  -0.0050574246
 198.1166867170   0.0000000000  -0.0050474007
 198.5093857987   0.0000000000  -0.0050374164
 198.9020848804   0.0000000000  -0.0050274715
 199.2947839621   0.0000000000  -0.0050175658
 199.6874830438   0.0000000000  -0.0050076990
 200.0801821255   0.0000000000  -0.0049978710
 200.4728812072   0.0000000000  -0.0049880815
 200.8655802889   0.0000000000  -0.0049783303
