   0.0000000000  -0.0422777298
   0.0250000000  -0.0422444487
   0.0500000000  -0.0424371840
   0.0750000000  -0.0422308987
   0.1000000000  -0.0423920787
   0.1250000000  -0.0421229848
   0.1500000000  -0.0421766672
   0.1750000000  -0.0417479336
   0.2000000000  -0.0415792430
   0.2250000000  -0.0408628366
   0.2500000000  -0.0403339089
   0.2750000000  -0.0391885592
   0.3000000000  -0.0381577903
   0.3250000000  -0.0364489537
   0.3500000000  -0.0347910087
   0.3750000000  -0.0324102285
   0.4000000000  -0.0300342451
   0.4250000000  -0.0269154775
   0.4500000000  -0.0237792417
   0.4750000000  -0.0199102303
   0.5000000000  -0.0160287398
   0.5250000000  -0.0114562610
   0.5500000000  -0.0069039017
   0.5750000000  -0.0017325557
   0.6000000000   0.0033610359
   0.6250000000   0.0089760020
   0.6500000000   0.0144355637
   0.6750000000   0.0203002490
   0.7000000000   0.0259186164
   0.7250000000   0.0318156867
   0.7500000000   0.0373699075
   0.7750000000   0.0430752634
   0.8000000000   0.0483433244
   0.8250000000   0.0536424877
   0.8500000000   0.0584190189
   0.8750000000   0.0631217399
   0.9000000000   0.0672313607
   0.9250000000   0.0711833094
   0.9500000000   0.0744906747
   0.9750000000   0.0775814927
   1.0000000000   0.0799975183
   1.0250000000   0.0821649305
   1.0500000000   0.0836490828
   1.0750000000   0.0848791491
   1.1000000000   0.0854380357
   1.1250000000   0.0857619386
   1.1500000000   0.0854447150
   1.1750000000   0.0849327164
   1.2000000000   0.0838240222
   1.2250000000   0.0825773752
   1.2500000000   0.0807886232
   1.2750000000   0.0789302939
   1.3000000000   0.0765901730
   1.3250000000   0.0742552218
   1.3500000000   0.0715002300
   1.3750000000   0.0688266260
   1.4000000000   0.0657923534
   1.4250000000   0.0629128684
   1.4500000000   0.0597265967
   1.4750000000   0.0567622516
   1.5000000000   0.0535372548
   1.5250000000   0.0505926024
   1.5500000000   0.0474243373
   1.5750000000   0.0445846638
   1.6000000000   0.0415488452
   1.6250000000   0.0388791926
   1.6500000000   0.0360315790
   1.6750000000   0.0335773382
   1.7000000000   0.0309549233
   1.7250000000   0.0287436416
   1.7500000000   0.0263668653
   1.7750000000   0.0244108565
   1.8000000000   0.0222864174
   1.8250000000   0.0205857632
   1.8500000000   0.0187096395
   1.8750000000   0.0172552122
   1.9000000000   0.0156155566
   1.9250000000   0.0143917760
   1.9500000000   0.0129714455
   1.9750000000   0.0119585802
   2.0000000000   0.0107371627
   2.0250000000   0.0099130942
   2.0500000000   0.0088683957
   2.0750000000   0.0082098549
   2.1000000000   0.0073188971
   2.1250000000   0.0068022570
   2.1500000000   0.0060418928
   2.1750000000   0.0056436448
   2.2000000000   0.0049909277
   2.2250000000   0.0046879821
   2.2500000000   0.0041204280
   2.2750000000   0.0038903653
   2.3000000000   0.0033862166
   2.3250000000   0.0032075823
   2.3500000000   0.0027461475
   2.3750000000   0.0025988384
   2.4000000000   0.0021609290
   2.4250000000   0.0020266712
   2.4500000000   0.0015951190
   2.4750000000   0.0014579990
   2.5000000000   0.0010181987
   2.5250000000   0.0008651835
   2.5500000000   0.0004055890
   2.5750000000   0.0002269606
   2.6000000000  -0.0002605376
   2.6250000000  -0.0004709020
   2.6500000000  -0.0009907788
   2.6750000000  -0.0012353280
   2.7000000000  -0.0017884417
   2.7250000000  -0.0020660944
   2.7500000000  -0.0026499252
   2.7750000000  -0.0029564261
   2.8000000000  -0.0035655126
   2.8250000000  -0.0038939635
   2.8500000000  -0.0045204893
   2.8750000000  -0.0048619969
   2.9000000000  -0.0054964632
   2.9250000000  -0.0058408373
   2.9500000000  -0.0064727546
   2.9750000000  -0.0068091895
   3.0000000000  -0.0074277263
   3.0250000000  -0.0077454117
   3.0500000000  -0.0083399539
   3.0750000000  -0.0086285769
   3.1000000000  -0.0091891695
   3.1250000000  -0.0094392917
   3.1500000000  -0.0099569584
   3.1750000000  -0.0101602726
   3.2000000000  -0.0106272237
   3.2250000000  -0.0107767104
   3.2500000000  -0.0111864657
   3.2750000000  -0.0112764778
   3.3000000000  -0.0116239342
   3.3250000000  -0.0116502420
   3.3500000000  -0.0119317163
   3.3750000000  -0.0118915391
   3.4000000000  -0.0121048053
   3.4250000000  -0.0119968442
   3.4500000000  -0.0121411767
   3.4750000000  -0.0119656534
   3.5000000000  -0.0120418711
   3.5250000000  -0.0118005617
   3.5500000000  -0.0118110597
   3.5750000000  -0.0115073068
   3.6000000000  -0.0114560543
   3.6250000000  -0.0110947342
   3.6500000000  -0.0109872155
   3.6750000000  -0.0105746393
   3.7000000000  -0.0104177204
   3.7250000000  -0.0099614554
   3.7500000000  -0.0097631654
   3.7750000000  -0.0092717715
   3.8000000000  -0.0090410012
   3.8250000000  -0.0085236905
   3.8500000000  -0.0082698210
   3.8750000000  -0.0077360603
   3.9000000000  -0.0074685465
   3.9250000000  -0.0069276312
   3.9500000000  -0.0066555712
   3.9750000000  -0.0061162031
   4.0000000000  -0.0058479283
   4.0250000000  -0.0053178324
   4.0500000000  -0.0050605516
   4.0750000000  -0.0045461620
   4.1000000000  -0.0043056856
   4.1250000000  -0.0038119234
   4.1500000000  -0.0035924871
   4.1750000000  -0.0031226430
   4.2000000000  -0.0029268394
   4.2250000000  -0.0024825646
   4.2500000000  -0.0023113797
   4.2750000000  -0.0018927770
   4.3000000000  -0.0017457217
   4.3250000000  -0.0013515226
   4.3500000000  -0.0012268408
   4.3750000000  -0.0008546481
   4.4000000000  -0.0007495796
   4.4250000000  -0.0003961524
   4.4500000000  -0.0003072293
   4.4750000000   0.0000312115
   4.5000000000   0.0001078593
   4.5250000000   0.0004353255
   4.5500000000   0.0005036715
   4.5750000000   0.0008241192
   4.6000000000   0.0008879644
   4.6250000000   0.0012050347
   4.6500000000   0.0012677653
   4.6750000000   0.0015845638
   4.7000000000   0.0016489495
   4.7250000000   0.0019678690
   4.7500000000   0.0020359067
   4.7750000000   0.0023584972
   4.8000000000   0.0024313022
   4.8250000000   0.0027581903
   4.8500000000   0.0028359368
   4.8750000000   0.0031667937
   4.9000000000   0.0032487050
   4.9250000000   0.0035822648
   4.9500000000   0.0036666529
   4.9750000000   0.0040007789
   5.0000000000   0.0040851315
