   0.0000000000  -0.0422776966
   0.0250000000  -0.0422833781
   0.0500000000  -0.0420865373
   0.0750000000  -0.0422712705
   0.1000000000  -0.0420451172
   0.1250000000  -0.0421671876
   0.1500000000  -0.0418358096
   0.1750000000  -0.0417979511
   0.2000000000  -0.0412467013
   0.2250000000  -0.0409200647
   0.2500000000  -0.0400116135
   0.2750000000  -0.0392536823
   0.3000000000  -0.0378473229
   0.3250000000  -0.0365218907
   0.3500000000  -0.0344935459
   0.3750000000  -0.0324901522
   0.4000000000  -0.0297505180
   0.4250000000  -0.0270009029
   0.4500000000  -0.0235095169
   0.4750000000  -0.0199991595
   0.5000000000  -0.0157728232
   0.5250000000  -0.0115463702
   0.5500000000  -0.0066611677
   0.5750000000  -0.0018214032
   0.6000000000   0.0035915911
   0.6250000000   0.0088907664
   0.6500000000   0.0146552489
   0.6750000000   0.0202206935
   0.7000000000   0.0261289594
   0.7250000000   0.0317434403
   0.7500000000   0.0375725621
   0.7750000000   0.0430114054
   0.8000000000   0.0485399790
   0.8250000000   0.0535874893
   0.8500000000   0.0586113139
   0.8750000000   0.0630754594
   0.9000000000   0.0674208201
   0.9250000000   0.0711450366
   0.9500000000   0.0746786549
   0.9750000000   0.0775500346
   1.0000000000   0.0801851763
   1.0250000000   0.0821387282
   1.0500000000   0.0838373631
   1.0750000000   0.0848564120
   1.1000000000   0.0856276739
   1.1250000000   0.0857407850
   1.1500000000   0.0856362553
   1.1750000000   0.0849113076
   1.2000000000   0.0840178439
   1.2250000000   0.0825540333
   1.2500000000   0.0809849735
   1.2750000000   0.0789035968
   1.3000000000   0.0767892017
   1.3250000000   0.0742240696
   1.3500000000   0.0717020224
   1.3750000000   0.0687902781
   1.4000000000   0.0659969594
   1.4250000000   0.0628709509
   1.4500000000   0.0599340525
   1.4750000000   0.0567147385
   1.5000000000   0.0537475976
   1.5250000000   0.0505397749
   1.5500000000   0.0476376112
   1.5750000000   0.0445270534
   1.6000000000   0.0417650988
   1.6250000000   0.0388175140
   1.6500000000   0.0362508564
   1.6750000000   0.0335124180
   1.7000000000   0.0311772493
   1.7250000000   0.0286763488
   1.7500000000   0.0265922275
   1.7750000000   0.0243420392
   1.8000000000   0.0225147483
   1.8250000000   0.0205161958
   1.8500000000   0.0189408003
   1.8750000000   0.0171855548
   1.9000000000   0.0158493261
   1.9250000000   0.0143225476
   1.9500000000   0.0132075151
   1.9750000000   0.0118901465
   2.0000000000   0.0109751396
   2.0250000000   0.0098456672
   2.0500000000   0.0091078136
   2.0750000000   0.0081435038
   2.1000000000   0.0075592344
   2.1250000000   0.0067369272
   2.1500000000   0.0062825962
   2.1750000000   0.0055791822
   2.2000000000   0.0052314394
   2.2250000000   0.0046241606
   2.2500000000   0.0043602136
   2.2750000000   0.0038269141
   2.3000000000   0.0036247917
   2.3250000000   0.0031442121
   2.3500000000   0.0029830999
   2.3750000000   0.0025352635
   2.4000000000   0.0023959363
   2.4250000000   0.0019626281
   2.4500000000   0.0018279585
   2.4750000000   0.0013932607
   2.5000000000   0.0012487509
   2.5250000000   0.0007995687
   2.5500000000   0.0006338342
   2.5750000000   0.0001603393
   2.6000000000  -0.0000345284
   2.6250000000  -0.0005386065
   2.6500000000  -0.0007668578
   2.6750000000  -0.0013041403
   2.7000000000  -0.0015664006
   2.7250000000  -0.0021359897
   2.7500000000  -0.0024295133
   2.7750000000  -0.0030273354
   2.8000000000  -0.0033464553
   2.8250000000  -0.0039657790
   2.8500000000  -0.0043025044
   2.8750000000  -0.0049345785
   2.9000000000  -0.0052792757
   2.9250000000  -0.0059140190
   2.9500000000  -0.0062561083
   2.9750000000  -0.0068827861
   3.0000000000  -0.0072113932
   3.0250000000  -0.0078192248
   3.0500000000  -0.0081237396
   3.0750000000  -0.0087024007
   3.1000000000  -0.0089729166
   3.1250000000  -0.0095129184
   3.1500000000  -0.0097405475
   3.1750000000  -0.0102334974
   3.2000000000  -0.0104105728
   3.2250000000  -0.0108493356
   3.2500000000  -0.0109695277
   3.2750000000  -0.0113483167
   3.3000000000  -0.0114066941
   3.3250000000  -0.0117211229
   3.3500000000  -0.0117141878
   3.3750000000  -0.0119613078
   3.4000000000  -0.0118870267
   3.4250000000  -0.0120653673
   3.4500000000  -0.0119232075
   3.4750000000  -0.0120328205
   3.5000000000  -0.0118237875
   3.5250000000  -0.0118662875
   3.5500000000  -0.0115929512
   3.5750000000  -0.0115715331
   3.6000000000  -0.0112380196
   3.6250000000  -0.0111574303
   3.6500000000  -0.0107693589
   3.6750000000  -0.0106358034
   3.7000000000  -0.0102001483
   3.7250000000  -0.0100211139
   3.7500000000  -0.0095459829
   3.7750000000  -0.0093299779
   3.8000000000  -0.0088243091
   3.8250000000  -0.0085805240
   3.8500000000  -0.0080537131
   3.8750000000  -0.0077916230
   3.9000000000  -0.0072531077
   3.9250000000  -0.0069820445
   3.9500000000  -0.0064408756
   3.9750000000  -0.0061696033
   4.0000000000  -0.0056340384
   4.0250000000  -0.0053703664
   4.0500000000  -0.0048475177
   4.0750000000  -0.0045979820
   4.1000000000  -0.0040935457
   4.1250000000  -0.0038631816
   4.1500000000  -0.0033812675
   4.1750000000  -0.0031734865
   4.2000000000  -0.0027165555
   4.2250000000  -0.0025331306
   4.2500000000  -0.0021020367
   4.2750000000  -0.0019431887
   4.3000000000  -0.0015373160
   4.3250000000  -0.0014018858
   4.3500000000  -0.0010193612
   4.3750000000  -0.0009050483
   4.4000000000  -0.0005430084
   4.4250000000  -0.0004466538
   4.4500000000  -0.0001015430
   4.4750000000  -0.0000194326
   4.5000000000   0.0003126884
   4.5250000000   0.0003845192
   4.5500000000   0.0007076751
   4.5750000000   0.0007731520
   4.6000000000   0.0010911773
   4.6250000000   0.0011539271
   4.6500000000   0.0014702249
   4.6750000000   0.0015333526
   4.7000000000   0.0018506954
   4.7250000000   0.0019166045
   4.7500000000   0.0022369801
   4.7750000000   0.0023072400
   4.8000000000   0.0026317460
   4.8250000000   0.0027070075
   4.8500000000   0.0030357949
   4.8750000000   0.0031157558
   4.9000000000   0.0034480222
   4.9250000000   0.0035314419
   4.9500000000   0.0038654741
   4.9750000000   0.0039502379
   5.0000000000   0.0042835018
