   0.0250000000  -0.8434660056
   0.0500000000  -0.8405511522
   0.0750000000  -0.8340856327
   0.1000000000  -0.8266355265
   0.1250000000  -0.8158156792
   0.1500000000  -0.8042371986
   0.1750000000  -0.7895675117
   0.2000000000  -0.7744520953
   0.2250000000  -0.7565986959
   0.2500000000  -0.7386737465
   0.2750000000  -0.7184110444
   0.3000000000  -0.6984833546
   0.3250000000  -0.6766358398
   0.3500000000  -0.6555333418
   0.3750000000  -0.6329188069
   0.4000000000  -0.6114366699
   0.4250000000  -0.5888164225
   0.4500000000  -0.5676724146
   0.4750000000  -0.5457125990
   0.5000000000  -0.5255149306
   0.5250000000  -0.5047612048
   0.5500000000  -0.4859901074
   0.5750000000  -0.4668559680
   0.6000000000  -0.4498584089
   0.6250000000  -0.4326257737
   0.6500000000  -0.4176212557
   0.6750000000  -0.4024507379
   0.7000000000  -0.3895452519
   0.7250000000  -0.3764929787
   0.7500000000  -0.3656978900
   0.7750000000  -0.3547356989
   0.8000000000  -0.3459885613
   0.8250000000  -0.3370248148
   0.8500000000  -0.3302096597
   0.8750000000  -0.3231085794
   0.9000000000  -0.3180739598
   0.9250000000  -0.3126721358
   0.9500000000  -0.3092459489
   0.9750000000  -0.3053654002
   1.0000000000  -0.3033661802
   1.0250000000  -0.3008239348
   1.0500000000  -0.3000688238
   1.0750000000  -0.2986834192
   1.1000000000  -0.2989933633
   1.1250000000  -0.2985889188
   1.1500000000  -0.2997918045
   1.1750000000  -0.3002004056
   1.2000000000  -0.3021328662
   1.2250000000  -0.3031959523
   1.2500000000  -0.3057044745
   1.2750000000  -0.3072737792
   1.3000000000  -0.3102155684
   1.3250000000  -0.3121539750
   1.3500000000  -0.3153978412
   1.3750000000  -0.3175803185
   1.4000000000  -0.3210076624
   1.4250000000  -0.3233222866
   1.4500000000  -0.3268281285
   1.4750000000  -0.3291770816
   1.5000000000  -0.3326709890
   1.5250000000  -0.3349713733
   1.5500000000  -0.3383781190
   1.5750000000  -0.3405624219
   1.6000000000  -0.3438222233
   1.6250000000  -0.3458383040
   1.6500000000  -0.3489065398
   1.6750000000  -0.3507170674
   1.7000000000  -0.3535634355
   1.7250000000  -0.3551447750
   1.7500000000  -0.3577519211
   1.7750000000  -0.3590925257
   1.8000000000  -0.3614542291
   1.8250000000  -0.3625526541
   1.8500000000  -0.3646717066
   1.8750000000  -0.3655343946
   1.9000000000  -0.3674203360
   1.9250000000  -0.3680593468
   1.9500000000  -0.3697262320
   1.9750000000  -0.3701570887
   2.0000000000  -0.3716214528
   2.0250000000  -0.3718612606
   2.0500000000  -0.3731404205
   2.0750000000  -0.3732063765
   2.1000000000  -0.3743171672
   2.1250000000  -0.3742255337
   2.1500000000  -0.3751835232
   2.1750000000  -0.3749490822
   2.2000000000  -0.3757682567
   2.2250000000  -0.3754042102
   2.2500000000  -0.3760970692
   2.2750000000  -0.3756153042
   2.3000000000  -0.3761932667
   2.3250000000  -0.3756048729
   2.3500000000  -0.3760788745
   2.3750000000  -0.3753947870
   2.4000000000  -0.3757759377
   2.4250000000  -0.3750075812
   2.4500000000  -0.3753077677
   2.4750000000  -0.3744675927
   2.5000000000  -0.3746999298
   2.5250000000  -0.3738017622
   2.5500000000  -0.3739808277
   2.5750000000  -0.3730399824
   2.6000000000  -0.3731818061
   2.6250000000  -0.3722149508
   2.6500000000  -0.3723367570
   2.6750000000  -0.3713615408
   2.7000000000  -0.3714812731
   2.7250000000  -0.3705157594
   2.7500000000  -0.3706514358
   2.7750000000  -0.3697133952
   2.8000000000  -0.3698823550
   2.8250000000  -0.3689884838
   2.8500000000  -0.3692065955
   2.8750000000  -0.3683717292
   2.9000000000  -0.3686526258
   2.9250000000  -0.3678890127
   2.9500000000  -0.3682434181
   2.9750000000  -0.3675601118
   3.0000000000  -0.3679953117
   3.0250000000  -0.3673977297
   3.0500000000  -0.3679172265
   3.0750000000  -0.3674069087
   3.1000000000  -0.3680102873
   3.1250000000  -0.3675848713
   3.1500000000  -0.3682678848
   3.1750000000  -0.3679213006
   3.2000000000  -0.3686761696
   3.2250000000  -0.3683990385
   3.2500000000  -0.3692149432
   3.2750000000  -0.3689951530
   3.3000000000  -0.3698588817
   3.3250000000  -0.3696822981
   3.3500000000  -0.3705790081
   3.3750000000  -0.3704302727
   3.4000000000  -0.3713443124
   3.4250000000  -0.3712076746
   3.4500000000  -0.3721234118
   3.4750000000  -0.3719835407
   3.5000000000  -0.3728861463
   3.5250000000  -0.3727288740
   3.5500000000  -0.3736050132
   3.5750000000  -0.3734179657
   3.6000000000  -0.3742563615
   3.6250000000  -0.3740294475
   3.6500000000  -0.3748212890
   3.6750000000  -0.3745470249
   3.7000000000  -0.3752862077
   3.7250000000  -0.3749598726
   3.7500000000  -0.3756430703
   3.7750000000  -0.3752626964
   3.8000000000  -0.3758892731
   3.8250000000  -0.3754554864
   3.8500000000  -0.3760272710
   3.8750000000  -0.3755430060
   3.9000000000  -0.3760639560
   3.9250000000  -0.3755340756
   3.9500000000  -0.3760098608
   3.9750000000  -0.3754407129
   4.0000000000  -0.3758782536
   4.0250000000  -0.3752771988
   4.0500000000  -0.3756841903
   4.0750000000  -0.3750591308
   4.1000000000  -0.3754435842
   4.1250000000  -0.3748025222
   4.1500000000  -0.3751723453
   4.1750000000  -0.3745229917
   4.2000000000  -0.3748856299
   4.2250000000  -0.3742350802
   4.2500000000  -0.3745972292
   4.2750000000  -0.3739517147
   4.3000000000  -0.3743191120
   4.3250000000  -0.3736838317
   4.3500000000  -0.3740611273
   4.3750000000  -0.3734401563
   4.4000000000  -0.3738308580
   4.4250000000  -0.3732271276
   4.4500000000  -0.3736336129
   4.4750000000  -0.3730489515
   4.5000000000  -0.3734725352
   4.5250000000  -0.3729077591
   4.5500000000  -0.3733488029
   4.5750000000  -0.3728038422
   4.6000000000  -0.3732618943
   4.6250000000  -0.3727359418
   4.6500000000  -0.3732098922
   4.6750000000  -0.3727015632
   4.7000000000  -0.3731898043
   4.7250000000  -0.3726972948
   4.7500000000  -0.3731978764
   4.7750000000  -0.3727191131
   4.8000000000  -0.3732298843
   4.8250000000  -0.3727626576
   4.8500000000  -0.3732813908
   4.8750000000  -0.3728234681
   4.9000000000  -0.3733479608
   4.9250000000  -0.3728971773
   4.9500000000  -0.3734253317
   4.9750000000  -0.3729796587
   5.0000000000  -0.3735095391
   0.0250000000  -0.8221348743
   0.0500000000  -0.8204456006
   0.0750000000  -0.8159983148
   0.1000000000  -0.8113228543
   0.1250000000  -0.8039846223
   0.1500000000  -0.7965334327
   0.1750000000  -0.7865653251
   0.2000000000  -0.7766461984
   0.2250000000  -0.7643981812
   0.2500000000  -0.7523982012
   0.2750000000  -0.7382888966
   0.3000000000  -0.7246523018
   0.3250000000  -0.7091453021
   0.3500000000  -0.6943486525
   0.3750000000  -0.6779269915
   0.4000000000  -0.6624534331
   0.4250000000  -0.6455941596
   0.4500000000  -0.6299088263
   0.4750000000  -0.6130597408
   0.5000000000  -0.5975882928
   0.5250000000  -0.5811487018
   0.5500000000  -0.5662606346
   0.5750000000  -0.5505674677
   0.6000000000  -0.5365651960
   0.6250000000  -0.5218851189
   0.6500000000  -0.5089990863
   0.6750000000  -0.4955264886
   0.7000000000  -0.4839158384
   0.7250000000  -0.4717759288
   0.7500000000  -0.4615337168
   0.7750000000  -0.4507895160
   0.8000000000  -0.4419511298
   0.8250000000  -0.4326129584
   0.8500000000  -0.4251663295
   0.8750000000  -0.4172024185
   0.9000000000  -0.4110987359
   0.9250000000  -0.4044457845
   0.9500000000  -0.3996096777
   0.9750000000  -0.3941824814
   1.0000000000  -0.3905209573
   1.0250000000  -0.3862205570
   1.0500000000  -0.3836303029
   1.0750000000  -0.3803504155
   1.1000000000  -0.3787233637
   1.1250000000  -0.3763551125
   1.1500000000  -0.3755823871
   1.1750000000  -0.3740175321
   1.2000000000  -0.3739920436
   1.2250000000  -0.3731250256
   1.2500000000  -0.3737430519
   1.2750000000  -0.3734721981
   1.3000000000  -0.3746342973
   1.3250000000  -0.3748625165
   1.3500000000  -0.3764740715
   1.3750000000  -0.3771093039
   1.4000000000  -0.3790809216
   1.4250000000  -0.3800365225
   1.4500000000  -0.3822844241
   1.4750000000  -0.3834795732
   1.5000000000  -0.3859260272
   1.5250000000  -0.3872861814
   1.5500000000  -0.3898599665
   1.5750000000  -0.3913173205
   1.6000000000  -0.3939541676
   1.6250000000  -0.3954480610
   1.6500000000  -0.3980910093
   1.6750000000  -0.3995682169
   1.7000000000  -0.4021678262
   1.7250000000  -0.4035826839
   1.7500000000  -0.4060970683
   1.7750000000  -0.4074114131
   1.8000000000  -0.4098060898
   1.8250000000  -0.4109890218
   1.8500000000  -0.4132365937
   1.8750000000  -0.4142640906
   1.9000000000  -0.4163438046
   1.9250000000  -0.4171982365
   1.9500000000  -0.4190954672
   1.9750000000  -0.4197650617
   2.0000000000  -0.4214707708
   2.0250000000  -0.4219490765
   2.0500000000  -0.4234592875
   2.0750000000  -0.4237446667
   2.1000000000  -0.4250599802
   2.1250000000  -0.4251551479
   2.1500000000  -0.4262803034
   2.1750000000  -0.4261919094
   2.2000000000  -0.4271353837
   2.2250000000  -0.4268736225
   2.2500000000  -0.4276472445
   2.2750000000  -0.4272254676
   2.3000000000  -0.4278440221
   2.3250000000  -0.4272783268
   2.3500000000  -0.4277591222
   2.3750000000  -0.4270678944
   2.4000000000  -0.4274302774
   2.4250000000  -0.4266336750
   2.4500000000  -0.4268984830
   2.4750000000  -0.4260178591
   2.5000000000  -0.4262068159
   2.5250000000  -0.4252640904
   2.5500000000  -0.4253991594
   2.5750000000  -0.4244161605
   2.6000000000  -0.4245188809
   2.6250000000  -0.4235166830
   2.6500000000  -0.4236075178
   2.6750000000  -0.4226058075
   2.7000000000  -0.4227035355
   2.7250000000  -0.4217200373
   2.7500000000  -0.4218412196
   2.7750000000  -0.4208912099
   2.8000000000  -0.4210497571
   2.8250000000  -0.4201456900
   2.8500000000  -0.4203525507
   2.8750000000  -0.4195038116
   2.9000000000  -0.4197667942
   2.9250000000  -0.4189795909
   2.9500000000  -0.4193033232
   2.9750000000  -0.4185807140
   3.0000000000  -0.4189667379
   3.0250000000  -0.4183087899
   3.0500000000  -0.4187557797
   3.0750000000  -0.4181598428
   3.1000000000  -0.4186639307
   3.1250000000  -0.4181250083
   3.1500000000  -0.4186801939
   3.1750000000  -0.4181913858
   3.2000000000  -0.4187900053
   3.2250000000  -0.4183429964
   3.2500000000  -0.4189762244
   3.2750000000  -0.4185617918
   3.3000000000  -0.4192201474
   3.3250000000  -0.4188286608
   3.3500000000  -0.4195024950
   3.3750000000  -0.4191243844
   3.4000000000  -0.4198043244
   3.4250000000  -0.4194304970
   3.4500000000  -0.4201078314
   3.4750000000  -0.4197300214
   3.5000000000  -0.4203970118
   3.5250000000  -0.4200080523
   3.5500000000  -0.4206581645
   3.5750000000  -0.4202521777
   3.6000000000  -0.4208802303
   3.6250000000  -0.4204527346
   3.6500000000  -0.4210549666
   3.6750000000  -0.4206029064
   3.7000000000  -0.4211769709
   3.7250000000  -0.4206986768
   3.7500000000  -0.4212435704
   3.7750000000  -0.4207386611
   3.8000000000  -0.4212546014
   3.8250000000  -0.4207238395
   3.8500000000  -0.4212121030
   3.8750000000  -0.4206572188
   3.9000000000  -0.4211199537
   3.9250000000  -0.4205434501
   3.9500000000  -0.4209834762
   3.9750000000  -0.4203884264
   4.0000000000  -0.4208090336
   4.0250000000  -0.4201988831
   4.0500000000  -0.4206036388
   4.0750000000  -0.4199820201
   4.1000000000  -0.4203745929
   4.1250000000  -0.4197451592
   4.1500000000  -0.4201291644
   4.1750000000  -0.4194954483
   4.2000000000  -0.4198743193
   4.2250000000  -0.4192396170
   4.2500000000  -0.4196165034
   4.2750000000  -0.4189837869
   4.3000000000  -0.4193614804
   4.3250000000  -0.4187333361
   4.3500000000  -0.4191142214
   4.3750000000  -0.4184928135
   4.4000000000  -0.4188788431
   4.4250000000  -0.4182658988
   4.4500000000  -0.4186585880
   4.4750000000  -0.4180554014
   4.5000000000  -0.4184558404
   4.5250000000  -0.4178632918
   4.5500000000  -0.4182721712
   4.5750000000  -0.4176907580
   4.6000000000  -0.4181084044
   4.6250000000  -0.4175382807
   4.6500000000  -0.4179646993
   4.6750000000  -0.4174057206
   4.7000000000  -0.4178406417
   4.7250000000  -0.4172924131
   4.7500000000  -0.4177353408
   4.7750000000  -0.4171972651
   4.8000000000  -0.4176475256
   4.8250000000  -0.4171188516
   4.8500000000  -0.4175756397
   4.8750000000  -0.4170555071
   4.9000000000  -0.4175179300
   4.9250000000  -0.4170054114
   4.9500000000  -0.4174725291
   4.9750000000  -0.4169666682
   5.0000000000  -0.4174375288
   0.0250000000  -0.8229096426
   0.0500000000  -0.8235326284
   0.0750000000  -0.8229006402
   0.1000000000  -0.8234976648
   0.1250000000  -0.8228159223
   0.1500000000  -0.8233231699
   0.1750000000  -0.8225085803
   0.2000000000  -0.8228253498
   0.2250000000  -0.8217615711
   0.2500000000  -0.8217581615
   0.2750000000  -0.8203046062
   0.3000000000  -0.8198322151
   0.3250000000  -0.8178346048
   0.3500000000  -0.8167362894
   0.3750000000  -0.8140377720
   0.4000000000  -0.8121594806
   0.4250000000  -0.8086113472
   0.4500000000  -0.8058121136
   0.4750000000  -0.8012832887
   0.5000000000  -0.7974438655
   0.5250000000  -0.7918285643
   0.5500000000  -0.7868580196
   0.5750000000  -0.7800812353
   0.6000000000  -0.7739213135
   0.6250000000  -0.7659420654
   0.6500000000  -0.7585693662
   0.6750000000  -0.7493818767
   0.7000000000  -0.7408081157
   0.7250000000  -0.7304412560
   0.7500000000  -0.7207120056
   0.7750000000  -0.7092274468
   0.8000000000  -0.6984198135
   0.8250000000  -0.6859093410
   0.8500000000  -0.6741290200
   0.8750000000  -0.6607114211
   0.9000000000  -0.6480894963
   0.9250000000  -0.6339073374
   0.9500000000  -0.6205970841
   0.9750000000  -0.6058135709
   1.0000000000  -0.5919873917
   1.0250000000  -0.5767833824
   1.0500000000  -0.5626298844
   1.0750000000  -0.5472010078
   1.1000000000  -0.5329221295
   1.1250000000  -0.5174758795
   1.1500000000  -0.5032839070
   1.1750000000  -0.4880365327
   1.2000000000  -0.4741508177
   1.2250000000  -0.4593238243
   1.2500000000  -0.4459670281
   1.2750000000  -0.4317831343
   1.3000000000  -0.4191768773
   1.3250000000  -0.4058553443
   1.3500000000  -0.3942152162
   1.3750000000  -0.3819665552
   1.4000000000  -0.3714965483
   1.4250000000  -0.3605167208
   1.4500000000  -0.3514032516
   1.4750000000  -0.3418675794
   1.5000000000  -0.3342733658
   1.5250000000  -0.3263304614
   1.5500000000  -0.3203885987
   1.5750000000  -0.3141546861
   1.6000000000  -0.3099633124
   1.6250000000  -0.3055173357
   1.6500000000  -0.3031352804
   1.6750000000  -0.3005151822
   1.7000000000  -0.2999589553
   1.7250000000  -0.2991594476
   1.7500000000  -0.3004018506
   1.7750000000  -0.3013739097
   1.8000000000  -0.3043444412
   1.8250000000  -0.3069966357
   1.8500000000  -0.3115837374
   1.8750000000  -0.3157853692
   1.9000000000  -0.3218404230
   1.9250000000  -0.3274263281
   1.9500000000  -0.3347691932
   1.9750000000  -0.3415459348
   2.0000000000  -0.3499717074
   2.0250000000  -0.3577248042
   2.0500000000  -0.3670114104
   2.0750000000  -0.3755131880
   2.1000000000  -0.3854293848
   2.1250000000  -0.3944470181
   2.1500000000  -0.4047603745
   2.1750000000  -0.4140637088
   2.2000000000  -0.4245481739
   2.2250000000  -0.4339169570
   2.2500000000  -0.4443596815
   2.2750000000  -0.4535899101
   2.3000000000  -0.4637970650
   2.3250000000  -0.4727062323
   2.3500000000  -0.4825076539
   2.3750000000  -0.4909387721
   2.4000000000  -0.5001913498
   2.4250000000  -0.5080157012
   2.4500000000  -0.5166055000
   2.4750000000  -0.5237241447
   2.5000000000  -0.5315673181
   2.5250000000  -0.5379114387
   2.5500000000  -0.5449540354
   2.5750000000  -0.5504842389
   2.6000000000  -0.5567010361
   2.6250000000  -0.5614057562
   2.6500000000  -0.5667982687
   2.6750000000  -0.5706914193
   2.7000000000  -0.5752852352
   2.7250000000  -0.5784032654
   2.7500000000  -0.5822448565
   2.7750000000  -0.5846433512
   2.8000000000  -0.5877964966
   2.8250000000  -0.5895464548
   2.8500000000  -0.5920884060
   2.8750000000  -0.5932723235
   2.9000000000  -0.5952898328
   2.9250000000  -0.5959977051
   2.9500000000  -0.5975830324
   2.9750000000  -0.5979083929
   3.0000000000  -0.5991554027
   3.0250000000  -0.5991915063
   3.0500000000  -0.6001919656
   3.0750000000  -0.6000282275
   3.1000000000  -0.6008684112
   3.1250000000  -0.6005872056
   3.1500000000  -0.6013449134
   3.1750000000  -0.6010188302
   3.2000000000  -0.6017609059
   3.2250000000  -0.6014505536
   3.2500000000  -0.6022309864
   3.2750000000  -0.6019834064
   3.3000000000  -0.6028420711
   3.3250000000  -0.6026898107
   3.3500000000  -0.6036518779
   3.3750000000  -0.6036127381
   3.4000000000  -0.6046887553
   3.4250000000  -0.6047661983
   3.4500000000  -0.6059528127
   3.4750000000  -0.6061369843
   3.5000000000  -0.6074182456
   3.5250000000  -0.6076875367
   3.5500000000  -0.6090366926
   3.5750000000  -0.6093597403
   3.6000000000  -0.6107414131
   3.6250000000  -0.6110794227
   3.6500000000  -0.6124520443
   3.6750000000  -0.6127613033
   3.7000000000  -0.6140796758
   3.7250000000  -0.6143141291
   3.7500000000  -0.6155319825
   3.7750000000  -0.6156457421
   3.8000000000  -0.6167181676
   3.8250000000  -0.6166678434
   3.8500000000  -0.6175534983
   3.8750000000  -0.6173002551
   3.9000000000  -0.6179632520
   3.9250000000  -0.6174745160
   3.9500000000  -0.6178859347
   3.9750000000  -0.6171367001
   4.0000000000  -0.6172756809
   4.0250000000  -0.6162493858
   4.0500000000  -0.6161037873
   4.0750000000  -0.6147927540
   4.1000000000  -0.6143593787
   4.1250000000  -0.6127648307
   4.1500000000  -0.6120492408
   4.1750000000  -0.6101809260
   4.2000000000  -0.6091968858
   4.2250000000  -0.6070723515
   4.2500000000  -0.6058409475
   4.2750000000  -0.6034845201
   4.3000000000  -0.6020330175
   4.3250000000  -0.5994745518
   4.3500000000  -0.5978350530
   4.3750000000  -0.5951085180
   4.4000000000  -0.5933164931
   4.4250000000  -0.5904584653
   4.4500000000  -0.5885512265
   4.4750000000  -0.5855993615
   4.5000000000  -0.5836145491
   4.5250000000  -0.5806060996
   4.5500000000  -0.5785802471
   4.5750000000  -0.5755506903
   4.6000000000  -0.5735179281
   4.6250000000  -0.5704997580
   4.6500000000  -0.5684907067
   4.6750000000  -0.5655124382
   4.7000000000  -0.5635533318
   4.7250000000  -0.5606387512
   4.7500000000  -0.5587508199
   4.7750000000  -0.5559185033
   4.8000000000  -0.5541176306
   4.8250000000  -0.5513807398
   4.8500000000  -0.5496773953
   4.8750000000  -0.5470437452
   4.9000000000  -0.5454431821
   4.9250000000  -0.5429155617
   4.9500000000  -0.5414182538
   4.9750000000  -0.5389949707
   5.0000000000  -0.5375972543
