   0.0000000000  -0.8230557967
   0.0250000000  -0.8229642699
   0.0500000000  -0.8202895545
   0.0750000000  -0.8168346907
   0.1000000000  -0.8101508255
   0.1250000000  -0.8027943531
   0.1500000000  -0.7923640206
   0.1750000000  -0.7814486137
   0.2000000000  -0.7676882365
   0.2250000000  -0.7536966256
   0.2500000000  -0.7371467338
   0.2750000000  -0.7206679642
   0.3000000000  -0.7019562282
   0.3250000000  -0.6836464143
   0.3500000000  -0.6634471007
   0.3750000000  -0.6439885633
   0.4000000000  -0.6229823003
   0.4250000000  -0.6030448464
   0.4500000000  -0.5818822185
   0.4750000000  -0.5620897412
   0.5000000000  -0.5413614601
   0.5250000000  -0.5222661134
   0.5500000000  -0.5024814879
   0.5750000000  -0.4845466012
   0.6000000000  -0.4661209121
   0.6250000000  -0.4497127177
   0.6500000000  -0.4329630795
   0.6750000000  -0.4183503952
   0.7000000000  -0.4034988706
   0.7250000000  -0.3908592015
   0.7500000000  -0.3780414089
   0.7750000000  -0.3674715619
   0.8000000000  -0.3567487966
   0.8250000000  -0.3482780209
   0.8500000000  -0.3396509569
   0.8750000000  -0.3332547881
   0.9000000000  -0.3266770908
   0.9250000000  -0.3222904107
   0.9500000000  -0.3176809780
   0.9750000000  -0.3152092290
   1.0000000000  -0.3124622271
   1.0250000000  -0.3117901726
   1.0500000000  -0.3107824765
   1.0750000000  -0.3117803230
   1.1000000000  -0.3123763641
   1.1250000000  -0.3149034165
   1.1500000000  -0.3169577586
   1.1750000000  -0.3208640538
   1.2000000000  -0.3242222402
   1.2250000000  -0.3293487786
   1.2500000000  -0.3338471252
   1.2750000000  -0.3400254029
   1.3000000000  -0.3454904445
   1.3250000000  -0.3525419810
   1.3500000000  -0.3587902347
   1.3750000000  -0.3665267085
   1.4000000000  -0.3733652975
   1.4250000000  -0.3815897528
   1.4500000000  -0.3888182659
   1.4750000000  -0.3973276675
   1.5000000000  -0.4047414250
   1.5250000000  -0.4133306237
   1.5500000000  -0.4207253051
   1.5750000000  -0.4291922673
   1.6000000000  -0.4363696587
   1.6250000000  -0.4445216270
   1.6500000000  -0.4512960764
   1.6750000000  -0.4589561877
   1.7000000000  -0.4651612445
   1.7250000000  -0.4721750476
   1.7500000000  -0.4776697147
   1.7750000000  -0.4839110165
   1.8000000000  -0.4885850597
   1.8250000000  -0.4939605786
   1.8500000000  -0.4977384204
   1.8750000000  -0.5021908354
   1.9000000000  -0.5050336932
   1.9250000000  -0.5085428264
   1.9500000000  -0.5104489178
   1.9750000000  -0.5130309621
   2.0000000000  -0.5140337754
   2.0250000000  -0.5157386502
   2.0500000000  -0.5159034459
   2.0750000000  -0.5168105190
   2.1000000000  -0.5162293616
   2.1250000000  -0.5164418920
   2.1500000000  -0.5152276114
   2.1750000000  -0.5148663415
   2.2000000000  -0.5131458699
   2.2250000000  -0.5123422200
   2.2500000000  -0.5102497533
   2.2750000000  -0.5091390526
   2.3000000000  -0.5068094451
   2.3250000000  -0.5055245755
   2.3500000000  -0.5030873085
   2.3750000000  -0.5017530604
   2.4000000000  -0.4993270366
   2.4250000000  -0.4980553838
   2.4500000000  -0.4957447107
   2.4750000000  -0.4946311206
   2.5000000000  -0.4925219593
   2.5250000000  -0.4916427808
   2.5500000000  -0.4898012660
   2.5750000000  -0.4892121717
   2.6000000000  -0.4876833593
   2.6250000000  -0.4874187775
   2.6500000000  -0.4862265398
   2.6750000000  -0.4862999882
   2.7000000000  -0.4854477601
   2.7250000000  -0.4858529796
   2.7500000000  -0.4853252536
   2.7750000000  -0.4860380382
   2.8000000000  -0.4858025032
   2.8250000000  -0.4867831215
   2.8500000000  -0.4867933409
   2.8750000000  -0.4879894434
   2.9000000000  -0.4881879631
   2.9250000000  -0.4895378622
   2.9500000000  -0.4898596329
   2.9750000000  -0.4912958345
   3.0000000000  -0.4916718178
   3.0250000000  -0.4931246673
   3.0500000000  -0.4934854845
   3.0750000000  -0.4948867790
   3.1000000000  -0.4951662465
   3.1250000000  -0.4964526536
   3.1500000000  -0.4965910462
   3.1750000000  -0.4977071715
   3.2000000000  -0.4976540554
   3.2250000000  -0.4985550072
   3.2500000000  -0.4982715041
   3.2750000000  -0.4989248274
   3.3000000000  -0.4983851954
   3.3250000000  -0.4987720820
   3.3500000000  -0.4979645422
   3.3750000000  -0.4980802662
   3.4000000000  -0.4970070467
   3.4250000000  -0.4968606245
   3.4500000000  -0.4955372484
   3.4750000000  -0.4951503726
   3.5000000000  -0.4936042621
   3.5250000000  -0.4930096042
   3.5500000000  -0.4912781156
   3.5750000000  -0.4905171303
   3.6000000000  -0.4886451662
   3.6250000000  -0.4877655532
   3.6500000000  -0.4858029166
   3.6750000000  -0.4848559087
   3.7000000000  -0.4828545664
   3.7250000000  -0.4818922084
   3.7500000000  -0.4799036236
   3.7750000000  -0.4789761936
   3.8000000000  -0.4770488674
   3.8250000000  -0.4762025671
   3.8500000000  -0.4743799018
   3.8750000000  -0.4736549128
   3.9000000000  -0.4719734785
   3.9250000000  -0.4714024524
   3.9500000000  -0.4698907087
   3.9750000000  -0.4694977248
   4.0000000000  -0.4681752167
   4.0250000000  -0.4679752158
   4.0500000000  -0.4668522412
   4.0750000000  -0.4668509200
   4.1000000000  -0.4659286427
   4.1250000000  -0.4661227750
   4.1500000000  -0.4653937422
   4.1750000000  -0.4657718791
   4.2000000000  -0.4652208901
   4.2250000000  -0.4657643829
   4.2500000000  -0.4653696492
   4.2750000000  -0.4660539291
   4.3000000000  -0.4657884580
   4.3250000000  -0.4665845066
   4.3500000000  -0.4664176391
   4.3750000000  -0.4672935755
   4.4000000000  -0.4671926064
   4.4250000000  -0.4681153219
   4.4500000000  -0.4680471292
   4.4750000000  -0.4689838947
   4.5000000000  -0.4689165088
   4.5250000000  -0.4698364876
   4.5500000000  -0.4697405319
   4.5750000000  -0.4706161340
   4.6000000000  -0.4704660778
   4.6250000000  -0.4712740980
   4.6500000000  -0.4710492694
   4.6750000000  -0.4717717656
   4.7000000000  -0.4714570860
   4.7250000000  -0.4720819639
   4.7500000000  -0.4716683795
   4.7750000000  -0.4721896676
   4.8000000000  -0.4716742680
   4.8250000000  -0.4720920820
   4.8500000000  -0.4714779139
   4.8750000000  -0.4717981263
   4.9000000000  -0.4710937255
   4.9250000000  -0.4713273693
   4.9500000000  -0.4705460486
   4.9750000000  -0.4707085000
   5.0000000000  -0.4698674392
