   0.0000000000  -0.8230576715
   0.0250000000  -0.8223397491
   0.0500000000  -0.8209139365
   0.0750000000  -0.8162123650
   0.1000000000  -0.8107742776
   0.1250000000  -0.8021741937
   0.1500000000  -0.7929865131
   0.1750000000  -0.7808305735
   0.2000000000  -0.7683097222
   0.2250000000  -0.7530806412
   0.2500000000  -0.7377671504
   0.2750000000  -0.7200539584
   0.3000000000  -0.7025755009
   0.3250000000  -0.6830342991
   0.3500000000  -0.6640651455
   0.3750000000  -0.6433782436
   0.4000000000  -0.6235990277
   0.4250000000  -0.6024362234
   0.4500000000  -0.5824975369
   0.4750000000  -0.5614827156
   0.5000000000  -0.5419752789
   0.5250000000  -0.5216605889
   0.5500000000  -0.5030937207
   0.5750000000  -0.4839424869
   0.6000000000  -0.4667314791
   0.6250000000  -0.4491099306
   0.6500000000  -0.4335719095
   0.6750000000  -0.4177488619
   0.7000000000  -0.4041059026
   0.7250000000  -0.3902588594
   0.7500000000  -0.3786465935
   0.7750000000  -0.3668723603
   0.8000000000  -0.3573520961
   0.8250000000  -0.3476799212
   0.8500000000  -0.3402523457
   0.8750000000  -0.3326577639
   0.9000000000  -0.3272765554
   0.9250000000  -0.3216944475
   0.9500000000  -0.3182785165
   0.9750000000  -0.3146143234
   1.0000000000  -0.3130578486
   1.0250000000  -0.3111963321
   1.0500000000  -0.3113762001
   1.0750000000  -0.3111875644
   1.1000000000  -0.3129682180
   1.1250000000  -0.3143117652
   1.1500000000  -0.3175477789
   1.1750000000  -0.3202735424
   1.2000000000  -0.3248104697
   1.2250000000  -0.3287594457
   1.2500000000  -0.3344336118
   1.2750000000  -0.3394372915
   1.3000000000  -0.3460752401
   1.3250000000  -0.3519551373
   1.3500000000  -0.3593733936
   1.3750000000  -0.3659411801
   1.4000000000  -0.3739468747
   1.4250000000  -0.3810055877
   1.4500000000  -0.3893983162
   1.4750000000  -0.3967449125
   1.5000000000  -0.4053200011
   1.5250000000  -0.4127493227
   1.5500000000  -0.4213024566
   1.5750000000  -0.4286124604
   1.6000000000  -0.4369454307
   1.6250000000  -0.4439433497
   1.6500000000  -0.4518705088
   1.6750000000  -0.4583794694
   1.7000000000  -0.4657343711
   1.7250000000  -0.4715999114
   1.7500000000  -0.4782415625
   1.7750000000  -0.4833374785
   1.8000000000  -0.4891556486
   1.8250000000  -0.4933886478
   1.8500000000  -0.4983077633
   1.8750000000  -0.5016205138
   1.9000000000  -0.5056017960
   1.9250000000  -0.5079741093
   1.9500000000  -0.5110157800
   1.9750000000  -0.5124638385
   2.0000000000  -0.5145993906
   2.0250000000  -0.5151731039
   2.0500000000  -0.5164678026
   2.0750000000  -0.5162465291
   2.1000000000  -0.5167924444
   2.1250000000  -0.5158794342
   2.1500000000  -0.5157894017
   2.1750000000  -0.5143053890
   2.2000000000  -0.5137063472
   2.2250000000  -0.5117827448
   2.2500000000  -0.5108088966
   2.2750000000  -0.5085810264
   2.3000000000  -0.5073672334
   2.3250000000  -0.5049679710
   2.3500000000  -0.5036437221
   2.3750000000  -0.5011978519
   2.4000000000  -0.4998820581
   2.4250000000  -0.4975015480
   2.4500000000  -0.4962983252
   2.4750000000  -0.4940786376
   2.5000000000  -0.4930741553
   2.5250000000  -0.4910916340
   2.5500000000  -0.4903520359
   2.5750000000  -0.4886623485
   2.6000000000  -0.4882326993
   2.6250000000  -0.4868702692
   2.6500000000  -0.4867744498
   2.6750000000  -0.4857527899
   2.7000000000  -0.4859942438
   2.7250000000  -0.4853070900
   2.7500000000  -0.4858703181
   2.7750000000  -0.4854934592
   2.8000000000  -0.4863461588
   2.8250000000  -0.4862398578
   2.8500000000  -0.4873356000
   2.8750000000  -0.4874475017
   2.9000000000  -0.4887288401
   2.9250000000  -0.4889972508
   2.9500000000  -0.4903991432
   2.9750000000  -0.4907565626
   3.0000000000  -0.4922099775
   3.0250000000  -0.4925867441
   3.0500000000  -0.4940223095
   3.0750000000  -0.4943502133
   3.1000000000  -0.4957017518
   3.1250000000  -0.4959174532
   3.1500000000  -0.4971252455
   3.1750000000  -0.4971733426
   3.2000000000  -0.4981869608
   3.2250000000  -0.4980225540
   3.2500000000  -0.4988031254
   3.2750000000  -0.4983937519
   3.3000000000  -0.4989155403
   3.3250000000  -0.4982423839
   3.3500000000  -0.4984936156
   3.3750000000  -0.4975519427
   3.4000000000  -0.4975348513
   3.4250000000  -0.4963336704
   3.4500000000  -0.4960637847
   3.4750000000  -0.4946247806
   3.5000000000  -0.4941295283
   3.5250000000  -0.4924853651
   3.5500000000  -0.4918021083
   3.5750000000  -0.4899942333
   3.6000000000  -0.4891678807
   3.6250000000  -0.4872439865
   3.6500000000  -0.4863243473
   3.6750000000  -0.4843356599
   3.7000000000  -0.4833747072
   3.7250000000  -0.4813732648
   3.7500000000  -0.4804224684
   3.7750000000  -0.4784585430
   3.8000000000  -0.4775664106
   3.8250000000  -0.4756861976
   3.8500000000  -0.4748961385
   3.8750000000  -0.4731398137
   3.9000000000  -0.4724884052
   3.9250000000  -0.4708886144
   3.9500000000  -0.4704043231
   3.9750000000  -0.4689851400
   4.0000000000  -0.4686875180
   4.0250000000  -0.4674638778
   4.0500000000  -0.4673632304
   4.0750000000  -0.4663408243
   4.1000000000  -0.4664383224
   4.1250000000  -0.4656139187
   4.1500000000  -0.4659021165
   4.1750000000  -0.4652642608
   4.2000000000  -0.4657279648
   4.2250000000  -0.4652580026
   4.2500000000  -0.4658754311
   4.2750000000  -0.4655487880
   4.3000000000  -0.4662929550
   4.3250000000  -0.4660806064
   4.3500000000  -0.4669208596
   4.3750000000  -0.4667909190
   4.4000000000  -0.4676945595
   4.4250000000  -0.4676139117
   4.4500000000  -0.4685478239
   4.4750000000  -0.4684837335
   4.5000000000  -0.4694159538
   4.5250000000  -0.4693375778
   4.5500000000  -0.4702387357
   4.5750000000  -0.4701184774
   4.6000000000  -0.4709630480
   4.6250000000  -0.4707776957
   4.6500000000  -0.4715450127
   4.6750000000  -0.4712766175
   4.7000000000  -0.4719516082
   4.7250000000  -0.4715880690
   4.7500000000  -0.4721616852
   4.7750000000  -0.4716970238
   4.8000000000  -0.4721663606
   4.8250000000  -0.4716006861
   4.8500000000  -0.4719687959
   4.8750000000  -0.4713079739
   4.9000000000  -0.4715833982
   4.9250000000  -0.4708384553
   4.9500000000  -0.4710345125
   4.9750000000  -0.4702208183
   5.0000000000  -0.4703546941
