-200.8655802889   0.0000000000   0.0000029852
-200.4728812072   0.0000000000   0.0000089605
-200.0801821255   0.0000000000   0.0000149397
-199.6874830438   0.0000000000   0.0000209218
-199.2947839621   0.0000000000   0.0000269062
-198.9020848804   0.0000000000   0.0000328924
-198.5093857987   0.0000000000   0.0000388803
-198.1166867170   0.0000000000   0.0000448697
-197.7239876353   0.0000000000   0.0000508605
-197.3312885536   0.0000000000   0.0000568527
-196.9385894719   0.0000000000   0.0000628463
-196.5458903902   0.0000000000   0.0000688415
-196.1531913085   0.0000000000   0.0000748381
-195.7604922268   0.0000000000   0.0000808363
-195.3677931451   0.0000000000   0.0000868362
-194.9750940634   0.0000000000   0.0000928379
-194.5823949817   0.0000000000   0.0000988414
-194.1896959000   0.0000000000   0.0001048468
-193.7969968183   0.0000000000   0.0001108544
-193.4042977366   0.0000000000   0.0001168640
-193.0115986549   0.0000000000   0.0001228760
-192.6188995732   0.0000000000   0.0001288903
-192.2262004915   0.0000000000   0.0001349071
-191.8335014098   0.0000000000   0.0001409264
-191.4408023281   0.0000000000   0.0001469485
-191.0481032464   0.0000000000   0.0001529734
-190.6554041647   0.0000000000   0.0001590012
-190.2627050830   0.0000000000   0.0001650320
-189.8700060013   0.0000000000   0.0001710660
-189.4773069196   0.0000000000   0.0001771032
-189.0846078379   0.0000000000   0.0001831438
-188.6919087562   0.0000000000   0.0001891879
-188.2992096745   0.0000000000   0.0001952356
-187.9065105928   0.0000000000   0.0002012870
-187.5138115111   0.0000000000   0.0002073423
-187.1211124294   0.0000000000   0.0002134015
-186.7284133477   0.0000000000   0.0002194647
-186.3357142660   0.0000000000   0.0002255322
-185.9430151843   0.0000000000   0.0002316040
-185.5503161026   0.0000000000   0.0002376801
-185.1576170209   0.0000000000   0.0002437609
-184.7649179392   0.0000000000   0.0002498463
-184.3722188576   0.0000000000   0.0002559364
-183.9795197759   0.0000000000   0.0002620315
-183.5868206942   0.0000000000   0.0002681316
-183.1941216125   0.0000000000   0.0002742368
-182.8014225308   0.0000000000   0.0002803473
-182.4087234491   0.0000000000   0.0002864631
-182.0160243674   0.0000000000   0.0002925845
-181.6233252857   0.0000000000   0.0002987115
-181.2306262040   0.0000000000   0.0003048443
-180.8379271223   0.0000000000   0.0003109829
-180.4452280406   0.0000000000   0.0003171275
-180.0525289589   0.0000000000   0.0003232783
-179.6598298772   0.0000000000   0.0003294352
-179.2671307955   0.0000000000   0.0003355986
-178.8744317138   0.0000000000   0.0003417685
-178.4817326321   0.0000000000   0.0003479449
-178.0890335504   0.0000000000   0.0003541282
-177.6963344687   0.0000000000   0.0003603183
-177.3036353870   0.0000000000   0.0003665154
-176.9109363053   0.0000000000   0.0003727196
-176.5182372236   0.0000000000   0.0003789311
-176.1255381419   0.0000000000   0.0003851500
-175.7328390602   0.0000000000   0.0003913765
-175.3401399785   0.0000000000   0.0003976105
-174.9474408968   0.0000000000   0.0004038524
-174.5547418151   0.0000000000   0.0004101022
-174.1620427334   0.0000000000   0.0004163600
-173.7693436517   0.0000000000   0.0004226260
-173.3766445700   0.0000000000   0.0004289004
-172.9839454883   0.0000000000   0.0004351832
-172.5912464066   0.0000000000   0.0004414745
-172.1985473249   0.0000000000   0.0004477746
-171.8058482432   0.0000000000   0.0004540836
-171.4131491615   0.0000000000   0.0004604015
-171.0204500798   0.0000000000   0.0004667286
-170.6277509981   0.0000000000   0.0004730650
-170.2350519164   0.0000000000   0.0004794108
-169.8423528347   0.0000000000   0.0004857661
-169.4496537530   0.0000000000   0.0004921311
-169.0569546713   0.0000000000   0.0004985060
-168.6642555896   0.0000000000   0.0005048909
-168.2715565079   0.0000000000   0.0005112859
-167.8788574262   0.0000000000   0.0005176911
-167.4861583445   0.0000000000   0.0005241068
-167.0934592628   0.0000000000   0.0005305330
-166.7007601811   0.0000000000   0.0005369699
-166.3080610994   0.0000000000   0.0005434177
-165.9153620177   0.0000000000   0.0005498765
-165.5226629360   0.0000000000   0.0005563465
-165.1299638543   0.0000000000   0.0005628277
-164.7372647726   0.0000000000   0.0005693205
-164.3445656909   0.0000000000   0.0005758248
-163.9518666092   0.0000000000   0.0005823409
-163.5591675275   0.0000000000   0.0005888689
-163.1664684458   0.0000000000   0.0005954090
-162.7737693641   0.0000000000   0.0006019613
-162.3810702824   0.0000000000   0.0006085261
-161.9883712007   0.0000000000   0.0006151033
-161.5956721190   0.0000000000   0.0006216933
-161.2029730373   0.0000000000   0.0006282961
-160.8102739556   0.0000000000   0.0006349120
-160.4175748739   0.0000000000   0.0006415411
-160.0248757922   0.0000000000   0.0006481835
-159.6321767105   0.0000000000   0.0006548395
-159.2394776288   0.0000000000   0.0006615092
-158.8467785471   0.0000000000   0.0006681927
-158.4540794654   0.0000000000   0.0006748902
-158.0613803837   0.0000000000   0.0006816020
-157.6686813020   0.0000000000   0.0006883281
-157.2759822203   0.0000000000   0.0006950687
-156.8832831386   0.0000000000   0.0007018241
-156.4905840569   0.0000000000   0.0007085944
-156.0978849752   0.0000000000   0.0007153798
-155.7051858935   0.0000000000   0.0007221804
-155.3124868118   0.0000000000   0.0007289964
-154.9197877301   0.0000000000   0.0007358280
-154.5270886484   0.0000000000   0.0007426755
-154.1343895667   0.0000000000   0.0007495389
-153.7416904851   0.0000000000   0.0007564185
-153.3489914034   0.0000000000   0.0007633144
-152.9562923217   0.0000000000   0.0007702269
-152.5635932400   0.0000000000   0.0007771561
-152.1708941583   0.0000000000   0.0007841022
-151.7781950766   0.0000000000   0.0007910654
-151.3854959949   0.0000000000   0.0007980460
-150.9927969132   0.0000000000   0.0008050440
-150.6000978315   0.0000000000   0.0008120598
-150.2073987498   0.0000000000   0.0008190934
-149.8146996681   0.0000000000   0.0008261452
-149.4220005864   0.0000000000   0.0008332153
-149.0293015047   0.0000000000   0.0008403038
-148.6366024230   0.0000000000   0.0008474111
-148.2439033413   0.0000000000   0.0008545373
-147.8512042596   0.0000000000   0.0008616827
-147.4585051779   0.0000000000   0.0008688474
-147.0658060962   0.0000000000   0.0008760316
-146.6731070145   0.0000000000   0.0008832357
-146.2804079328   0.0000000000   0.0008904597
-145.8877088511   0.0000000000   0.0008977040
-145.4950097694   0.0000000000   0.0009049687
-145.1023106877   0.0000000000   0.0009122540
-144.7096116060   0.0000000000   0.0009195602
-144.3169125243   0.0000000000   0.0009268876
-143.9242134426   0.0000000000   0.0009342363
-143.5315143609   0.0000000000   0.0009416065
-143.1388152792   0.0000000000   0.0009489986
-142.7461161975   0.0000000000   0.0009564127
-142.3534171158   0.0000000000   0.0009638491
-141.9607180341   0.0000000000   0.0009713081
-141.5680189524   0.0000000000   0.0009787898
-141.1753198707   0.0000000000   0.0009862945
-140.7826207890   0.0000000000   0.0009938225
-140.3899217073   0.0000000000   0.0010013740
-139.9972226256   0.0000000000   0.0010089493
-139.6045235439   0.0000000000   0.0010165485
-139.2118244622   0.0000000000   0.0010241721
-138.8191253805   0.0000000000   0.0010318202
-138.4264262988   0.0000000000   0.0010394931
-138.0337272171   0.0000000000   0.0010471911
-137.6410281354   0.0000000000   0.0010549144
-137.2483290537   0.0000000000   0.0010626634
-136.8556299720   0.0000000000   0.0010704382
-136.4629308903   0.0000000000   0.0010782391
-136.0702318086   0.0000000000   0.0010860665
-135.6775327269   0.0000000000   0.0010939207
-135.2848336452   0.0000000000   0.0011018018
-134.8921345635   0.0000000000   0.0011097102
-134.4994354818   0.0000000000   0.0011176462
-134.1067364001   0.0000000000   0.0011256101
-133.7140373184   0.0000000000   0.0011336022
-133.3213382367   0.0000000000   0.0011416228
-132.9286391550   0.0000000000   0.0011496721
-132.5359400733   0.0000000000   0.0011577505
-132.1432409916   0.0000000000   0.0011658583
-131.7505419099   0.0000000000   0.0011739959
-131.3578428282   0.0000000000   0.0011821635
-130.9651437465   0.0000000000   0.0011903614
-130.5724446648   0.0000000000   0.0011985900
-130.1797455831   0.0000000000   0.0012068496
-129.7870465014   0.0000000000   0.0012151405
-129.3943474197   0.0000000000   0.0012234632
-129.0016483380   0.0000000000   0.0012318178
-128.6089492563   0.0000000000   0.0012402048
-128.2162501746   0.0000000000   0.0012486244
-127.8235510929   0.0000000000   0.0012570772
-127.4308520112   0.0000000000   0.0012655633
-127.0381529295   0.0000000000   0.0012740832
-126.6454538478   0.0000000000   0.0012826372
-126.2527547661   0.0000000000   0.0012912258
-125.8600556844   0.0000000000   0.0012998491
-125.4673566027   0.0000000000   0.0013085078
-125.0746575210   0.0000000000   0.0013172020
-124.6819584393   0.0000000000   0.0013259323
-124.2892593576   0.0000000000   0.0013346989
-123.8965602759   0.0000000000   0.0013435024
-123.5038611942   0.0000000000   0.0013523430
-123.1111621125   0.0000000000   0.0013612212
-122.7184630309   0.0000000000   0.0013701374
-122.3257639492   0.0000000000   0.0013790920
-121.9330648675   0.0000000000   0.0013880855
-121.5403657858   0.0000000000   0.0013971182
-121.1476667041   0.0000000000   0.0014061906
-120.7549676224   0.0000000000   0.0014153031
-120.3622685407   0.0000000000   0.0014244561
-119.9695694590   0.0000000000   0.0014336502
-119.5768703773   0.0000000000   0.0014428857
-119.1841712956   0.0000000000   0.0014521631
-118.7914722139   0.0000000000   0.0014614828
-118.3987731322   0.0000000000   0.0014708454
-118.0060740505   0.0000000000   0.0014802513
-117.6133749688   0.0000000000   0.0014897010
-117.2206758871   0.0000000000   0.0014991949
-116.8279768054   0.0000000000   0.0015087336
-116.4352777237   0.0000000000   0.0015183176
-116.0425786420   0.0000000000   0.0015279473
-115.6498795603   0.0000000000   0.0015376232
-115.2571804786   0.0000000000   0.0015473460
-114.8644813969   0.0000000000   0.0015571161
-114.4717823152   0.0000000000   0.0015669340
-114.0790832335   0.0000000000   0.0015768003
-113.6863841518   0.0000000000   0.0015867155
-113.2936850701   0.0000000000   0.0015966802
-112.9009859884   0.0000000000   0.0016066949
-112.5082869067   0.0000000000   0.0016167603
-112.1155878250   0.0000000000   0.0016268768
-111.7228887433   0.0000000000   0.0016370450
-111.3301896616   0.0000000000   0.0016472657
-110.9374905799   0.0000000000   0.0016575392
-110.5447914982   0.0000000000   0.0016678663
-110.1520924165   0.0000000000   0.0016782476
-109.7593933348   0.0000000000   0.0016886837
-109.3666942531   0.0000000000   0.0016991752
-108.9739951714   0.0000000000   0.0017097228
-108.5812960897   0.0000000000   0.0017203271
-108.1885970080   0.0000000000   0.0017309888
-107.7958979263   0.0000000000   0.0017417085
-107.4031988446   0.0000000000   0.0017524870
-107.0104997629   0.0000000000   0.0017633248
-106.6178006812   0.0000000000   0.0017742228
-106.2251015995   0.0000000000   0.0017851816
-105.8324025178   0.0000000000   0.0017962019
-105.4397034361   0.0000000000   0.0018072845
-105.0470043544   0.0000000000   0.0018184300
-104.6543052727   0.0000000000   0.0018296393
-104.2616061910   0.0000000000   0.0018409132
-103.8689071093   0.0000000000   0.0018522523
-103.4762080276   0.0000000000   0.0018636575
-103.0835089459   0.0000000000   0.0018751295
-102.6908098642   0.0000000000   0.0018866692
-102.2981107825   0.0000000000   0.0018982774
-101.9054117008   0.0000000000   0.0019099549
-101.5127126191   0.0000000000   0.0019217025
-101.1200135374   0.0000000000   0.0019335212
-100.7273144557   0.0000000000   0.0019454117
-100.3346153740   0.0000000000   0.0019573751
 -99.9419162923   0.0000000000   0.0019694120
 -99.5492172106   0.0000000000   0.0019815236
 -99.1565181289   0.0000000000   0.0019937106
 -98.7638190472   0.0000000000   0.0020059741
 -98.3711199655   0.0000000000   0.0020183150
 -97.9784208838   0.0000000000   0.0020307342
 -97.5857218021   0.0000000000   0.0020432328
 -97.1930227204   0.0000000000   0.0020558117
 -96.8003236387   0.0000000000   0.0020684719
 -96.4076245570   0.0000000000   0.0020812146
 -96.0149254753   0.0000000000   0.0020940406
 -95.6222263936   0.0000000000   0.0021069512
 -95.2295273119   0.0000000000   0.0021199473
 -94.8368282302   0.0000000000   0.0021330301
 -94.4441291485   0.0000000000   0.0021462007
 -94.0514300668   0.0000000000   0.0021594603
 -93.6587309851   0.0000000000   0.0021728099
 -93.2660319034   0.0000000000   0.0021862508
 -92.8733328217   0.0000000000   0.0021997841
 -92.4806337400   0.0000000000   0.0022134111
 -92.0879346584   0.0000000000   0.0022271330
 -91.6952355767   0.0000000000   0.0022409510
 -91.3025364950   0.0000000000   0.0022548665
 -90.9098374133   0.0000000000   0.0022688807
 -90.5171383316   0.0000000000   0.0022829949
 -90.1244392499   0.0000000000   0.0022972105
 -89.7317401682   0.0000000000   0.0023115288
 -89.3390410865   0.0000000000   0.0023259513
 -88.9463420048   0.0000000000   0.0023404794
 -88.5536429231   0.0000000000   0.0023551144
 -88.1609438414   0.0000000000   0.0023698579
 -87.7682447597   0.0000000000   0.0023847113
 -87.3755456780   0.0000000000   0.0023996761
 -86.9828465963   0.0000000000   0.0024147540
 -86.5901475146   0.0000000000   0.0024299464
 -86.1974484329   0.0000000000   0.0024452550
 -85.8047493512   0.0000000000   0.0024606813
 -85.4120502695   0.0000000000   0.0024762271
 -85.0193511878   0.0000000000   0.0024918940
 -84.6266521061   0.0000000000   0.0025076838
 -84.2339530244   0.0000000000   0.0025235982
 -83.8412539427   0.0000000000   0.0025396389
 -83.4485548610   0.0000000000   0.0025558078
 -83.0558557793   0.0000000000   0.0025721068
 -82.6631566976   0.0000000000   0.0025885377
 -82.2704576159   0.0000000000   0.0026051024
 -81.8777585342   0.0000000000   0.0026218029
 -81.4850594525   0.0000000000   0.0026386412
 -81.0923603708   0.0000000000   0.0026556193
 -80.6996612891   0.0000000000   0.0026727393
 -80.3069622074   0.0000000000   0.0026900033
 -79.9142631257   0.0000000000   0.0027074134
 -79.5215640440   0.0000000000   0.0027249718
 -79.1288649623   0.0000000000   0.0027426809
 -78.7361658806   0.0000000000   0.0027605427
 -78.3434667989   0.0000000000   0.0027785597
 -77.9507677172   0.0000000000   0.0027967343
 -77.5580686355   0.0000000000   0.0028150688
 -77.1653695538   0.0000000000   0.0028335658
 -76.7726704721   0.0000000000   0.0028522277
 -76.3799713904   0.0000000000   0.0028710571
 -75.9872723087   0.0000000000   0.0028900566
 -75.5945732270   0.0000000000   0.0029092289
 -75.2018741453   0.0000000000   0.0029285768
 -74.8091750636   0.0000000000   0.0029481029
 -74.4164759819   0.0000000000   0.0029678103
 -74.0237769002   0.0000000000   0.0029877017
 -73.6310778185   0.0000000000   0.0030077801
 -73.2383787368   0.0000000000   0.0030280486
 -72.8456796551   0.0000000000   0.0030485102
 -72.4529805734   0.0000000000   0.0030691682
 -72.0602814917   0.0000000000   0.0030900257
 -71.6675824100   0.0000000000   0.0031110860
 -71.2748833283   0.0000000000   0.0031323525
 -70.8821842466   0.0000000000   0.0031538287
 -70.4894851649   0.0000000000   0.0031755180
 -70.0967860832   0.0000000000   0.0031974241
 -69.7040870015   0.0000000000   0.0032195506
 -69.3113879198   0.0000000000   0.0032419013
 -68.9186888381   0.0000000000   0.0032644801
 -68.5259897564   0.0000000000   0.0032872908
 -68.1332906747   0.0000000000   0.0033103375
 -67.7405915930   0.0000000000   0.0033336244
 -67.3478925113   0.0000000000   0.0033571555
 -66.9551934296   0.0000000000   0.0033809353
 -66.5624943479   0.0000000000   0.0034049681
 -66.1697952662   0.0000000000   0.0034292584
 -65.7770961845   0.0000000000   0.0034538109
 -65.3843971028   0.0000000000   0.0034786302
 -64.9916980211   0.0000000000   0.0035037213
 -64.5989989394   0.0000000000   0.0035290891
 -64.2062998577   0.0000000000   0.0035547386
 -63.8136007760   0.0000000000   0.0035806751
 -63.4209016943   0.0000000000   0.0036069038
 -63.0282026126   0.0000000000   0.0036334303
 -62.6355035309   0.0000000000   0.0036602601
 -62.2428044492   0.0000000000   0.0036873989
 -61.8501053675   0.0000000000   0.0037148527
 -61.4574062859   0.0000000000   0.0037426275
 -61.0647072042   0.0000000000   0.0037707294
 -60.6720081225   0.0000000000   0.0037991648
 -60.2793090408   0.0000000000   0.0038279402
 -59.8866099591   0.0000000000   0.0038570622
 -59.4939108774   0.0000000000   0.0038865377
 -59.1012117957   0.0000000000   0.0039163737
 -58.7085127140   0.0000000000   0.0039465774
 -58.3158136323   0.0000000000   0.0039771563
 -57.9231145506   0.0000000000   0.0040081178
 -57.5304154689   0.0000000000   0.0040394699
 -57.1377163872   0.0000000000   0.0040712206
 -56.7450173055   0.0000000000   0.0041033780
 -56.3523182238   0.0000000000   0.0041359506
 -55.9596191421   0.0000000000   0.0041689471
 -55.5669200604   0.0000000000   0.0042023766
 -55.1742209787   0.0000000000   0.0042362480
 -54.7815218970   0.0000000000   0.0042705710
 -54.3888228153   0.0000000000   0.0043053552
 -53.9961237336   0.0000000000   0.0043406107
 -53.6034246519   0.0000000000   0.0043763476
 -53.2107255702   0.0000000000   0.0044125766
 -52.8180264885   0.0000000000   0.0044493086
 -52.4253274068   0.0000000000   0.0044865549
 -52.0326283251   0.0000000000   0.0045243269
 -51.6399292434   0.0000000000   0.0045626365
 -51.2472301617   0.0000000000   0.0046014961
 -50.8545310800   0.0000000000   0.0046409182
 -50.4618319983   0.0000000000   0.0046809159
 -50.0691329166   0.0000000000   0.0047215026
 -49.6764338349   0.0000000000   0.0047626922
 -49.2837347532   0.0000000000   0.0048044988
 -48.8910356715   0.0000000000   0.0048469373
 -48.4983365898   0.0000000000   0.0048900228
 -48.1056375081   0.0000000000   0.0049337710
 -47.7129384264   0.0000000000   0.0049781982
 -47.3202393447   0.0000000000   0.0050233209
 -46.9275402630   0.0000000000   0.0050691566
 -46.5348411813   0.0000000000   0.0051157230
 -46.1421420996   0.0000000000   0.0051630386
 -45.7494430179   0.0000000000   0.0052111224
 -45.3567439362   0.0000000000   0.0052599942
 -44.9640448545   0.0000000000   0.0053096743
 -44.5713457728   0.0000000000   0.0053601839
 -44.1786466911   0.0000000000   0.0054115447
 -43.7859476094   0.0000000000   0.0054637794
 -43.3932485277   0.0000000000   0.0055169114
 -43.0005494460   0.0000000000   0.0055709648
 -42.6078503643   0.0000000000   0.0056259649
 -42.2151512826   0.0000000000   0.0056819377
 -41.8224522009   0.0000000000   0.0057389101
 -41.4297531192   0.0000000000   0.0057969101
 -41.0370540375   0.0000000000   0.0058559667
 -40.6443549558   0.0000000000   0.0059161102
 -40.2516558741   0.0000000000   0.0059773717
 -39.8589567924   0.0000000000   0.0060397838
 -39.4662577107   0.0000000000   0.0061033803
 -39.0735586290   0.0000000000   0.0061681961
 -38.6808595473   0.0000000000   0.0062342679
 -38.2881604656   0.0000000000   0.0063016334
 -37.8954613839   0.0000000000   0.0063703322
 -37.5027623022   0.0000000000   0.0064404054
 -37.1100632205   0.0000000000   0.0065118956
 -36.7173641388   0.0000000000   0.0065848476
 -36.3246650571   0.0000000000   0.0066593076
 -35.9319659754   0.0000000000   0.0067353241
 -35.5392668937   0.0000000000   0.0068129476
 -35.1465678120   0.0000000000   0.0068922307
 -34.7538687303   0.0000000000   0.0069732284
 -34.3611696486   0.0000000000   0.0070559982
 -33.9684705669   0.0000000000   0.0071406000
 -33.5757714852   0.0000000000   0.0072270965
 -33.1830724035   0.0000000000   0.0073155534
 -32.7903733218   0.0000000000   0.0074060391
 -32.3976742401   0.0000000000   0.0074986257
 -32.0049751584   0.0000000000   0.0075933883
 -31.6122760767   0.0000000000   0.0076904058
 -31.2195769950   0.0000000000   0.0077897608
 -30.8268779133   0.0000000000   0.0078915401
 -30.4341788317   0.0000000000   0.0079958347
 -30.0414797500   0.0000000000   0.0081027402
 -29.6487806683   0.0000000000   0.0082123572
 -29.2560815866   0.0000000000   0.0083247912
 -28.8633825049   0.0000000000   0.0084401534
 -28.4706834232   0.0000000000   0.0085585609
 -28.0779843415   0.0000000000   0.0086801369
 -27.6852852598   0.0000000000   0.0088050114
 -27.2925861781   0.0000000000   0.0089333214
 -26.8998870964   0.0000000000   0.0090652118
 -26.5071880147   0.0000000000   0.0092008352
 -26.1144889330   0.0000000000   0.0093403534
 -25.7217898513   0.0000000000   0.0094839372
 -25.3290907696   0.0000000000   0.0096317676
 -24.9363916879   0.0000000000   0.0097840364
 -24.5436926062   0.0000000000   0.0099409466
 -24.1509935245   0.0000000000   0.0101027142
 -23.7582944428   0.0000000000   0.0102695681
 -23.3655953611   0.0000000000   0.0104417519
 -22.9728962794   0.0000000000   0.0106195247
 -22.5801971977   0.0000000000   0.0108031622
 -22.1874981160   0.0000000000   0.0109929586
 -21.7947990343   0.0000000000   0.0111892274
 -21.4020999526   0.0000000000   0.0113923037
 -21.0094008709   0.0000000000   0.0116025455
 -20.6167017892   0.0000000000   0.0118203358
 -20.2240027075   0.0000000000   0.0120460850
 -19.8313036258   0.0000000000   0.0122802332
 -19.4386045441   0.0000000000   0.0125232525
 -19.0459054624   0.0000000000   0.0127756505
 -18.6532063807   0.0000000000   0.0130379735
 -18.2605072990   0.0000000000   0.0133108095
 -17.8678082173   0.0000000000   0.0135947930
 -17.4751091356   0.0000000000   0.0138906089
 -17.0824100539   0.0000000000   0.0141989980
 -16.6897109722   0.0000000000   0.0145207619
 -16.2970118905   0.0000000000   0.0148567699
 -15.9043128088   0.0000000000   0.0152079651
 -15.5116137271   0.0000000000   0.0155753732
 -15.1189146454   0.0000000000   0.0159601100
 -14.7262155637   0.0000000000   0.0163633922
 -14.3335164820   0.0000000000   0.0167865474
 -13.9408174003   0.0000000000   0.0172310269
 -13.5481183186   0.0000000000   0.0176984192
 -13.1554192369   0.0000000000   0.0181904654
 -12.7627201552   0.0000000000   0.0187090766
 -12.3700210735   0.0000000000   0.0192563527
 -11.9773219918   0.0000000000   0.0198346046
 -11.5846229101   0.0000000000   0.0204463776
 -11.1919238284   0.0000000000   0.0210944785
 -10.7992247467   0.0000000000   0.0217820041
 -10.4065256650   0.0000000000   0.0225123734
 -10.0138265833   0.0000000000   0.0232893610
  -9.6211275016   0.0000000000   0.0241171329
  -9.2284284199   0.0000000000   0.0250002817
  -8.8357293382   0.0000000000   0.0259438601
  -8.4430302565   0.0000000000   0.0269534082
  -8.0503311748   0.0000000001   0.0280349686
  -7.6576320931   0.0000000001   0.0291950798
  -7.2649330114   0.0000000001   0.0304407317
  -6.8722339297   0.0000000001   0.0317792589
  -6.4795348480   0.0000000001   0.0332181324
  -6.0868357663   0.0000000001   0.0347645903
  -5.6941366846   0.0000000001   0.0364250087
  -5.3014376029   0.0000000001   0.0382038610
  -4.9087385212   0.0000000002   0.0401020210
  -4.5160394395   0.0000000002   0.0421140180
  -4.1233403578   0.0000000002   0.0442236128
  -3.7306412761   0.0000000003   0.0463966743
  -3.3379421944   0.0000000003   0.0485696970
  -2.9452431127   0.0000000004   0.0506312713
  -2.5525440310   0.0000000005   0.0523921599
  -2.1598449493   0.0000000007   0.0535370791
  -1.7671458676   0.0000000009   0.0535475745
  -1.3744467859   0.0000000013   0.0515808572
  -0.9817477042   0.0000000019   0.0462865565
  -0.5890486225   0.0000000028   0.0355508046
  -0.1963495408   0.0000000046   0.0161982627
   0.1963495408   0.0000000046  -0.0161982627
   0.5890486225   0.0000000028  -0.0355508046
   0.9817477042   0.0000000019  -0.0462865565
   1.3744467859   0.0000000013  -0.0515808572
   1.7671458676   0.0000000009  -0.0535475745
   2.1598449493   0.0000000007  -0.0535370791
   2.5525440310   0.0000000005  -0.0523921599
   2.9452431127   0.0000000004  -0.0506312713
   3.3379421944   0.0000000003  -0.0485696970
   3.7306412761   0.0000000003  -0.0463966743
   4.1233403578   0.0000000002  -0.0442236128
   4.5160394395   0.0000000002  -0.0421140180
   4.9087385212   0.0000000002  -0.0401020210
   5.3014376029   0.0000000001  -0.0382038610
   5.6941366846   0.0000000001  -0.0364250087
   6.0868357663   0.0000000001  -0.0347645903
   6.4795348480   0.0000000001  -0.0332181324
   6.8722339297   0.0000000001  -0.0317792589
   7.2649330114   0.0000000001  -0.0304407317
   7.6576320931   0.0000000001  -0.0291950798
   8.0503311748   0.0000000001  -0.0280349686
   8.4430302565   0.0000000000  -0.0269534082
   8.8357293382   0.0000000000  -0.0259438601
   9.2284284199   0.0000000000  -0.0250002817
   9.6211275016   0.0000000000  -0.0241171329
  10.0138265833   0.0000000000  -0.0232893610
  10.4065256650   0.0000000000  -0.0225123734
  10.7992247467   0.0000000000  -0.0217820041
  11.1919238284   0.0000000000  -0.0210944785
  11.5846229101   0.0000000000  -0.0204463776
  11.9773219918   0.0000000000  -0.0198346046
  12.3700210735   0.0000000000  -0.0192563527
  12.7627201552   0.0000000000  -0.0187090766
  13.1554192369   0.0000000000  -0.0181904654
  13.5481183186   0.0000000000  -0.0176984192
  13.9408174003   0.0000000000  -0.0172310269
  14.3335164820   0.0000000000  -0.0167865474
  14.7262155637   0.0000000000  -0.0163633922
  15.1189146454   0.0000000000  -0.0159601100
  15.5116137271   0.0000000000  -0.0155753732
  15.9043128088   0.0000000000  -0.0152079651
  16.2970118905   0.0000000000  -0.0148567699
  16.6897109722   0.0000000000  -0.0145207619
  17.0824100539   0.0000000000  -0.0141989980
  17.4751091356   0.0000000000  -0.0138906089
  17.8678082173   0.0000000000  -0.0135947930
  18.2605072990   0.0000000000  -0.0133108095
  18.6532063807   0.0000000000  -0.0130379735
  19.0459054624   0.0000000000  -0.0127756505
  19.4386045441   0.0000000000  -0.0125232525
  19.8313036258   0.0000000000  -0.0122802332
  20.2240027075   0.0000000000  -0.0120460850
  20.6167017892   0.0000000000  -0.0118203358
  21.0094008709   0.0000000000  -0.0116025455
  21.4020999526   0.0000000000  -0.0113923037
  21.7947990343   0.0000000000  -0.0111892274
  22.1874981160   0.0000000000  -0.0109929586
  22.5801971977   0.0000000000  -0.0108031622
  22.9728962794   0.0000000000  -0.0106195247
  23.3655953611   0.0000000000  -0.0104417519
  23.7582944428   0.0000000000  -0.0102695681
  24.1509935245   0.0000000000  -0.0101027142
  24.5436926062   0.0000000000  -0.0099409466
  24.9363916879   0.0000000000  -0.0097840364
  25.3290907696   0.0000000000  -0.0096317676
  25.7217898513   0.0000000000  -0.0094839372
  26.1144889330   0.0000000000  -0.0093403534
  26.5071880147   0.0000000000  -0.0092008352
  26.8998870964   0.0000000000  -0.0090652118
  27.2925861781   0.0000000000  -0.0089333214
  27.6852852598   0.0000000000  -0.0088050114
  28.0779843415   0.0000000000  -0.0086801369
  28.4706834232   0.0000000000  -0.0085585609
  28.8633825049   0.0000000000  -0.0084401534
  29.2560815866   0.0000000000  -0.0083247912
  29.6487806683   0.0000000000  -0.0082123572
  30.0414797500   0.0000000000  -0.0081027402
  30.4341788317   0.0000000000  -0.0079958347
  30.8268779133   0.0000000000  -0.0078915401
  31.2195769950   0.0000000000  -0.0077897608
  31.6122760767   0.0000000000  -0.0076904058
  32.0049751584   0.0000000000  -0.0075933883
  32.3976742401   0.0000000000  -0.0074986257
  32.7903733218   0.0000000000  -0.0074060391
  33.1830724035   0.0000000000  -0.0073155534
  33.5757714852   0.0000000000  -0.0072270965
  33.9684705669   0.0000000000  -0.0071406000
  34.3611696486   0.0000000000  -0.0070559982
  34.7538687303   0.0000000000  -0.0069732284
  35.1465678120   0.0000000000  -0.0068922307
  35.5392668937   0.0000000000  -0.0068129476
  35.9319659754   0.0000000000  -0.0067353241
  36.3246650571   0.0000000000  -0.0066593076
  36.7173641388   0.0000000000  -0.0065848476
  37.1100632205   0.0000000000  -0.0065118956
  37.5027623022   0.0000000000  -0.0064404054
  37.8954613839   0.0000000000  -0.0063703322
  38.2881604656   0.0000000000  -0.0063016334
  38.6808595473   0.0000000000  -0.0062342679
  39.0735586290   0.0000000000  -0.0061681961
  39.4662577107   0.0000000000  -0.0061033803
  39.8589567924   0.0000000000  -0.0060397838
  40.2516558741   0.0000000000  -0.0059773717
  40.6443549558   0.0000000000  -0.0059161102
  41.0370540375   0.0000000000  -0.0058559667
  41.4297531192   0.0000000000  -0.0057969101
  41.8224522009   0.0000000000  -0.0057389101
  42.2151512826   0.0000000000  -0.0056819377
  42.6078503643   0.0000000000  -0.0056259649
  43.0005494460   0.0000000000  -0.0055709648
  43.3932485277   0.0000000000  -0.0055169114
  43.7859476094   0.0000000000  -0.0054637794
  44.1786466911   0.0000000000  -0.0054115447
  44.5713457728   0.0000000000  -0.0053601839
  44.9640448545   0.0000000000  -0.0053096743
  45.3567439362   0.0000000000  -0.0052599942
  45.7494430179   0.0000000000  -0.0052111224
  46.1421420996   0.0000000000  -0.0051630386
  46.5348411813   0.0000000000  -0.0051157230
  46.9275402630   0.0000000000  -0.0050691566
  47.3202393447   0.0000000000  -0.0050233209
  47.7129384264   0.0000000000  -0.0049781982
  48.1056375081   0.0000000000  -0.0049337710
  48.4983365898   0.0000000000  -0.0048900228
  48.8910356715   0.0000000000  -0.0048469373
  49.2837347532   0.0000000000  -0.0048044988
  49.6764338349   0.0000000000  -0.0047626922
  50.0691329166   0.0000000000  -0.0047215026
  50.4618319983   0.0000000000  -0.0046809159
  50.8545310800   0.0000000000  -0.0046409182
  51.2472301617   0.0000000000  -0.0046014961
  51.6399292434   0.0000000000  -0.0045626365
  52.0326283251   0.0000000000  -0.0045243269
  52.4253274068   0.0000000000  -0.0044865549
  52.8180264885   0.0000000000  -0.0044493086
  53.2107255702   0.0000000000  -0.0044125766
  53.6034246519   0.0000000000  -0.0043763476
  53.9961237336   0.0000000000  -0.0043406107
  54.3888228153   0.0000000000  -0.0043053552
  54.7815218970   0.0000000000  -0.0042705710
  55.1742209787   0.0000000000  -0.0042362480
  55.5669200604   0.0000000000  -0.0042023766
  55.9596191421   0.0000000000  -0.0041689471
  56.3523182238   0.0000000000  -0.0041359506
  56.7450173055   0.0000000000  -0.0041033780
  57.1377163872   0.0000000000  -0.0040712206
  57.5304154689   0.0000000000  -0.0040394699
  57.9231145506   0.0000000000  -0.0040081178
  58.3158136323   0.0000000000  -0.0039771563
  58.7085127140   0.0000000000  -0.0039465774
  59.1012117957   0.0000000000  -0.0039163737
  59.4939108774   0.0000000000  -0.0038865377
  59.8866099591   0.0000000000  -0.0038570622
  60.2793090408   0.0000000000  -0.0038279402
  60.6720081225   0.0000000000  -0.0037991648
  61.0647072042   0.0000000000  -0.0037707294
  61.4574062859   0.0000000000  -0.0037426275
  61.8501053675   0.0000000000  -0.0037148527
  62.2428044492   0.0000000000  -0.0036873989
  62.6355035309   0.0000000000  -0.0036602601
  63.0282026126   0.0000000000  -0.0036334303
  63.4209016943   0.0000000000  -0.0036069038
  63.8136007760   0.0000000000  -0.0035806751
  64.2062998577   0.0000000000  -0.0035547386
  64.5989989394   0.0000000000  -0.0035290891
  64.9916980211   0.0000000000  -0.0035037213
  65.3843971028   0.0000000000  -0.0034786302
  65.7770961845   0.0000000000  -0.0034538109
  66.1697952662   0.0000000000  -0.0034292584
  66.5624943479   0.0000000000  -0.0034049681
  66.9551934296   0.0000000000  -0.0033809353
  67.3478925113   0.0000000000  -0.0033571555
  67.7405915930   0.0000000000  -0.0033336244
  68.1332906747   0.0000000000  -0.0033103375
  68.5259897564   0.0000000000  -0.0032872908
  68.9186888381   0.0000000000  -0.0032644801
  69.3113879198   0.0000000000  -0.0032419013
  69.7040870015   0.0000000000  -0.0032195506
  70.0967860832   0.0000000000  -0.0031974241
  70.4894851649   0.0000000000  -0.0031755180
  70.8821842466   0.0000000000  -0.0031538287
  71.2748833283   0.0000000000  -0.0031323525
  71.6675824100   0.0000000000  -0.0031110860
  72.0602814917   0.0000000000  -0.0030900257
  72.4529805734   0.0000000000  -0.0030691682
  72.8456796551   0.0000000000  -0.0030485102
  73.2383787368   0.0000000000  -0.0030280486
  73.6310778185   0.0000000000  -0.0030077801
  74.0237769002   0.0000000000  -0.0029877017
  74.4164759819   0.0000000000  -0.0029678103
  74.8091750636   0.0000000000  -0.0029481029
  75.2018741453   0.0000000000  -0.0029285768
  75.5945732270   0.0000000000  -0.0029092289
  75.9872723087   0.0000000000  -0.0028900566
  76.3799713904   0.0000000000  -0.0028710571
  76.7726704721   0.0000000000  -0.0028522277
  77.1653695538   0.0000000000  -0.0028335658
  77.5580686355   0.0000000000  -0.0028150688
  77.9507677172   0.0000000000  -0.0027967343
  78.3434667989   0.0000000000  -0.0027785597
  78.7361658806   0.0000000000  -0.0027605427
  79.1288649623   0.0000000000  -0.0027426809
  79.5215640440   0.0000000000  -0.0027249718
  79.9142631257   0.0000000000  -0.0027074134
  80.3069622074   0.0000000000  -0.0026900033
  80.6996612891   0.0000000000  -0.0026727393
  81.0923603708   0.0000000000  -0.0026556193
  81.4850594525   0.0000000000  -0.0026386412
  81.8777585342   0.0000000000  -0.0026218029
  82.2704576159   0.0000000000  -0.0026051024
  82.6631566976   0.0000000000  -0.0025885377
  83.0558557793   0.0000000000  -0.0025721068
  83.4485548610   0.0000000000  -0.0025558078
  83.8412539427   0.0000000000  -0.0025396389
  84.2339530244   0.0000000000  -0.0025235982
  84.6266521061   0.0000000000  -0.0025076838
  85.0193511878   0.0000000000  -0.0024918940
  85.4120502695   0.0000000000  -0.0024762271
  85.8047493512   0.0000000000  -0.0024606813
  86.1974484329   0.0000000000  -0.0024452550
  86.5901475146   0.0000000000  -0.0024299464
  86.9828465963   0.0000000000  -0.0024147540
  87.3755456780   0.0000000000  -0.0023996761
  87.7682447597   0.0000000000  -0.0023847113
  88.1609438414   0.0000000000  -0.0023698579
  88.5536429231   0.0000000000  -0.0023551144
  88.9463420048   0.0000000000  -0.0023404794
  89.3390410865   0.0000000000  -0.0023259513
  89.7317401682   0.0000000000  -0.0023115288
  90.1244392499   0.0000000000  -0.0022972105
  90.5171383316   0.0000000000  -0.0022829949
  90.9098374133   0.0000000000  -0.0022688807
  91.3025364950   0.0000000000  -0.0022548665
  91.6952355767   0.0000000000  -0.0022409510
  92.0879346584   0.0000000000  -0.0022271330
  92.4806337400   0.0000000000  -0.0022134111
  92.8733328217   0.0000000000  -0.0021997841
  93.2660319034   0.0000000000  -0.0021862508
  93.6587309851   0.0000000000  -0.0021728099
  94.0514300668   0.0000000000  -0.0021594603
  94.4441291485   0.0000000000  -0.0021462007
  94.8368282302   0.0000000000  -0.0021330301
  95.2295273119   0.0000000000  -0.0021199473
  95.6222263936   0.0000000000  -0.0021069512
  96.0149254753   0.0000000000  -0.0020940406
  96.4076245570   0.0000000000  -0.0020812146
  96.8003236387   0.0000000000  -0.0020684719
  97.1930227204   0.0000000000  -0.0020558117
  97.5857218021   0.0000000000  -0.0020432328
  97.9784208838   0.0000000000  -0.0020307342
  98.3711199655   0.0000000000  -0.0020183150
  98.7638190472   0.0000000000  -0.0020059741
  99.1565181289   0.0000000000  -0.0019937106
  99.5492172106   0.0000000000  -0.0019815236
  99.9419162923   0.0000000000  -0.0019694120
 100.3346153740   0.0000000000  -0.0019573751
 100.7273144557   0.0000000000  -0.0019454117
 101.1200135374   0.0000000000  -0.0019335212
 101.5127126191   0.0000000000  -0.0019217025
 101.9054117008   0.0000000000  -0.0019099549
 102.2981107825   0.0000000000  -0.0018982774
 102.6908098642   0.0000000000  -0.0018866692
 103.0835089459   0.0000000000  -0.0018751295
 103.4762080276   0.0000000000  -0.0018636575
 103.8689071093   0.0000000000  -0.0018522523
 104.2616061910   0.0000000000  -0.0018409132
 104.6543052727   0.0000000000  -0.0018296393
 105.0470043544   0.0000000000  -0.0018184300
 105.4397034361   0.0000000000  -0.0018072845
 105.8324025178   0.0000000000  -0.0017962019
 106.2251015995   0.0000000000  -0.0017851816
 106.6178006812   0.0000000000  -0.0017742228
 107.0104997629   0.0000000000  -0.0017633248
 107.4031988446   0.0000000000  -0.0017524870
 107.7958979263   0.0000000000  -0.0017417085
 108.1885970080   0.0000000000  -0.0017309888
 108.5812960897   0.0000000000  -0.0017203271
 108.9739951714   0.0000000000  -0.0017097228
 109.3666942531   0.0000000000  -0.0016991752
 109.7593933348   0.0000000000  -0.0016886837
 110.1520924165   0.0000000000  -0.0016782476
 110.5447914982   0.0000000000  -0.0016678663
 110.9374905799   0.0000000000  -0.0016575392
 111.3301896616   0.0000000000  -0.0016472657
 111.7228887433   0.0000000000  -0.0016370450
 112.1155878250   0.0000000000  -0.0016268768
 112.5082869067   0.0000000000  -0.0016167603
 112.9009859884   0.0000000000  -0.0016066949
 113.2936850701   0.0000000000  -0.0015966802
 113.6863841518   0.0000000000  -0.0015867155
 114.0790832335   0.0000000000  -0.0015768003
 114.4717823152   0.0000000000  -0.0015669340
 114.8644813969   0.0000000000  -0.0015571161
 115.2571804786   0.0000000000  -0.0015473460
 115.6498795603   0.0000000000  -0.0015376232
 116.0425786420   0.0000000000  -0.0015279473
 116.4352777237   0.0000000000  -0.0015183176
 116.8279768054   0.0000000000  -0.0015087336
 117.2206758871   0.0000000000  -0.0014991949
 117.6133749688   0.0000000000  -0.0014897010
 118.0060740505   0.0000000000  -0.0014802513
 118.3987731322   0.0000000000  -0.0014708454
 118.7914722139   0.0000000000  -0.0014614828
 119.1841712956   0.0000000000  -0.0014521631
 119.5768703773   0.0000000000  -0.0014428857
 119.9695694590   0.0000000000  -0.0014336502
 120.3622685407   0.0000000000  -0.0014244561
 120.7549676224   0.0000000000  -0.0014153031
 121.1476667041   0.0000000000  -0.0014061906
 121.5403657858   0.0000000000  -0.0013971182
 121.9330648675   0.0000000000  -0.0013880855
 122.3257639492   0.0000000000  -0.0013790920
 122.7184630309   0.0000000000  -0.0013701374
 123.1111621125   0.0000000000  -0.0013612212
 123.5038611942   0.0000000000  -0.0013523430
 123.8965602759   0.0000000000  -0.0013435024
 124.2892593576   0.0000000000  -0.0013346989
 124.6819584393   0.0000000000  -0.0013259323
 125.0746575210   0.0000000000  -0.0013172020
 125.4673566027   0.0000000000  -0.0013085078
 125.8600556844   0.0000000000  -0.0012998491
 126.2527547661   0.0000000000  -0.0012912258
 126.6454538478   0.0000000000  -0.0012826372
 127.0381529295   0.0000000000  -0.0012740832
 127.4308520112   0.0000000000  -0.0012655633
 127.8235510929   0.0000000000  -0.0012570772
 128.2162501746   0.0000000000  -0.0012486244
 128.6089492563   0.0000000000  -0.0012402048
 129.0016483380   0.0000000000  -0.0012318178
 129.3943474197   0.0000000000  -0.0012234632
 129.7870465014   0.0000000000  -0.0012151405
 130.1797455831   0.0000000000  -0.0012068496
 130.5724446648   0.0000000000  -0.0011985900
 130.9651437465   0.0000000000  -0.0011903614
 131.3578428282   0.0000000000  -0.0011821635
 131.7505419099   0.0000000000  -0.0011739959
 132.1432409916   0.0000000000  -0.0011658583
 132.5359400733   0.0000000000  -0.0011577505
 132.9286391550   0.0000000000  -0.0011496721
 133.3213382367   0.0000000000  -0.0011416228
 133.7140373184   0.0000000000  -0.0011336022
 134.1067364001   0.0000000000  -0.0011256101
 134.4994354818   0.0000000000  -0.0011176462
 134.8921345635   0.0000000000  -0.0011097102
 135.2848336452   0.0000000000  -0.0011018018
 135.6775327269   0.0000000000  -0.0010939207
 136.0702318086   0.0000000000  -0.0010860665
 136.4629308903   0.0000000000  -0.0010782391
 136.8556299720   0.0000000000  -0.0010704382
 137.2483290537   0.0000000000  -0.0010626634
 137.6410281354   0.0000000000  -0.0010549144
 138.0337272171   0.0000000000  -0.0010471911
 138.4264262988   0.0000000000  -0.0010394931
 138.8191253805   0.0000000000  -0.0010318202
 139.2118244622   0.0000000000  -0.0010241721
 139.6045235439   0.0000000000  -0.0010165485
 139.9972226256   0.0000000000  -0.0010089493
 140.3899217073   0.0000000000  -0.0010013740
 140.7826207890   0.0000000000  -0.0009938225
 141.1753198707   0.0000000000  -0.0009862945
 141.5680189524   0.0000000000  -0.0009787898
 141.9607180341   0.0000000000  -0.0009713081
 142.3534171158   0.0000000000  -0.0009638491
 142.7461161975   0.0000000000  -0.0009564127
 143.1388152792   0.0000000000  -0.0009489986
 143.5315143609   0.0000000000  -0.0009416065
 143.9242134426   0.0000000000  -0.0009342363
 144.3169125243   0.0000000000  -0.0009268876
 144.7096116060   0.0000000000  -0.0009195602
 145.1023106877   0.0000000000  -0.0009122540
 145.4950097694   0.0000000000  -0.0009049687
 145.8877088511   0.0000000000  -0.0008977040
 146.2804079328   0.0000000000  -0.0008904597
 146.6731070145   0.0000000000  -0.0008832357
 147.0658060962   0.0000000000  -0.0008760316
 147.4585051779   0.0000000000  -0.0008688474
 147.8512042596   0.0000000000  -0.0008616827
 148.2439033413   0.0000000000  -0.0008545373
 148.6366024230   0.0000000000  -0.0008474111
 149.0293015047   0.0000000000  -0.0008403038
 149.4220005864   0.0000000000  -0.0008332153
 149.8146996681   0.0000000000  -0.0008261452
 150.2073987498   0.0000000000  -0.0008190934
 150.6000978315   0.0000000000  -0.0008120598
 150.9927969132   0.0000000000  -0.0008050440
 151.3854959949   0.0000000000  -0.0007980460
 151.7781950766   0.0000000000  -0.0007910654
 152.1708941583   0.0000000000  -0.0007841022
 152.5635932400   0.0000000000  -0.0007771561
 152.9562923217   0.0000000000  -0.0007702269
 153.3489914034   0.0000000000  -0.0007633144
 153.7416904851   0.0000000000  -0.0007564185
 154.1343895667   0.0000000000  -0.0007495389
 154.5270886484   0.0000000000  -0.0007426755
 154.9197877301   0.0000000000  -0.0007358280
 155.3124868118   0.0000000000  -0.0007289964
 155.7051858935   0.0000000000  -0.0007221804
 156.0978849752   0.0000000000  -0.0007153798
 156.4905840569   0.0000000000  -0.0007085944
 156.8832831386   0.0000000000  -0.0007018241
 157.2759822203   0.0000000000  -0.0006950687
 157.6686813020   0.0000000000  -0.0006883281
 158.0613803837   0.0000000000  -0.0006816020
 158.4540794654   0.0000000000  -0.0006748902
 158.8467785471   0.0000000000  -0.0006681927
 159.2394776288   0.0000000000  -0.0006615092
 159.6321767105   0.0000000000  -0.0006548395
 160.0248757922   0.0000000000  -0.0006481835
 160.4175748739   0.0000000000  -0.0006415411
 160.8102739556   0.0000000000  -0.0006349120
 161.2029730373   0.0000000000  -0.0006282961
 161.5956721190   0.0000000000  -0.0006216933
 161.9883712007   0.0000000000  -0.0006151033
 162.3810702824   0.0000000000  -0.0006085261
 162.7737693641   0.0000000000  -0.0006019613
 163.1664684458   0.0000000000  -0.0005954090
 163.5591675275   0.0000000000  -0.0005888689
 163.9518666092   0.0000000000  -0.0005823409
 164.3445656909   0.0000000000  -0.0005758248
 164.7372647726   0.0000000000  -0.0005693205
 165.1299638543   0.0000000000  -0.0005628277
 165.5226629360   0.0000000000  -0.0005563465
 165.9153620177   0.0000000000  -0.0005498765
 166.3080610994   0.0000000000  -0.0005434177
 166.7007601811   0.0000000000  -0.0005369699
 167.0934592628   0.0000000000  -0.0005305330
 167.4861583445   0.0000000000  -0.0005241068
 167.8788574262   0.0000000000  -0.0005176911
 168.2715565079   0.0000000000  -0.0005112859
 168.6642555896   0.0000000000  -0.0005048909
 169.0569546713   0.0000000000  -0.0004985060
 169.4496537530   0.0000000000  -0.0004921311
 169.8423528347   0.0000000000  -0.0004857661
 170.2350519164   0.0000000000  -0.0004794108
 170.6277509981   0.0000000000  -0.0004730650
 171.0204500798   0.0000000000  -0.0004667286
 171.4131491615   0.0000000000  -0.0004604015
 171.8058482432   0.0000000000  -0.0004540836
 172.1985473249   0.0000000000  -0.0004477746
 172.5912464066   0.0000000000  -0.0004414745
 172.9839454883   0.0000000000  -0.0004351832
 173.3766445700   0.0000000000  -0.0004289004
 173.7693436517   0.0000000000  -0.0004226260
 174.1620427334   0.0000000000  -0.0004163600
 174.5547418151   0.0000000000  -0.0004101022
 174.9474408968   0.0000000000  -0.0004038524
 175.3401399785   0.0000000000  -0.0003976105
 175.7328390602   0.0000000000  -0.0003913765
 176.1255381419   0.0000000000  -0.0003851500
 176.5182372236   0.0000000000  -0.0003789311
 176.9109363053   0.0000000000  -0.0003727196
 177.3036353870   0.0000000000  -0.0003665154
 177.6963344687   0.0000000000  -0.0003603183
 178.0890335504   0.0000000000  -0.0003541282
 178.4817326321   0.0000000000  -0.0003479449
 178.8744317138   0.0000000000  -0.0003417685
 179.2671307955   0.0000000000  -0.0003355986
 179.6598298772   0.0000000000  -0.0003294352
 180.0525289589   0.0000000000  -0.0003232783
 180.4452280406   0.0000000000  -0.0003171275
 180.8379271223   0.0000000000  -0.0003109829
 181.2306262040   0.0000000000  -0.0003048443
 181.6233252857   0.0000000000  -0.0002987115
 182.0160243674   0.0000000000  -0.0002925845
 182.4087234491   0.0000000000  -0.0002864631
 182.8014225308   0.0000000000  -0.0002803473
 183.1941216125   0.0000000000  -0.0002742368
 183.5868206942   0.0000000000  -0.0002681316
 183.9795197759   0.0000000000  -0.0002620315
 184.3722188576   0.0000000000  -0.0002559364
 184.7649179392   0.0000000000  -0.0002498463
 185.1576170209   0.0000000000  -0.0002437609
 185.5503161026   0.0000000000  -0.0002376801
 185.9430151843   0.0000000000  -0.0002316040
 186.3357142660   0.0000000000  -0.0002255322
 186.7284133477   0.0000000000  -0.0002194647
 187.1211124294   0.0000000000  -0.0002134015
 187.5138115111   0.0000000000  -0.0002073423
 187.9065105928   0.0000000000  -0.0002012870
 188.2992096745   0.0000000000  -0.0001952356
 188.6919087562   0.0000000000  -0.0001891879
 189.0846078379   0.0000000000  -0.0001831438
 189.4773069196   0.0000000000  -0.0001771032
 189.8700060013   0.0000000000  -0.0001710660
 190.2627050830   0.0000000000  -0.0001650320
 190.6554041647   0.0000000000  -0.0001590012
 191.0481032464   0.0000000000  -0.0001529734
 191.4408023281   0.0000000000  -0.0001469485
 191.8335014098   0.0000000000  -0.0001409264
 192.2262004915   0.0000000000  -0.0001349071
 192.6188995732   0.0000000000  -0.0001288903
 193.0115986549   0.0000000000  -0.0001228760
 193.4042977366   0.0000000000  -0.0001168640
 193.7969968183   0.0000000000  -0.0001108544
 194.1896959000   0.0000000000  -0.0001048468
 194.5823949817   0.0000000000  -0.0000988414
 194.9750940634   0.0000000000  -0.0000928379
 195.3677931451   0.0000000000  -0.0000868362
 195.7604922268   0.0000000000  -0.0000808363
 196.1531913085   0.0000000000  -0.0000748381
 196.5458903902   0.0000000000  -0.0000688415
 196.9385894719   0.0000000000  -0.0000628463
 197.3312885536   0.0000000000  -0.0000568527
 197.7239876353   0.0000000000  -0.0000508605
 198.1166867170   0.0000000000  -0.0000448697
 198.5093857987   0.0000000000  -0.0000388803
 198.9020848804   0.0000000000  -0.0000328924
 199.2947839621   0.0000000000  -0.0000269062
 199.6874830438   0.0000000000  -0.0000209218
 200.0801821255   0.0000000000  -0.0000149397
 200.4728812072   0.0000000000  -0.0000089605
 200.8655802889   0.0000000000  -0.0000029852
