   0.0000000000  -0.8653354012
   0.0250000000  -0.8645841978
   0.0500000000  -0.8633511205
   0.0750000000  -0.8584432638
   0.1000000000  -0.8531663563
   0.1250000000  -0.8442971786
   0.1500000000  -0.8351631803
   0.1750000000  -0.8225785071
   0.2000000000  -0.8098889652
   0.2250000000  -0.7939434777
   0.2500000000  -0.7781010593
   0.2750000000  -0.7592425175
   0.3000000000  -0.7407332911
   0.3250000000  -0.7194832528
   0.3500000000  -0.6988561542
   0.3750000000  -0.6757884721
   0.4000000000  -0.6536332728
   0.4250000000  -0.6293517009
   0.4500000000  -0.6062767785
   0.4750000000  -0.5813929459
   0.5000000000  -0.5580040187
   0.5250000000  -0.5331168499
   0.5500000000  -0.5099976224
   0.5750000000  -0.4856750426
   0.6000000000  -0.4633704432
   0.6250000000  -0.4401339287
   0.6500000000  -0.4191363458
   0.6750000000  -0.3974486129
   0.7000000000  -0.3781872863
   0.7250000000  -0.3584431727
   0.7500000000  -0.3412766860
   0.7750000000  -0.3237970969
   0.8000000000  -0.3090087717
   0.8250000000  -0.2940374335
   0.8500000000  -0.2818333268
   0.8750000000  -0.2695360240
   0.9000000000  -0.2600451947
   0.9250000000  -0.2505111380
   0.9500000000  -0.2437878418
   0.9750000000  -0.2370328307
   1.0000000000  -0.2330603303
   1.0250000000  -0.2290314016
   1.0500000000  -0.2277271173
   1.0750000000  -0.2263084153
   1.1000000000  -0.2275301824
   1.1250000000  -0.2285498267
   1.1500000000  -0.2321030639
   1.1750000000  -0.2353408260
   1.2000000000  -0.2409864475
   1.2250000000  -0.2461820706
   1.2500000000  -0.2536449886
   1.2750000000  -0.2605069975
   1.3000000000  -0.2694850671
   1.3250000000  -0.2776999155
   1.3500000000  -0.2878731636
   1.3750000000  -0.2971145541
   1.4000000000  -0.3081545213
   1.4250000000  -0.3180927193
   1.4500000000  -0.3296717195
   1.4750000000  -0.3399826609
   1.5000000000  -0.3517827463
   1.5250000000  -0.3621567203
   1.5500000000  -0.3738781192
   1.5750000000  -0.3840277966
   1.6000000000  -0.3953965855
   1.6250000000  -0.4050641571
   1.6500000000  -0.4158389299
   1.6750000000  -0.4248021312
   1.7000000000  -0.4347794477
   1.7250000000  -0.4428562697
   1.7500000000  -0.4518746972
   1.7750000000  -0.4589266220
   1.8000000000  -0.4668692311
   1.8250000000  -0.4728028846
   1.8500000000  -0.4795981238
   1.8750000000  -0.4843653015
   1.9000000000  -0.4899862394
   1.9250000000  -0.4935823333
   1.9500000000  -0.4980443345
   1.9750000000  -0.5005052583
   2.0000000000  -0.5038622279
   2.0250000000  -0.5052600097
   2.0500000000  -0.5075994069
   2.0750000000  -0.5080366742
   2.1000000000  -0.5094735472
   2.1250000000  -0.5090771772
   2.1500000000  -0.5097475089
   2.1750000000  -0.5086617442
   2.2000000000  -0.5087154195
   2.2250000000  -0.5070947627
   2.2500000000  -0.5066884686
   2.2750000000  -0.5046906612
   2.3000000000  -0.5039810168
   2.3250000000  -0.5017603886
   2.3500000000  -0.5008975746
   2.3750000000  -0.4985990135
   2.4000000000  -0.4977211291
   2.4250000000  -0.4954748768
   2.4500000000  -0.4947032062
   2.4750000000  -0.4926206386
   2.5000000000  -0.4920559567
   2.5250000000  -0.4902264505
   2.5500000000  -0.4899464469
   2.5750000000  -0.4884353878
   2.6000000000  -0.4884932368
   2.6250000000  -0.4873411711
   2.6500000000  -0.4877652286
   2.6750000000  -0.4869881179
   2.7000000000  -0.4877826855
   2.7250000000  -0.4873731844
   2.7500000000  -0.4885202433
   2.7750000000  -0.4884498853
   2.8000000000  -0.4899116713
   2.8250000000  -0.4901338213
   2.8500000000  -0.4918560893
   2.8750000000  -0.4923094986
   2.9000000000  -0.4942253033
   2.9250000000  -0.4948380881
   2.9500000000  -0.4968718978
   2.9750000000  -0.4975657520
   3.0000000000  -0.4996377038
   3.0250000000  -0.5003321559
   3.0500000000  -0.5023622634
   3.0750000000  -0.5029787902
   3.1000000000  -0.5048909213
   3.1250000000  -0.5053567448
   3.1500000000  -0.5070822039
   3.1750000000  -0.5073336152
   3.2000000000  -0.5088141845
   3.2250000000  -0.5087992644
   3.2500000000  -0.5099895911
   3.2750000000  -0.5096702297
   3.3000000000  -0.5105394745
   3.3250000000  -0.5098926260
   3.3500000000  -0.5104253319
   3.3750000000  -0.5094434818
   3.4000000000  -0.5096396566
   3.4250000000  -0.5083305146
   3.4500000000  -0.5082049614
   3.4750000000  -0.5065904339
   3.5000000000  -0.5061713994
   3.5250000000  -0.5042859267
   3.5500000000  -0.5036131680
   3.5750000000  -0.5015015401
   3.6000000000  -0.5006239350
   3.6250000000  -0.4983387207
   3.6500000000  -0.4973115628
   3.6750000000  -0.4949102992
   3.7000000000  -0.4937924275
   3.7250000000  -0.4913347203
   3.7500000000  -0.4901856338
   3.7750000000  -0.4877303145
   3.8000000000  -0.4866074119
   3.8250000000  -0.4842098881
   3.8500000000  -0.4831659595
   3.8750000000  -0.4808758740
   3.9000000000  -0.4799569517
   3.9250000000  -0.4778162457
   3.9500000000  -0.4770598943
   3.9750000000  -0.4751013430
   4.0000000000  -0.4745354463
   4.0250000000  -0.4727817102
   4.0500000000  -0.4724237820
   4.0750000000  -0.4708869863
   4.1000000000  -0.4707440080
   4.1250000000  -0.4694258421
   4.1500000000  -0.4694946036
   4.1750000000  -0.4683869038
   4.2000000000  -0.4686548042
   4.2250000000  -0.4677405672
   4.2500000000  -0.4681868108
   4.2750000000  -0.4674415650
   4.3000000000  -0.4680386767
   4.3250000000  -0.4674321291
   4.3500000000  -0.4681477004
   4.3750000000  -0.4676455670
   4.4000000000  -0.4684441391
   4.4250000000  -0.4680100641
   4.4500000000  -0.4688550532
   4.4750000000  -0.4684525220
   4.5000000000  -0.4693080945
   4.5250000000  -0.4689022523
   4.5500000000  -0.4697350642
   4.5750000000  -0.4692943582
   4.6000000000  -0.4700750836
   4.6250000000  -0.4695726609
   4.6500000000  -0.4702772474
   4.6750000000  -0.4696920536
   4.7000000000  -0.4703026587
   4.7250000000  -0.4696202000
   4.7500000000  -0.4701257786
   4.7750000000  -0.4693385265
   4.8000000000  -0.4697350585
   4.8250000000  -0.4688424958
   4.8500000000  -0.4691328591
   4.8750000000  -0.4681411802
   4.9000000000  -0.4683346932
   4.9250000000  -0.4672561904
   4.9500000000  -0.4673678595
   4.9750000000  -0.4662200394
   5.0000000000  -0.4662695625
