   0.0000000000  -0.8653334932
   0.0250000000  -0.8652476481
   0.0500000000  -0.8623760918
   0.0750000000  -0.8591059612
   0.1000000000  -0.8521959428
   0.1250000000  -0.8449615408
   0.1500000000  -0.8341998302
   0.1750000000  -0.8232465648
   0.2000000000  -0.8089349377
   0.2250000000  -0.7946166903
   0.2500000000  -0.7771583474
   0.2750000000  -0.7599216465
   0.3000000000  -0.7398035512
   0.3250000000  -0.7201683050
   0.3500000000  -0.6979406466
   0.3750000000  -0.6764787155
   0.4000000000  -0.6527328184
   0.4250000000  -0.6300457493
   0.4500000000  -0.6053917354
   0.4750000000  -0.5820889006
   0.5000000000  -0.5571342832
   0.5250000000  -0.5338124836
   0.5500000000  -0.5091426556
   0.5750000000  -0.4863680044
   0.6000000000  -0.4625293211
   0.6250000000  -0.4408219513
   0.6500000000  -0.4183078306
   0.6750000000  -0.3981297018
   0.7000000000  -0.3773699111
   0.7250000000  -0.3591157612
   0.7500000000  -0.3404688468
   0.7750000000  -0.3244601565
   0.8000000000  -0.3082088176
   0.8250000000  -0.2946905316
   0.8500000000  -0.2810396430
   0.8750000000  -0.2701793287
   0.9000000000  -0.2592562707
   0.9250000000  -0.2511453741
   0.9500000000  -0.2430023231
   0.9750000000  -0.2376591943
   1.0000000000  -0.2322770508
   1.0250000000  -0.2296514445
   1.0500000000  -0.2269451134
   1.0750000000  -0.2269239109
   1.1000000000  -0.2267486902
   1.1250000000  -0.2291626315
   1.1500000000  -0.2313215032
   1.1750000000  -0.2359527462
   1.2000000000  -0.2402043963
   1.2250000000  -0.2467947454
   1.2500000000  -0.2528621517
   1.2750000000  -0.2611218061
   1.3000000000  -0.2687012428
   1.3250000000  -0.2783179115
   1.3500000000  -0.2870882123
   1.3750000000  -0.2977364304
   1.4000000000  -0.3073683380
   1.4250000000  -0.3187188018
   1.4500000000  -0.3288842134
   1.4750000000  -0.3406129290
   1.5000000000  -0.3509938274
   1.5250000000  -0.3627908489
   1.5500000000  -0.3730876939
   1.5750000000  -0.3846652139
   1.6000000000  -0.3946045599
   1.6250000000  -0.4057041131
   1.6500000000  -0.4150452200
   1.6750000000  -0.4254437697
   1.7000000000  -0.4339839952
   1.7250000000  -0.4434986988
   1.7500000000  -0.4510774872
   1.7750000000  -0.4595689773
   1.8000000000  -0.4660703113
   1.8250000000  -0.4734443827
   1.8500000000  -0.4787976201
   1.8750000000  -0.4850052806
   1.9000000000  -0.4891843671
   1.9250000000  -0.4942202788
   1.9500000000  -0.4972414027
   1.9750000000  -0.5011408156
   2.0000000000  -0.5030586359
   2.0250000000  -0.5058929830
   2.0500000000  -0.5067956324
   2.0750000000  -0.5086670152
   2.1000000000  -0.5086701272
   2.1250000000  -0.5097049648
   2.1500000000  -0.5089450152
   2.1750000000  -0.5092871593
   2.2000000000  -0.5079144305
   2.2250000000  -0.5077180594
   2.2500000000  -0.5058895397
   2.2750000000  -0.5053121384
   2.3000000000  -0.5031846535
   2.3250000000  -0.5023803633
   2.3500000000  -0.5001042086
   2.3750000000  -0.4992177970
   2.4000000000  -0.4969311004
   2.4250000000  -0.4960927557
   2.4500000000  -0.4939167522
   2.4750000000  -0.4932378599
   2.5000000000  -0.4912732084
   2.5250000000  -0.4908432121
   2.5500000000  -0.4891674318
   2.5750000000  -0.4890518323
   2.6000000000  -0.4877178877
   2.6250000000  -0.4879573840
   2.6500000000  -0.4869933976
   2.6750000000  -0.4876041285
   2.7000000000  -0.4870141606
   2.7250000000  -0.4879889693
   2.7500000000  -0.4877547669
   2.7750000000  -0.4890653736
   2.8000000000  -0.4891489585
   2.8250000000  -0.4907489005
   2.8500000000  -0.4910958453
   2.8750000000  -0.4929240218
   2.9000000000  -0.4934672388
   2.9250000000  -0.4954518812
   2.9500000000  -0.4961157412
   2.9750000000  -0.4981786205
   3.0000000000  -0.4988832110
   3.0250000000  -0.5009438922
   3.0500000000  -0.5016092241
   3.0750000000  -0.5035891796
   3.1000000000  -0.5041391631
   3.1250000000  -0.5059655720
   3.1500000000  -0.5063315937
   3.1750000000  -0.5079406689
   3.2000000000  -0.5080646282
   3.2250000000  -0.5094043428
   3.2500000000  -0.5092410318
   3.2750000000  -0.5102731441
   3.3000000000  -0.5097918896
   3.3250000000  -0.5104932049
   3.3500000000  -0.5096787300
   3.3750000000  -0.5100415740
   3.4000000000  -0.5088940734
   3.4250000000  -0.5089259918
   3.4500000000  -0.5074604559
   3.4750000000  -0.5071831931
   3.5000000000  -0.5054280496
   3.5250000000  -0.5048758918
   3.5500000000  -0.5028710668
   3.5750000000  -0.5020886633
   3.6000000000  -0.4998831858
   3.6250000000  -0.4989229835
   3.6500000000  -0.4965722755
   3.6750000000  -0.4954917121
   3.7000000000  -0.4930547146
   3.7250000000  -0.4919133222
   3.7500000000  -0.4894496065
   3.7750000000  -0.4883061715
   3.8000000000  -0.4858731766
   3.8250000000  -0.4847830911
   3.8500000000  -0.4824336149
   3.8750000000  -0.4814465358
   3.9000000000  -0.4792265862
   3.9250000000  -0.4783844969
   3.9500000000  -0.4763315843
   3.9750000000  -0.4756673281
   4.0000000000  -0.4738092551
   4.0250000000  -0.4733455822
   4.0500000000  -0.4716997589
   4.0750000000  -0.4714489020
   4.1000000000  -0.4700221885
   4.1250000000  -0.4699859565
   4.1500000000  -0.4687750097
   4.1750000000  -0.4689453656
   4.2000000000  -0.4679374456
   4.2250000000  -0.4682975135
   4.2500000000  -0.4674716858
   4.2750000000  -0.4679971179
   4.3000000000  -0.4673257740
   4.3250000000  -0.4679863924
   4.3500000000  -0.4674370002
   4.3750000000  -0.4681986239
   4.4000000000  -0.4677356148
   4.4250000000  -0.4685619757
   4.4500000000  -0.4681486723
   4.4750000000  -0.4690033273
   4.5000000000  -0.4686038203
   4.5250000000  -0.4694519684
   4.5500000000  -0.4690328568
   4.5750000000  -0.4698429820
   4.6000000000  -0.4693749005
   4.6250000000  -0.4701201710
   4.6500000000  -0.4695790445
   4.6750000000  -0.4702384130
   4.7000000000  -0.4696063906
   4.7250000000  -0.4701653594
   4.7500000000  -0.4694313994
   4.7750000000  -0.4698824276
   4.8000000000  -0.4690425219
   4.8250000000  -0.4693850745
   4.8500000000  -0.4684421190
   4.8750000000  -0.4686823705
   4.9000000000  -0.4676457034
   4.9250000000  -0.4677959274
   4.9500000000  -0.4666805745
   4.9750000000  -0.4667582622
   5.0000000000  -0.4655839374
