   0.0000000000000000      -0.53989905052061749     
   1.5625000000000000E-002 -0.53983237533523587     
   3.1250000000000000E-002 -0.53974553743937559     
   4.6875000000000000E-002 -0.53966217506293623     
   6.2500000000000000E-002 -0.53957735317221878     
   7.8125000000000000E-002 -0.53949336084466970     
   9.3750000000000000E-002 -0.53940886267259047     
  0.10937500000000000      -0.53932473678936221     
  0.12500000000000000      -0.53924036081564608     
  0.14062500000000000      -0.53915619926614899     
  0.15625000000000000      -0.53907189202581940     
  0.17187500000000000      -0.53898772651751292     
  0.18750000000000000      -0.53890346797525113     
  0.20312500000000000      -0.53881931177724807     
  0.21875000000000000      -0.53873509277121567     
  0.23437500000000000      -0.53865095239324146     
  0.25000000000000000      -0.53856676814721915     
  0.26562500000000000      -0.53848264714971850     
  0.28125000000000000      -0.53839849493093195     
  0.29687500000000000      -0.53831439542210258     
  0.31250000000000000      -0.53823027355362862     
  0.32812500000000000      -0.53814619685922194     
  0.34375000000000000      -0.53806210425347867     
  0.35937500000000000      -0.53797805124728160     
  0.37500000000000000      -0.53789398716807779     
  0.39062500000000000      -0.53780995844890167     
  0.40625000000000000      -0.53772592237875172     
  0.42187500000000000      -0.53764191836884834     
  0.43750000000000000      -0.53755790993261265     
  0.45312500000000000      -0.53747393093835549     
  0.46875000000000000      -0.53738994985707245     
  0.48437500000000000      -0.53730599610488350     
  0.50000000000000000      -0.53722204216597103     
  0.51562500000000000      -0.53713811382646182     
  0.53125000000000000      -0.53705418686448703     
  0.54687500000000000      -0.53697028406806424     
  0.56250000000000000      -0.53688638395232124     
  0.57812500000000000      -0.53680250679991559     
  0.59375000000000000      -0.53671863342490300     
  0.60937500000000000      -0.53663478199517667     
  0.62500000000000000      -0.53655093527441600     
  0.64062500000000000      -0.53646710962950273     
  0.65625000000000000      -0.53638328949162961     
  0.67187500000000000      -0.53629948968082974     
  0.68750000000000000      -0.53621569606574848     
  0.70312500000000000      -0.53613192212816851     
  0.71875000000000000      -0.53604815498453473     
  0.73437500000000000      -0.53596440695123582     
  0.75000000000000000      -0.53588066623467401     
  0.76562500000000000      -0.53579694413011381     
  0.78125000000000000      -0.53571322980214808     
  0.79687500000000000      -0.53562953364644417     
  0.81250000000000000      -0.53554584567347618     
  0.82812500000000000      -0.53546217548208208     
  0.84375000000000000      -0.53537851383401425     
  0.85937500000000000      -0.53529486961890871     
  0.87500000000000000      -0.53521123426861017     
  0.89062500000000000      -0.53512761603906933     
  0.90625000000000000      -0.53504400696217425     
  0.92187500000000000      -0.53496041472509648     
  0.93750000000000000      -0.53487683189919744     
  0.95312500000000000      -0.53479326565942664     
  0.96875000000000000      -0.53470970906401627     
  0.98437500000000000      -0.53462616882509695     
   1.0000000000000000      -0.53454263844161765     
   1.0156250000000000      -0.53445912420541486     
   1.0312500000000000      -0.53437562001600136     
   1.0468750000000000      -0.53429213178329082     
   1.0625000000000000      -0.53420865377128379     
   1.0781250000000000      -0.53412519154174742     
   1.0937500000000000      -0.53404173969194957     
   1.1093750000000000      -0.53395830346407325     
   1.1250000000000000      -0.53387487776126452     
   1.1406250000000000      -0.53379146753371920     
   1.1562500000000000      -0.53370806796357173     
   1.1718750000000000      -0.53362468373365390     
   1.1875000000000000      -0.53354131028366014     
   1.2031250000000000      -0.53345795204760749     
   1.2187500000000000      -0.53337460470508324     
   1.2343750000000000      -0.53329127245964469     
   1.2500000000000000      -0.53320795121141495     
   1.2656250000000000      -0.53312464495300571     
   1.2812500000000000      -0.53304134978733231     
   1.2968750000000000      -0.53295806951096247     
   1.3125000000000000      -0.53287480041647639     
   1.3281250000000000      -0.53279154611760204     
   1.3437500000000000      -0.53270830308276340     
   1.3593750000000000      -0.53262507475626542     
   1.3750000000000000      -0.53254185776999918     
   1.3906250000000000      -0.53245865541002502     
   1.4062500000000000      -0.53237546446154460     
   1.4218750000000000      -0.53229228806271767     
   1.4375000000000000      -0.53220912314141644     
   1.4531250000000000      -0.53212597269802553     
   1.4687500000000000      -0.53204283379391137     
   1.4843750000000000      -0.53195970929993874     
   1.5000000000000000      -0.53187659640298468     
   1.5156250000000000      -0.53179349785234031     
   1.5312500000000000      -0.53171041095232074     
   1.5468750000000000      -0.53162733833874531     
   1.5625000000000000      -0.53154427742618082     
   1.5781250000000000      -0.53146123074316121     
   1.5937500000000000      -0.53137819580835666     
   1.6093750000000000      -0.53129517504939838     
   1.6250000000000000      -0.53121216608257149     
   1.6406250000000000      -0.53112917124058745     
   1.6562500000000000      -0.53104618823229366     
   1.6718750000000000      -0.53096321930059542     
   1.6875000000000000      -0.53088026224150831     
   1.7031250000000000      -0.53079731921304873     
   1.7187500000000000      -0.53071438809348526     
   1.7343750000000000      -0.53063147096109442     
   1.7500000000000000      -0.53054856577227238     
   1.7656250000000000      -0.53046567452925875     
   1.7812500000000000      -0.53038279526224841     
   1.7968750000000000      -0.53029992990144614     
   1.8125000000000000      -0.53021707654690486     
   1.8281250000000000      -0.53013423706094809     
   1.8437500000000000      -0.53005140961020247     
   1.8593750000000000      -0.52996859599206825     
   1.8750000000000000      -0.52988579443617134     
   1.8906250000000000      -0.52980300667839064     
   1.9062500000000000      -0.52972023100822063     
   1.9218750000000000      -0.52963746910316345     
   1.9375000000000000      -0.52955471931025500     
   1.9531250000000000      -0.52947198325140532     
   1.9687500000000000      -0.52938925932759617     
   1.9843750000000000      -0.52930654910735297     
   2.0000000000000000      -0.52922385104318970     
   2.0156250000000000      -0.52914116665346822     
   2.0312500000000000      -0.52905849444024389     
   2.0468750000000000      -0.52897583587345853     
   2.0625000000000000      -0.52889318950243780     
   2.0781250000000000      -0.52881055675134381     
   2.0937500000000000      -0.52872793621442382     
   2.1093750000000000      -0.52864532927153074     
   2.1250000000000000      -0.52856273456002878     
   2.1406250000000000      -0.52848015341783272     
   2.1562500000000000      -0.52839758452322083     
   2.1718750000000000      -0.52831502917402029     
   2.1875000000000000      -0.52823248608796991     
   2.2031250000000000      -0.52814995652386121     
   2.2187500000000000      -0.52806743923745769     
   2.2343750000000000      -0.52798493545132930     
   2.2500000000000000      -0.52790244395688946     
   2.2656250000000000      -0.52781996594116853     
   2.2812500000000000      -0.52773750023038812     
   2.2968750000000000      -0.52765504797659379     
   2.3125000000000000      -0.52757260803986561     
   2.3281250000000000      -0.52749018154180627     
   2.3437500000000000      -0.52740776737293216     
   2.3593750000000000      -0.52732536662179585     
   2.3750000000000000      -0.52724297820967447     
   2.3906250000000000      -0.52716060319706437     
   2.4062500000000000      -0.52707824053574048     
   2.4218750000000000      -0.52699589125493806     
   2.4375000000000000      -0.52691355433434583     
   2.4531250000000000      -0.52683123077645488     
   2.4687500000000000      -0.52674891958821468     
   2.4843750000000000      -0.52666662174557288     
   2.5000000000000000      -0.52658433628200862     
   2.5156250000000000      -0.52650206414722256     
   2.5312500000000000      -0.52641980439958602     
   2.5468750000000000      -0.52633755796439063     
   2.5625000000000000      -0.52625532392443275     
   2.5781250000000000      -0.52617310318119226     
   2.5937500000000000      -0.52609089484119254     
   2.6093750000000000      -0.52600869978253506     
   2.6250000000000000      -0.52592651713397853     
   2.6406250000000000      -0.52584434775180722     
   2.6562500000000000      -0.52576219078675768     
   2.6718750000000000      -0.52568004707366855     
   2.6875000000000000      -0.52559791578449455     
   2.7031250000000000      -0.52551579773275847     
   2.7187500000000000      -0.52543369211024826     
   2.7343750000000000      -0.52535159971113010     
   2.7500000000000000      -0.52526951974715863     
   2.7656250000000000      -0.52518745299312197     
   2.7812500000000000      -0.52510539867986983     
   2.7968750000000000      -0.52502335756361829     
   2.8125000000000000      -0.52494132889323819     
   2.8281250000000000      -0.52485931340683845     
   2.8437500000000000      -0.52477731037117381     
   2.8593750000000000      -0.52469532050678847     
   2.8750000000000000      -0.52461334309775010     
   2.8906250000000000      -0.52453137884768941     
   2.9062500000000000      -0.52444942705693687     
   2.9218750000000000      -0.52436748841287384     
   2.9375000000000000      -0.52428556223209044     
   2.9531250000000000      -0.52420364918599172     
   2.9687500000000000      -0.52412174860685479     
   2.9843750000000000      -0.52403986115087031     
   3.0000000000000000      -0.52395798616524325     
   3.0156250000000000      -0.52387612429130082     
   3.0312500000000000      -0.52379427489097941     
   3.0468750000000000      -0.52371243859108840     
   3.0625000000000000      -0.52363061476775485     
   3.0781250000000000      -0.52354880403406212     
   3.0937500000000000      -0.52346700577994687     
   3.1093750000000000      -0.52338522060463388     
   3.1250000000000000      -0.52330344791142991     
   3.1406250000000000      -0.52322168828646909     
   3.1562500000000000      -0.52313994114612450     
   3.1718750000000000      -0.52305820706392403     
   3.1875000000000000      -0.52297648546862407     
   3.2031250000000000      -0.52289477692132846     
   3.2187500000000000      -0.52281308086295009     
   3.2343750000000000      -0.52273139784252542     
   3.2500000000000000      -0.52264972731291826     
   3.2656250000000000      -0.52256806981156456     
   3.2812500000000000      -0.52248642480302354     
   3.2968750000000000      -0.52240479281316765     
   3.3125000000000000      -0.52232317331751055     
   3.3281250000000000      -0.52224156683102019     
   3.3437500000000000      -0.52215997284014048     
   3.3593750000000000      -0.52207839184903759     
   3.3750000000000000      -0.52199682335496411     
   3.3906250000000000      -0.52191526785144493     
   3.4062500000000000      -0.52183372484586621     
   3.4218750000000000      -0.52175219482195057     
   3.4375000000000000      -0.52167067729715433     
   3.4531250000000000      -0.52158917274510752     
   3.4687500000000000      -0.52150768069324527     
   3.4843750000000000      -0.52142620160516595     
   3.5000000000000000      -0.52134473501778511     
   3.5156250000000000      -0.52126328138579869     
   3.5312500000000000      -0.52118184025482184     
   3.5468750000000000      -0.52110041207092361     
   3.5625000000000000      -0.52101899638879368     
   3.5781250000000000      -0.52093759364510950     
   3.5937500000000000      -0.52085620340363148     
   3.6093750000000000      -0.52077482609220616     
   3.6250000000000000      -0.52069346128329774     
   3.6406250000000000      -0.52061210939642788     
   3.6562500000000000      -0.52053077001223613     
   3.6718750000000000      -0.52044944354187428     
   3.6875000000000000      -0.52036812957426293     
   3.7031250000000000      -0.52028682851249142     
   3.7187500000000000      -0.52020553995335383     
   3.7343750000000000      -0.52012426429224845     
   3.7500000000000000      -0.52004300113374513     
   3.7656250000000000      -0.51996175086544705     
   3.7812500000000000      -0.51988051309962457     
   3.7968750000000000      -0.51979928821636379     
   3.8125000000000000      -0.51971807583508600     
   3.8281250000000000      -0.51963687632878286     
   3.8437500000000000      -0.51955568932423446     
   3.8593750000000000      -0.51947451518710641     
   3.8750000000000000      -0.51939335355125493     
   3.8906250000000000      -0.51931220477528928     
   3.9062500000000000      -0.51923106849989920     
   3.9218750000000000      -0.51914994507713008     
   3.9375000000000000      -0.51906883415437211     
   3.9531250000000000      -0.51898773607702686     
   3.9687500000000000      -0.51890665049912466     
   3.9843750000000000      -0.51882557775946170     
   4.0000000000000000      -0.51874451751811290     
   4.0156250000000000      -0.51866347010771319     
   4.0312500000000000      -0.51858243519511626     
   4.0468750000000000      -0.51850141310677200     
   4.0625000000000000      -0.51842040351560326     
   4.0781250000000000      -0.51833940674184165     
   4.0937500000000000      -0.51825842246406228     
   4.1093750000000000      -0.51817745099661028     
   4.1250000000000000      -0.51809649202414076     
   4.1406250000000000      -0.51801554585513854     
   4.1562500000000000      -0.51793461217994285     
   4.1718750000000000      -0.51785369130127745     
   4.1875000000000000      -0.51777278291500739     
   4.2031250000000000      -0.51769188731848059     
   4.2187500000000000      -0.51761100421324602     
   4.2343750000000000      -0.51753013389127123     
   4.2500000000000000      -0.51744927605953317     
   4.2656250000000000      -0.51736843100456498     
   4.2812500000000000      -0.51728759843831895     
   4.2968750000000000      -0.51720677864205333     
   4.3125000000000000      -0.51712597133346261     
   4.3281250000000000      -0.51704517678870732     
   4.3437500000000000      -0.51696439473004474     
   4.3593750000000000      -0.51688362542843846     
   4.3750000000000000      -0.51680286861124303     
   4.3906250000000000      -0.51672212454488642     
   4.4062500000000000      -0.51664139296141665     
   4.4218750000000000      -0.51656067412239515     
   4.4375000000000000      -0.51647996776489746     
   4.4531250000000000      -0.51639927414565490     
   4.4687500000000000      -0.51631859300626026     
   4.4843750000000000      -0.51623792459889584     
   4.5000000000000000      -0.51615726866960698     
   4.5156250000000000      -0.51607662546608790     
   4.5312500000000000      -0.51599599473909186     
   4.5468750000000000      -0.51591537673169352     
   4.5625000000000000      -0.51583477119868104     
   4.5781250000000000      -0.51575417837861148     
   4.5937500000000000      -0.51567359803079149     
   4.6093750000000000      -0.51559303039010029     
   4.6250000000000000      -0.51551247522063659     
   4.6406250000000000      -0.51543193275316579     
   4.6562500000000000      -0.51535140275535818     
   4.6718750000000000      -0.51527088545267929     
   4.6875000000000000      -0.51519038061732059     
   4.7031250000000000      -0.51510988847161987     
   4.7187500000000000      -0.51502940879047476     
   4.7343750000000000      -0.51494894179221029     
   4.7500000000000000      -0.51486848725691958     
   4.7656250000000000      -0.51478804539966116     
   4.7812500000000000      -0.51470761600420989     
   4.7968750000000000      -0.51462719928110967     
   4.8125000000000000      -0.51454679501743228     
   4.8281250000000000      -0.51446640341980288     
   4.8437500000000000      -0.51438602427925062     
   4.8593750000000000      -0.51430565779895054     
   4.8750000000000000      -0.51422530377375519     
   4.8906250000000000      -0.51414496240323582     
   4.9062500000000000      -0.51406463348554976     
   4.9218750000000000      -0.51398431721659821     
   4.9375000000000000      -0.51390401339838565     
   4.9531250000000000      -0.51382372222349038     
   4.9687500000000000      -0.51374344349746248     
   4.9843750000000000      -0.51366317740938483     
   5.0000000000000000      -0.51358292376780512     
   5.0156250000000000      -0.51350268275821642     
   5.0312500000000000      -0.51342245419278520     
   5.0468750000000000      -0.51334223825388425     
   5.0625000000000000      -0.51326203475702203     
   5.0781250000000000      -0.51318184388102761     
   5.0937500000000000      -0.51310166544463798     
   5.1093750000000000      -0.51302149962368215     
   5.1250000000000000      -0.51294134624009324     
   5.1406250000000000      -0.51286120546650338     
   5.1562500000000000      -0.51278107712802956     
   5.1718750000000000      -0.51270096139425059     
   5.1875000000000000      -0.51262085809314761     
   5.2031250000000000      -0.51254076739109522     
   5.2187500000000000      -0.51246068911920772     
   5.2343750000000000      -0.51238062344080981     
   5.2500000000000000      -0.51230057019009634     
   5.2656250000000000      -0.51222052952747543     
   5.2812500000000000      -0.51214050129002631     
   5.2968750000000000      -0.51206048563535578     
   5.3125000000000000      -0.51198048240350202     
   5.3281250000000000      -0.51190049174903152     
   5.3437500000000000      -0.51182051351492230     
   5.3593750000000000      -0.51174054785297096     
   5.3750000000000000      -0.51166059460896030     
   5.3906250000000000      -0.51158065393206198     
   5.4062500000000000      -0.51150072567079896     
   5.4218750000000000      -0.51142080997129769     
   5.4375000000000000      -0.51134090668476295     
   5.4531250000000000      -0.51126101595476081     
   5.4687500000000000      -0.51118113763512696     
   5.4843750000000000      -0.51110127186652254     
   5.5000000000000000      -0.51102141850568061     
   5.5156250000000000      -0.51094157769054838     
   5.5312500000000000      -0.51086174928056149     
   5.5468750000000000      -0.51078193341123357     
   5.5625000000000000      -0.51070212994439723     
   5.5781250000000000      -0.51062233901310317     
   5.5937500000000000      -0.51054256048169833     
   5.6093750000000000      -0.51046279448046239     
   5.6250000000000000      -0.51038304087635589     
   5.6406250000000000      -0.51030329979728251     
   5.6562500000000000      -0.51022357111264860     
   5.6718750000000000      -0.51014385494783432     
   5.6875000000000000      -0.51006415117462411     
   5.7031250000000000      -0.50998445991601937     
   5.7187500000000000      -0.50990478104637149     
   5.7343750000000000      -0.50982511468633962     
   5.7500000000000000      -0.50974546071275761     
   5.7656250000000000      -0.50966581924375287     
   5.7812500000000000      -0.50958619015830398     
   5.7968750000000000      -0.50950657357244167     
   5.8125000000000000      -0.50942696936753062     
   5.8281250000000000      -0.50934737765699489     
   5.8437500000000000      -0.50926779832481472     
   5.8593750000000000      -0.50918823148192038     
   5.8750000000000000      -0.50910867701445373     
   5.8906250000000000      -0.50902913503145297     
   5.9062500000000000      -0.50894960542101997     
   5.9218750000000000      -0.50887008829024638     
   5.9375000000000000      -0.50879058352957074     
   5.9531250000000000      -0.50871109124349978     
   5.9687500000000000      -0.50863161132458645     
   5.9843750000000000      -0.50855214387531855     
   6.0000000000000000      -0.50847268879040441     
   6.0156250000000000      -0.50839324617008763     
   6.0312500000000000      -0.50831381591136127     
   6.0468750000000000      -0.50823439811230919     
   6.0625000000000000      -0.50815499267197328     
   6.0781250000000000      -0.50807559968646332     
   6.0937500000000000      -0.50799621905682024     
   6.1093750000000000      -0.50791685087692029     
   6.1250000000000000      -0.50783749505005626     
   6.1406250000000000      -0.50775815166812133     
   6.1562500000000000      -0.50767882063648750     
   6.1718750000000000      -0.50759950204509918     
   6.1875000000000000      -0.50752019580115959     
   6.2031250000000000      -0.50744090199252978     
   6.2187500000000000      -0.50736162052856026     
   6.2343750000000000      -0.50728235149497236     
   6.2500000000000000      -0.50720309480309977     
   6.2656250000000000      -0.50712385053679732     
   6.2812500000000000      -0.50704461860939454     
   6.2968750000000000      -0.50696539910260197     
   6.3125000000000000      -0.50688619193169682     
   6.3281250000000000      -0.50680699717672362     
   6.3437500000000000      -0.50672781475494633     
   6.3593750000000000      -0.50664864474441185     
   6.3750000000000000      -0.50656948706403870     
   6.3906250000000000      -0.50649034178991015     
   6.4062500000000000      -0.50641120884300383     
   6.4218750000000000      -0.50633208829746656     
   6.4375000000000000      -0.50625298007609121     
   6.4531250000000000      -0.50617388425116727     
   6.4687500000000000      -0.50609480074721536     
   6.4843750000000000      -0.50601572963478181     
   6.5000000000000000      -0.50593667084050942     
   6.5156250000000000      -0.50585762443315319     
   6.5312500000000000      -0.50577859034120110     
   6.5468750000000000      -0.50569956863167409     
   6.5625000000000000      -0.50562055923483429     
   6.5781250000000000      -0.50554156221583246     
   6.5937500000000000      -0.50546257750659951     
   6.6093750000000000      -0.50538360517049452     
   6.6250000000000000      -0.50530464514113227     
   6.6406250000000000      -0.50522569747987089     
   6.6562500000000000      -0.50514676212189258     
   6.6718750000000000      -0.50506783912717745     
   6.6875000000000000      -0.50498892843356058     
   6.7031250000000000      -0.50491003009878399     
   6.7187500000000000      -0.50483114406160634     
   6.7343750000000000      -0.50475227037806347     
   6.7500000000000000      -0.50467340898876223     
   6.7656250000000000      -0.50459455994821822     
   6.7812500000000000      -0.50451572319898108     
   6.7968750000000000      -0.50443689879405229     
   6.8125000000000000      -0.50435808667778181     
   6.8281250000000000      -0.50427928690140167     
   6.8437500000000000      -0.50420049941092770     
   6.8593750000000000      -0.50412172425584334     
   6.8750000000000000      -0.50404296138355453     
   6.8906250000000000      -0.50396421084195309     
   6.9062500000000000      -0.50388547258031979     
   6.9218750000000000      -0.50380674664459901     
   6.9375000000000000      -0.50372803298561419     
   6.9531250000000000      -0.50364933164771275     
   6.9687500000000000      -0.50357064258307105     
   6.9843750000000000      -0.50349196583478106     
   7.0000000000000000      -0.50341330135732243     
   7.0156250000000000      -0.50333464919162096     
   7.0312500000000000      -0.50325600929327363     
   7.0468750000000000      -0.50317738170167381     
   7.0625000000000000      -0.50309876637477358     
   7.0781250000000000      -0.50302016335059074     
   7.0937500000000000      -0.50294157258781935     
   7.1093750000000000      -0.50286299412280155     
   7.1250000000000000      -0.50278442791612876     
   7.1406250000000000      -0.50270587400256017     
   7.1562500000000000      -0.50262733234430734     
   7.1718750000000000      -0.50254880297465876     
   7.1875000000000000      -0.50247028585729814     
   7.2031250000000000      -0.50239178102378734     
   7.2187500000000000      -0.50231328843949541     
   7.2343750000000000      -0.50223480813449217     
   7.2500000000000000      -0.50215634007580845     
   7.2656250000000000      -0.50207788429210609     
   7.2812500000000000      -0.50199944075172598     
   7.2968750000000000      -0.50192100948148000     
   7.3125000000000000      -0.50184259045133583     
   7.3281250000000000      -0.50176418368652675     
   7.3437500000000000      -0.50168578915864048     
   7.3593750000000000      -0.50160740689165106     
   7.3750000000000000      -0.50152903685847683     
   7.3906250000000000      -0.50145067908148588     
   7.4062500000000000      -0.50137233353552069     
   7.4218750000000000      -0.50129400024134507     
   7.4375000000000000      -0.50121567917501375     
   7.4531250000000000      -0.50113737035570260     
   7.4687500000000000      -0.50105907376115377     
   7.4843750000000000      -0.50098078940899760     
   7.5000000000000000      -0.50090251727859469     
   7.5156250000000000      -0.50082425738613812     
   7.5312500000000000      -0.50074600971234784     
   7.5468750000000000      -0.50066777427199605     
   7.5625000000000000      -0.50058955104725922     
   7.5781250000000000      -0.50051134005127274     
   7.5937500000000000      -0.50043314126795457     
   7.6093750000000000      -0.50035495470897906     
   7.6250000000000000      -0.50027678035953371     
   7.6406250000000000      -0.50019861822981382     
   7.6562500000000000      -0.50012046830654466     
   7.6718750000000000      -0.50004233059838821     
   7.6875000000000000      -0.49996420509368900     
   7.7031250000000000      -0.49988609179962895     
   7.7187500000000000      -0.49980799070585524     
   7.7343750000000000      -0.49972990181800364     
   7.7500000000000000      -0.49965182512736195     
   7.7656250000000000      -0.49957376063812858     
   7.7812500000000000      -0.49949570834293411     
   7.7968750000000000      -0.49941766824454475     
   7.8125000000000000      -0.49933964033699696     
   7.8281250000000000      -0.49926162462171197     
   7.8437500000000000      -0.49918362109427372     
   7.8593750000000000      -0.49910562975441330     
   7.8750000000000000      -0.49902765059949367     
   7.8906250000000000      -0.49894968362767111     
   7.9062500000000000      -0.49887172883772868     
   7.9218750000000000      -0.49879378622643084     
   7.9375000000000000      -0.49871585579393646     
   7.9531250000000000      -0.49863793753560542     
   7.9687500000000000      -0.49856003145299982     
   7.9843750000000000      -0.49848213753979848     
   8.0000000000000000      -0.49840425579924752     
   8.0156250000000000      -0.49832638622369163     
   8.0312500000000000      -0.49824852881777887     
   8.0468750000000000      -0.49817068357245298     
   8.0625000000000000      -0.49809285049369767     
   8.0781250000000000      -0.49801502957077337     
   8.0937500000000000      -0.49793722081134689     
   8.1093750000000000      -0.49785942420327556     
   8.1250000000000000      -0.49778163975563317     
   8.1406250000000000      -0.49770386745490103     
   8.1562500000000000      -0.49762610731154749     
   8.1718750000000000      -0.49754835931063307     
   8.1875000000000000      -0.49747062346420429     
   8.2031250000000000      -0.49739289975554124     
   8.2187500000000000      -0.49731518819838461     
   8.2343750000000000      -0.49723748877446516     
   8.2500000000000000      -0.49715980149887301     
   8.2656250000000000      -0.49708212635193094     
   8.2812500000000000      -0.49700446335016601     
   8.2968750000000000      -0.49692681247255555     
   8.3125000000000000      -0.49684917373706922     
   8.3281250000000000      -0.49677154712104077     
   8.3437500000000000      -0.49669393264399170     
   8.3593750000000000      -0.49661633028194968     
   8.3750000000000000      -0.49653874005592225     
   8.3906250000000000      -0.49646116194031370     
   8.4062500000000000      -0.49638359595767184     
   8.4218750000000000      -0.49630604208085854     
   8.4375000000000000      -0.49622850033390775     
   8.4531250000000000      -0.49615097068840680     
   8.4687500000000000      -0.49607345316985840     
   8.4843750000000000      -0.49599594774810279     
   8.5000000000000000      -0.49591845445028748     
   8.5156250000000000      -0.49584097324479043     
   8.5312500000000000      -0.49576350416018855     
   8.5468750000000000      -0.49568604716349379     
   8.5625000000000000      -0.49560860228472953     
   8.5781250000000000      -0.49553116948928250     
   8.5937500000000000      -0.49545374880873072     
   8.6093750000000000      -0.49537634020676630     
   8.6250000000000000      -0.49529894371656552     
   8.6406250000000000      -0.49522155930060036     
   8.6562500000000000      -0.49514418699366142     
   8.6718750000000000      -0.49506682675628833     
   8.6875000000000000      -0.49498947862488868     
   8.7031250000000000      -0.49491214255866262     
   8.7187500000000000      -0.49483481859528827     
   8.7343750000000000      -0.49475750669233670     
   8.7500000000000000      -0.49468020688907655     
   8.7656250000000000      -0.49460291914144250     
   8.7812500000000000      -0.49452564349056544     
   8.7968750000000000      -0.49444837989105966     
   8.8125000000000000      -0.49437112838547703     
   8.8281250000000000      -0.49429388892675896     
   8.8437500000000000      -0.49421666155896293     
   8.8593750000000000      -0.49413944623333372     
   8.8750000000000000      -0.49406224299566937     
   8.8906250000000000      -0.49398505179573071     
   8.9062500000000000      -0.49390787268080072     
   8.9218750000000000      -0.49383070559900805     
   8.9375000000000000      -0.49375355059923332     
   8.9531250000000000      -0.49367640762769527     
   8.9687500000000000      -0.49359927673496579     
   8.9843750000000000      -0.49352215786650816     
   9.0000000000000000      -0.49344505107428532     
   9.0156250000000000      -0.49336795630139196     
   9.0312500000000000      -0.49329087360134005     
   9.0468750000000000      -0.49321380291609257     
   9.0625000000000000      -0.49313674430134458     
   9.0781250000000000      -0.49305969769674074     
   9.0937500000000000      -0.49298266315924910     
   9.1093750000000000      -0.49290564062714637     
   9.1250000000000000      -0.49282863015901535     
   9.1406250000000000      -0.49275163169157471     
   9.1562500000000000      -0.49267464528537291     
   9.1718750000000000      -0.49259767087523726     
   9.1875000000000000      -0.49252070852332708     
   9.2031250000000000      -0.49244375816306257     
   9.2187500000000000      -0.49236681985837111     
   9.2343750000000000      -0.49228989354098945     
   9.2500000000000000      -0.49221297927663427     
   9.2656250000000000      -0.49213607699522416     
   9.2812500000000000      -0.49205918676401023     
   9.2968750000000000      -0.49198230851094971     
   9.3125000000000000      -0.49190544230483541     
   9.3281250000000000      -0.49182858807175761     
   9.3437500000000000      -0.49175174588223691     
   9.3593750000000000      -0.49167491566142085     
   9.3750000000000000      -0.49159809748208977     
   9.3906250000000000      -0.49152129126671817     
   9.4062500000000000      -0.49144449708948751     
   9.4218750000000000      -0.49136771487128400     
   9.4375000000000000      -0.49129094468831364     
   9.4531250000000000      -0.49121418645975773     
   9.4687500000000000      -0.49113744026363759     
   9.4843750000000000      -0.49106070601744395     
   9.5000000000000000      -0.49098398380109265     
   9.5156250000000000      -0.49090727353027780     
   9.5312500000000000      -0.49083057528667429     
   9.5468750000000000      -0.49075388898410799     
   9.5625000000000000      -0.49067721470607062     
   9.5781250000000000      -0.49060055236424233     
   9.5937500000000000      -0.49052390204388419     
   9.6093750000000000      -0.49044726365492486     
   9.6250000000000000      -0.49037063728450947     
   9.6406250000000000      -0.49029402284072671     
   9.6562500000000000      -0.49021742041268546     
   9.6718750000000000      -0.49014082990639030     
   9.6875000000000000      -0.49006425141294158     
   9.7031250000000000      -0.48998768483666366     
   9.7187500000000000      -0.48991113027068289     
   9.7343750000000000      -0.48983458761731008     
   9.7500000000000000      -0.48975805697136693     
   9.7656250000000000      -0.48968153823318966     
   9.7812500000000000      -0.48960503149977386     
   9.7968750000000000      -0.48952853666943241     
   9.8125000000000000      -0.48945205384105750     
   9.8281250000000000      -0.48937558291095057     
   9.8437500000000000      -0.48929912398017472     
   9.8593750000000000      -0.48922267694285509     
   9.8750000000000000      -0.48914624190216965     
   9.8906250000000000      -0.48906981875038286     
   9.9062500000000000      -0.48899340759265369     
   9.9218750000000000      -0.48891700831913693     
   9.9375000000000000      -0.48884062103700765     
   9.9531250000000000      -0.48876424563413784     
   9.9687500000000000      -0.48868788221996973     
   9.9843750000000000      -0.48861153068034491     
   10.000000000000000      -0.48853519112671384     
   10.015625000000000      -0.48845886344283707     
   10.031250000000000      -0.48838254774235945     
   10.046875000000000      -0.48830624390672434     
   10.062500000000000      -0.48822995205185626     
   10.078125000000000      -0.48815367205700944     
   10.093750000000000      -0.48807740404016386     
   10.109375000000000      -0.48800114787842519     
   10.125000000000000      -0.48792490369239511     
   10.140625000000000      -0.48784867135680759     
   10.156250000000000      -0.48777245099424843     
   10.171875000000000      -0.48769624247745602     
   10.187500000000000      -0.48762004593094660     
   10.203125000000000      -0.48754386122526072     
   10.218750000000000      -0.48746768848744731     
   10.234375000000000      -0.48739152758539434     
   10.250000000000000      -0.48731537864879731     
   10.265625000000000      -0.48723924154312026     
   10.281250000000000      -0.48716311640019583     
   10.296875000000000      -0.48708700308330477     
   10.312500000000000      -0.48701090172685296     
   10.328125000000000      -0.48693481219159912     
   10.343750000000000      -0.48685873461433343     
   10.359375000000000      -0.48678266885320781     
   10.375000000000000      -0.48670661504743373     
   10.390625000000000      -0.48663057305274449     
   10.406250000000000      -0.48655454301091855     
   10.421875000000000      -0.48647852477520209     
   10.437500000000000      -0.48640251848979377     
   10.453125000000000      -0.48632652400528370     
   10.468750000000000      -0.48625054146868690     
   10.484375000000000      -0.48617457072803621     
   10.500000000000000      -0.48609861193285536     
   10.515625000000000      -0.48602266492873597     
   10.531250000000000      -0.48594672986768239     
   10.546875000000000      -0.48587080659253878     
   10.562500000000000      -0.48579489525807101     
   10.578125000000000      -0.48571899570418042     
   10.593750000000000      -0.48564310808858607     
   10.609375000000000      -0.48556723224851217     
   10.625000000000000      -0.48549136834428741     
   10.640625000000000      -0.48541551621040685     
   10.656250000000000      -0.48533967601029460     
   10.671875000000000      -0.48526384757565705     
   10.687500000000000      -0.48518803107259434     
   10.703125000000000      -0.48511222632995898     
   10.718750000000000      -0.48503643351667269     
   10.734375000000000      -0.48496065245859832     
   10.750000000000000      -0.48488488332775070     
   10.765625000000000      -0.48480912594698289     
   10.781250000000000      -0.48473338049116460     
   10.796875000000000      -0.48465764678021273     
   10.812500000000000      -0.48458192499196839     
   10.828125000000000      -0.48450621494321500     
   10.843750000000000      -0.48443051681489935     
   10.859375000000000      -0.48435483042061811     
   10.875000000000000      -0.48427915594457882     
   10.890625000000000      -0.48420349319745953     
   10.906250000000000      -0.48412784236657852     
   10.921875000000000      -0.48405220325937393     
   10.937500000000000      -0.48397657606641958     
   10.953125000000000      -0.48390096059190113     
   10.968750000000000      -0.48382535702945162     
   10.984375000000000      -0.48374976517997065     
   11.000000000000000      -0.48367418524069572     
   11.015625000000000      -0.48359861700912549     
   11.031250000000000      -0.48352306068567930     
   11.046875000000000      -0.48344751606417741     
   11.062500000000000      -0.48337198334869191     
   11.078125000000000      -0.48329646232998458     
   11.093750000000000      -0.48322095321568626     
   11.109375000000000      -0.48314545579295137     
   11.125000000000000      -0.48306997027279835     
   11.140625000000000      -0.48299449643847137     
   11.156250000000000      -0.48291903450472506     
   11.171875000000000      -0.48284358425143481     
   11.187500000000000      -0.48276814589702588     
   11.203125000000000      -0.48269271921748480     
   11.218750000000000      -0.48261730443475559     
   11.234375000000000      -0.48254190132080099     
   11.250000000000000      -0.48246651010155334     
   11.265625000000000      -0.48239113054561095     
   11.281250000000000      -0.48231576288349115     
   11.296875000000000      -0.48224040688004133     
   11.312500000000000      -0.48216506276911658     
   11.328125000000000      -0.48208973031029900     
   11.343750000000000      -0.48201440974152993     
   11.359375000000000      -0.48193910081961411     
   11.375000000000000      -0.48186380378569466     
   11.390625000000000      -0.48178851839198306     
   11.406250000000000      -0.48171324488499823     
   11.421875000000000      -0.48163798301330574     
   11.437500000000000      -0.48156273302761471     
   11.453125000000000      -0.48148749467162333     
   11.468750000000000      -0.48141226819979693     
   11.484375000000000      -0.48133705335123878     
   11.500000000000000      -0.48126185038501151     
   11.515625000000000      -0.48118665903610586     
   11.531250000000000      -0.48111147956828504     
   11.546875000000000      -0.48103631171175221     
   11.562500000000000      -0.48096115573484144     
   11.578125000000000      -0.48088601136322251     
   11.593750000000000      -0.48081087886986218     
   11.609375000000000      -0.48073575797583101     
   11.625000000000000      -0.48066064895901106     
   11.640625000000000      -0.48058555153536164     
   11.656250000000000      -0.48051046598771829     
   11.671875000000000      -0.48043539202726132     
   11.687500000000000      -0.48036032994145039     
   11.703125000000000      -0.48028527943628202     
   11.718750000000000      -0.48021024080450281     
   11.734375000000000      -0.48013521374745805     
   11.750000000000000      -0.48006019856308330     
   11.765625000000000      -0.47998519494689201     
   11.781250000000000      -0.47991020320218752     
   11.796875000000000      -0.47983522301941661     
   11.812500000000000      -0.47976025470741168     
   11.828125000000000      -0.47968529795109816     
   11.843750000000000      -0.47961035306478522     
   11.859375000000000      -0.47953541972761948     
   11.875000000000000      -0.47946049825938430     
   11.890625000000000      -0.47938558833360356     
   11.906250000000000      -0.47931069027592188     
   11.921875000000000      -0.47923580375408070     
   11.937500000000000      -0.47916092909968666     
   11.953125000000000      -0.47908606597430070     
   11.968750000000000      -0.47901121471551988     
   11.984375000000000      -0.47893637497915065     
   12.000000000000000      -0.47886154710911372     
   12.015625000000000      -0.47878673075504230     
   12.031250000000000      -0.47871192626714926     
   12.046875000000000      -0.47863713328818286     
   12.062500000000000      -0.47856235217462711     
   12.078125000000000      -0.47848758256307761     
   12.093750000000000      -0.47841282481673481     
   12.109375000000000      -0.47833807856544441     
   12.125000000000000      -0.47826334417916422     
   12.140625000000000      -0.47818862128092698     
   12.156250000000000      -0.47811391024737010     
   12.171875000000000      -0.47803921069457850     
   12.187500000000000      -0.47796452300636399     
   12.203125000000000      -0.47788984679161889     
   12.218750000000000      -0.47781518244160076     
   12.234375000000000      -0.47774052955772428     
   12.250000000000000      -0.47766588853846398     
   12.265625000000000      -0.47759125897796267     
   12.281250000000000      -0.47751664128233628     
   12.296875000000000      -0.47744203503790389     
   12.312500000000000      -0.47736744065870346     
   12.328125000000000      -0.47729285772315233     
   12.343750000000000      -0.47721828665310922     
   12.359375000000000      -0.47714372701898955     
   12.375000000000000      -0.47706917925084635     
   12.390625000000000      -0.47699464291068322     
   12.406250000000000      -0.47692011843705767     
   12.421875000000000      -0.47684560538366449     
   12.437500000000000      -0.47677110419752328     
   12.453125000000000      -0.47669661442348882     
   12.468750000000000      -0.47662213651755131     
   12.484375000000000      -0.47654767001535603     
   12.500000000000000      -0.47647321538242782     
   12.515625000000000      -0.47639877214519544     
   12.531250000000000      -0.47632434077795582     
   12.546875000000000      -0.47624992079829392     
   12.562500000000000      -0.47617551268955732     
   12.578125000000000      -0.47610111595970334     
   12.593750000000000      -0.47602673110226251     
   12.609375000000000      -0.47595235761506266     
   12.625000000000000      -0.47587799600188152     
   12.640625000000000      -0.47580364575032291     
   12.656250000000000      -0.47572930737412439     
   12.671875000000000      -0.47565498035059972     
   12.687500000000000      -0.47558066520428832     
   12.703125000000000      -0.47550636140153502     
   12.718750000000000      -0.47543206947784566     
   12.734375000000000      -0.47535778888847097     
   12.750000000000000      -0.47528352017998915     
   12.765625000000000      -0.47520926279652942     
   12.781250000000000      -0.47513501729640434     
   12.796875000000000      -0.47506078311187744     
   12.812500000000000      -0.47498656081303647     
   12.828125000000000      -0.47491234982001973     
   12.843750000000000      -0.47483815071516094     
   12.859375000000000      -0.47476396290626377     
   12.875000000000000      -0.47468978698826836     
   12.890625000000000      -0.47461562235641314     
   12.906250000000000      -0.47454146961843074     
   12.921875000000000      -0.47446732815630727     
   12.937500000000000      -0.47439319859105655     
   12.953125000000000      -0.47431908029110431     
   12.968750000000000      -0.47424497389151765     
   12.984375000000000      -0.47417087874671826     
   13.000000000000000      -0.47409679550569817     
   13.015625000000000      -0.47402272350848973     
   13.031250000000000      -0.47394866341880620     
   13.046875000000000      -0.47387461456174518     
   13.062500000000000      -0.47380057761609146     
   13.078125000000000      -0.47372655189180685     
   13.093750000000000      -0.47365253808310315     
   13.109375000000000      -0.47357853548404261     
   13.125000000000000      -0.47350454480503096     
   13.140625000000000      -0.47343056532365285     
   13.156250000000000      -0.47335659776678635     
   13.171875000000000      -0.47328264139553061     
   13.187500000000000      -0.47320869695390494     
   13.203125000000000      -0.47313476368546720     
   13.218750000000000      -0.47306084235203483     
   13.234375000000000      -0.47298693217904803     
   13.250000000000000      -0.47291303394667039     
   13.265625000000000      -0.47283914686208156     
   13.281250000000000      -0.47276527172426169     
   13.296875000000000      -0.47269140772104984     
   13.312500000000000      -0.47261755567105507     
   13.328125000000000      -0.47254371474189821     
   13.343750000000000      -0.47246988577180188     
   13.359375000000000      -0.47239606790829664     
   13.375000000000000      -0.47232226201118399     
   13.390625000000000      -0.47224846720651203     
   13.406250000000000      -0.47217468437579752     
   13.421875000000000      -0.47210091262283982     
   13.437500000000000      -0.47202715285124996     
   13.453125000000000      -0.47195340414231396     
   13.468750000000000      -0.47187966742330489     
   13.484375000000000      -0.47180594175149665     
   13.500000000000000      -0.47173222807826520     
   13.515625000000000      -0.47165852543616671     
   13.531250000000000      -0.47158483480128527     
   13.546875000000000      -0.47151115518098452     
   13.562500000000000      -0.47143748757790221     
   13.578125000000000      -0.47136383097256379     
   13.593750000000000      -0.47129018639446524     
   13.609375000000000      -0.47121655279655444     
   13.625000000000000      -0.47114293123539552     
   13.640625000000000      -0.47106932063569745     
   13.656250000000000      -0.47099572208561741     
   13.671875000000000      -0.47092213447903142     
   13.687500000000000      -0.47084855893249478     
   13.703125000000000      -0.47077499430877923     
   13.718750000000000      -0.47070144175784212     
   13.734375000000000      -0.47062790011166433     
   13.750000000000000      -0.47055437055100674     
   13.765625000000000      -0.47048085187362798     
   13.781250000000000      -0.47040734529564604     
   13.796875000000000      -0.47033384957963636     
   13.812500000000000      -0.47026036597763909     
   13.828125000000000      -0.47018689321619378     
   13.843750000000000      -0.47011343258395599     
   13.859375000000000      -0.47003998276904324     
   13.875000000000000      -0.46996654509955266     
   13.890625000000000      -0.46989311822373131     
   13.906250000000000      -0.46981970351018254     
   13.921875000000000      -0.46974629956581715     
   13.937500000000000      -0.46967290780160742     
   13.953125000000000      -0.46959952678091210     
   13.968750000000000      -0.46952615795945701     
   13.984375000000000      -0.46945279985523009     
   14.000000000000000      -0.46937945397019559     
   14.015625000000000      -0.46930611877460743     
   14.031250000000000      -0.46923279581932359     
   14.046875000000000      -0.46915948352457754     
   14.062500000000000      -0.46908618349188036     
   14.078125000000000      -0.46901289408943847     
   14.093750000000000      -0.46893961697265307     
   14.109375000000000      -0.46886635045527325     
   14.125000000000000      -0.46879309624881449     
   14.140625000000000      -0.46871985260895527     
   14.156250000000000      -0.46864662130612833     
   14.171875000000000      -0.46857340053559665     
   14.187500000000000      -0.46850019212987343     
   14.203125000000000      -0.46842699422065553     
   14.218750000000000      -0.46835380870595866     
   14.234375000000000      -0.46828063365031897     
   14.250000000000000      -0.46820747102023308     
   14.265625000000000      -0.46813431880977124     
   14.281250000000000      -0.46806117905808642     
   14.296875000000000      -0.46798804968481922     
   14.312500000000000      -0.46791493280580465     
   14.328125000000000      -0.46784182626190102     
   14.343750000000000      -0.46776873224935234     
   14.359375000000000      -0.46769564852608453     
   14.375000000000000      -0.46762257737392571     
   14.390625000000000      -0.46754951646292714     
   14.406250000000000      -0.46747646816544591     
   14.421875000000000      -0.46740343005823642     
   14.437500000000000      -0.46733040460932695     
   14.453125000000000      -0.46725738929709310     
   14.468750000000000      -0.46718438669124779     
   14.484375000000000      -0.46711139416526726     
   14.500000000000000      -0.46703841439696508     
   14.515625000000000      -0.46696544464873602     
   14.531250000000000      -0.46689248771271463     
   14.546875000000000      -0.46681954073299281     
   14.562500000000000      -0.46674660662416489     
   14.578125000000000      -0.46667368240390883     
   14.593750000000000      -0.46660077111726456     
   14.609375000000000      -0.46652786964747184     
   14.625000000000000      -0.46645498117831297     
   14.640625000000000      -0.46638210244937039     
   14.656250000000000      -0.46630923679333924     
   14.671875000000000      -0.46623638079545771     
   14.687500000000000      -0.46616353794772591     
   14.703125000000000      -0.46609070467083180     
   14.718750000000000      -0.46601788462731036     
   14.734375000000000      -0.46594507406086949     
   14.750000000000000      -0.46587227681805027     
   14.765625000000000      -0.46579948895170264     
   14.781250000000000      -0.46572671450563741     
   14.796875000000000      -0.46565394932865761     
   14.812500000000000      -0.46558119767680939     
   14.828125000000000      -0.46550845517703859     
   14.843750000000000      -0.46543572631720992     
   14.859375000000000      -0.46536300648298345     
   14.875000000000000      -0.46529030041247199     
   14.890625000000000      -0.46521760323230504     
   14.906250000000000      -0.46514491994947349     
   14.921875000000000      -0.46507224541006387     
   14.937500000000000      -0.46499958491465609     
   14.953125000000000      -0.46492693300181204     
   14.968750000000000      -0.46485429529339367     
   14.984375000000000      -0.46478166599294918     
   15.000000000000000      -0.46470905107228883     
   15.015625000000000      -0.46463644436861795     
   15.031250000000000      -0.46456385223758556     
   15.046875000000000      -0.46449126811385849     
   15.062500000000000      -0.46441869877542147     
   15.078125000000000      -0.46434613721411777     
   15.093750000000000      -0.46427359067293028     
   15.109375000000000      -0.46420105165458059     
   15.125000000000000      -0.46412852791660547     
   15.140625000000000      -0.46405601141984132     
   15.156250000000000      -0.46398351049310466     
   15.171875000000000      -0.46391101649459909     
   15.187500000000000      -0.46383853838951478     
   15.203125000000000      -0.46376606686317534     
   15.218750000000000      -0.46369361159287070     
   15.234375000000000      -0.46362116250963659     
   15.250000000000000      -0.46354873009072523     
   15.265625000000000      -0.46347630341803231     
   15.281250000000000      -0.46340389387180475     
   15.296875000000000      -0.46333148957220710     
   15.312500000000000      -0.46325910292430766     
   15.328125000000000      -0.46318672095445446     
   15.343750000000000      -0.46311435723714756     
   15.359375000000000      -0.46304199754671177     
   15.375000000000000      -0.46296965680032537     
   15.390625000000000      -0.46289731933021838     
   15.406250000000000      -0.46282500160529516     
   15.421875000000000      -0.46275268628514687     
   15.437500000000000      -0.46268039164508712     
   15.453125000000000      -0.46260809838939587     
   15.468750000000000      -0.46253582691415773     
   15.484375000000000      -0.46246355561837665     
   15.500000000000000      -0.46239130741022205     
   15.515625000000000      -0.46231905794457073     
   15.531250000000000      -0.46224683313528009     
   15.546875000000000      -0.46217460533521237     
   15.562500000000000      -0.46210240409682496     
   15.578125000000000      -0.46203019775059523     
   15.593750000000000      -0.46195802031102889     
   15.609375000000000      -0.46188583514044335     
   15.625000000000000      -0.46181368180765653     
   15.640625000000000      -0.46174151743825037     
   15.656250000000000      -0.46166938863619833     
   15.671875000000000      -0.46159724455103240     
   15.687500000000000      -0.46152514088039248     
   15.703125000000000      -0.46145301634363839     
   15.718750000000000      -0.46138093868029367     
   15.734375000000000      -0.46130883260446470     
   15.750000000000000      -0.46123678227660042     
   15.765625000000000      -0.46116469298446217     
   15.781250000000000      -0.46109267210322813     
   15.796875000000000      -0.46102059686105012     
   15.812500000000000      -0.46094860899068196     
   15.828125000000000      -0.46087654302020459     
   15.843750000000000      -0.46080459467567292     
   15.859375000000000      -0.46073252881105020     
   15.875000000000000      -0.46066063326946849     
   15.890625000000000      -0.46058854746742417     
   15.906250000000000      -0.46051673645015012     
   15.921875000000000      -0.46044457722858756     
   15.937500000000000      -0.46037294865396128     
   15.953125000000000      -0.46030051444926279     
   15.968750000000000      -0.46022956479058885     
   15.984375000000000      -0.46015516318283134     
   16.000000000000000      -0.46010094947938251     
