   0.0000000000   0.0000000000
   0.0250000000  -0.0011848927
   0.0500000000  -0.0047223639
   0.0750000000  -0.0105599560
   0.1000000000  -0.0186116324
   0.1250000000  -0.0287598194
   0.1500000000  -0.0408581683
   0.1750000000  -0.0547349466
   0.2000000000  -0.0701969477
   0.2250000000  -0.0870337934
   0.2500000000  -0.1050224979
   0.2750000000  -0.1239321542
   0.3000000000  -0.1435286090
   0.3250000000  -0.1635789973
   0.3500000000  -0.1838560198
   0.3750000000  -0.2041418611
   0.4000000000  -0.2242316646
   0.4250000000  -0.2439364981
   0.4500000000  -0.2630857671
   0.4750000000  -0.2815290508
   0.5000000000  -0.2991373566
   0.5250000000  -0.3158038056
   0.5500000000  -0.3314437803
   0.5750000000  -0.3459945751
   0.6000000000  -0.3594146043
   0.6250000000  -0.3716822278
   0.6500000000  -0.3827942612
   0.6750000000  -0.3927642377
   0.7000000000  -0.4016204911
   0.7250000000  -0.4094041237
   0.7500000000  -0.4161669234
   0.7750000000  -0.4219692828
   0.8000000000  -0.4268781723
   0.8250000000  -0.4309652088
   0.8500000000  -0.4343048529
   0.8750000000  -0.4369727634
   0.9000000000  -0.4390443277
   0.9250000000  -0.4405933795
   0.9500000000  -0.4416911110
   0.9750000000  -0.4424051780
   1.0000000000  -0.4427989948
   1.0250000000  -0.4429312075
   1.0500000000  -0.4428553357
   1.0750000000  -0.4426195650
   1.1000000000  -0.4422666763
   1.1250000000  -0.4418340924
   1.1500000000  -0.4413540243
   1.1750000000  -0.4408537000
   1.2000000000  -0.4403556577
   1.2250000000  -0.4398780877
   1.2500000000  -0.4394352077
   1.2750000000  -0.4390376588
   1.3000000000  -0.4386929090
   1.3250000000  -0.4384056558
   1.3500000000  -0.4381782179
   1.3750000000  -0.4380109098
   1.4000000000  -0.4379023944
   1.4250000000  -0.4378500086
   1.4500000000  -0.4378500605
   1.4750000000  -0.4378980957
   1.5000000000  -0.4379891332
   1.5250000000  -0.4381178702
   1.5500000000  -0.4382788574
   1.5750000000  -0.4384666466
   1.6000000000  -0.4386759113
   1.6250000000  -0.4389015438
   1.6500000000  -0.4391387302
   1.6750000000  -0.4393830062
   1.7000000000  -0.4396302957
   1.7250000000  -0.4398769346
   1.7500000000  -0.4401196822
   1.7750000000  -0.4403557221
   1.8000000000  -0.4405826543
   1.8250000000  -0.4407984810
   1.8500000000  -0.4410015860
   1.8750000000  -0.4411907116
   1.9000000000  -0.4413649310
   1.9250000000  -0.4415236201
   1.9500000000  -0.4416664279
   1.9750000000  -0.4417932467
   2.0000000000  -0.4419041823
   2.0250000000  -0.4419995254
   2.0500000000  -0.4420797242
   2.0750000000  -0.4421453575
   2.1000000000  -0.4421971111
   2.1250000000  -0.4422357540
   2.1500000000  -0.4422621183
   2.1750000000  -0.4422770794
   2.2000000000  -0.4422815396
   2.2250000000  -0.4422764122
   2.2500000000  -0.4422626087
   2.2750000000  -0.4422410269
   2.3000000000  -0.4422125409
   2.3250000000  -0.4421779933
   2.3500000000  -0.4421381880
   2.3750000000  -0.4420938852
   2.4000000000  -0.4420457972
   2.4250000000  -0.4419945858
   2.4500000000  -0.4419408604
   2.4750000000  -0.4418851771
   2.5000000000  -0.4418280390
   2.5250000000  -0.4417698971
   2.5500000000  -0.4417111515
   2.5750000000  -0.4416521534
   2.6000000000  -0.4415932076
   2.6250000000  -0.4415345755
   2.6500000000  -0.4414764776
   2.6750000000  -0.4414190971
   2.7000000000  -0.4413625829
   2.7250000000  -0.4413070533
   2.7500000000  -0.4412525987
   2.7750000000  -0.4411992854
   2.8000000000  -0.4411471587
   2.8250000000  -0.4410962452
   2.8500000000  -0.4410465564
   2.8750000000  -0.4409980908
   2.9000000000  -0.4409508365
   2.9250000000  -0.4409047730
   2.9500000000  -0.4408598738
   2.9750000000  -0.4408161073
   3.0000000000  -0.4407734389
   3.0250000000  -0.4407318319
   3.0500000000  -0.4406912486
   3.0750000000  -0.4406516515
   3.1000000000  -0.4406130036
   3.1250000000  -0.4405752692
   3.1500000000  -0.4405384141
   3.1750000000  -0.4405024062
   3.2000000000  -0.4404672155
   3.2250000000  -0.4404328141
   3.2500000000  -0.4403991765
   3.2750000000  -0.4403662793
   3.3000000000  -0.4403341012
   3.3250000000  -0.4403026231
   3.3500000000  -0.4402718276
   3.3750000000  -0.4402416990
   3.4000000000  -0.4402122232
   3.4250000000  -0.4401833876
   3.4500000000  -0.4401551804
   3.4750000000  -0.4401275911
   3.5000000000  -0.4401006100
   3.5250000000  -0.4400742280
   3.5500000000  -0.4400484367
   3.5750000000  -0.4400232278
   3.6000000000  -0.4399985935
   3.6250000000  -0.4399745262
   3.6500000000  -0.4399510182
   3.6750000000  -0.4399280619
   3.7000000000  -0.4399056495
   3.7250000000  -0.4398837733
   3.7500000000  -0.4398624252
   3.7750000000  -0.4398415967
   3.8000000000  -0.4398212794
   3.8250000000  -0.4398014643
   3.8500000000  -0.4397821422
   3.8750000000  -0.4397633037
   3.9000000000  -0.4397449388
   3.9250000000  -0.4397270375
   3.9500000000  -0.4397095894
   3.9750000000  -0.4396925837
   4.0000000000  -0.4396760094
   4.0250000000  -0.4396598556
   4.0500000000  -0.4396441108
   4.0750000000  -0.4396287636
   4.1000000000  -0.4396138024
   4.1250000000  -0.4395992156
   4.1500000000  -0.4395849916
   4.1750000000  -0.4395711187
   4.2000000000  -0.4395575854
   4.2250000000  -0.4395443802
   4.2500000000  -0.4395314919
   4.2750000000  -0.4395189093
   4.3000000000  -0.4395066215
   4.3250000000  -0.4394946180
   4.3500000000  -0.4394828884
   4.3750000000  -0.4394714228
   4.4000000000  -0.4394602114
   4.4250000000  -0.4394492449
   4.4500000000  -0.4394385146
   4.4750000000  -0.4394280118
   4.5000000000  -0.4394177285
   4.5250000000  -0.4394076571
   4.5500000000  -0.4393977903
   4.5750000000  -0.4393881214
   4.6000000000  -0.4393786439
   4.6250000000  -0.4393693519
   4.6500000000  -0.4393602400
   4.6750000000  -0.4393513028
   4.7000000000  -0.4393425358
   4.7250000000  -0.4393339346
   4.7500000000  -0.4393254952
   4.7750000000  -0.4393172138
   4.8000000000  -0.4393090872
   4.8250000000  -0.4393011124
   4.8500000000  -0.4392932865
   4.8750000000  -0.4392856072
   4.9000000000  -0.4392780721
   4.9250000000  -0.4392706791
   4.9500000000  -0.4392634265
   4.9750000000  -0.4392563126
   5.0000000000  -0.4392493357
