   0.0000000000  -0.8447834039
   0.0250000000  -0.8447829681
   0.0500000000  -0.8447798619
   0.0750000000  -0.8447749393
   0.1000000000  -0.8447683494
   0.1250000000  -0.8447602579
   0.1500000000  -0.8447509109
   0.1750000000  -0.8447406603
   0.2000000000  -0.8447299917
   0.2250000000  -0.8447195537
   0.2500000000  -0.8447101882
   0.2750000000  -0.8447029573
   0.3000000000  -0.8446991668
   0.3250000000  -0.8447003819
   0.3500000000  -0.8447084335
   0.3750000000  -0.8447254132
   0.4000000000  -0.8447536545
   0.4250000000  -0.8447956994
   0.4500000000  -0.8448542497
   0.4750000000  -0.8449321033
   0.5000000000  -0.8450320771
   0.5250000000  -0.8451569179
   0.5500000000  -0.8453092043
   0.5750000000  -0.8454912442
   0.6000000000  -0.8457049698
   0.6250000000  -0.8459518371
   0.6500000000  -0.8462327321
   0.6750000000  -0.8465478885
   0.7000000000  -0.8468968226
   0.7250000000  -0.8472782850
   0.7500000000  -0.8476902357
   0.7750000000  -0.8481298410
   0.8000000000  -0.8485934949
   0.8250000000  -0.8490768635
   0.8500000000  -0.8495749528
   0.8750000000  -0.8500821960
   0.9000000000  -0.8505925590
   0.9250000000  -0.8510996600
   0.9500000000  -0.8515969004
   0.9750000000  -0.8520776012
   1.0000000000  -0.8525351426
   1.0250000000  -0.8529631020
   1.0500000000  -0.8533553857
   1.0750000000  -0.8537063522
   1.1000000000  -0.8540109226
   1.1250000000  -0.8542646768
   1.1500000000  -0.8544639321
   1.1750000000  -0.8546058037
   1.2000000000  -0.8546882462
   1.2250000000  -0.8547100753
   1.2500000000  -0.8546709707
   1.2750000000  -0.8545714608
   1.3000000000  -0.8544128898
   1.3250000000  -0.8541973704
   1.3500000000  -0.8539277225
   1.3750000000  -0.8536074009
   1.4000000000  -0.8532404137
   1.4250000000  -0.8528312349
   1.4500000000  -0.8523847122
   1.4750000000  -0.8519059727
   1.5000000000  -0.8514003292
   1.5250000000  -0.8508731886
   1.5500000000  -0.8503299638
   1.5750000000  -0.8497759915
   1.6000000000  -0.8492164561
   1.6250000000  -0.8486563219
   1.6500000000  -0.8481002730
   1.6750000000  -0.8475526632
   1.7000000000  -0.8470174736
   1.7250000000  -0.8464982810
   1.7500000000  -0.8459982339
   1.7750000000  -0.8455200385
   1.8000000000  -0.8450659518
   1.8250000000  -0.8446377834
   1.8500000000  -0.8442369034
   1.8750000000  -0.8438642572
   1.9000000000  -0.8435203849
   1.9250000000  -0.8432054462
   1.9500000000  -0.8429192479
   1.9750000000  -0.8426612755
   2.0000000000  -0.8424307260
   2.0250000000  -0.8422265426
   2.0500000000  -0.8420474497
   2.0750000000  -0.8418919880
   2.1000000000  -0.8417585498
   2.1250000000  -0.8416454119
   2.1500000000  -0.8415507685
   2.1750000000  -0.8414727613
   2.2000000000  -0.8414095079
   2.2250000000  -0.8413591276
   2.2500000000  -0.8413197657
   2.2750000000  -0.8412896134
   2.3000000000  -0.8412669269
   2.3250000000  -0.8412500429
   2.3500000000  -0.8412373917
   2.3750000000  -0.8412275075
   2.4000000000  -0.8412190372
   2.4250000000  -0.8412107456
   2.4500000000  -0.8412015197
   2.4750000000  -0.8411903704
   2.5000000000  -0.8411764323
   2.5250000000  -0.8411589625
   2.5500000000  -0.8411373375
   2.5750000000  -0.8411110491
   2.6000000000  -0.8410796993
   2.6250000000  -0.8410429943
   2.6500000000  -0.8410007375
   2.6750000000  -0.8409528229
   2.7000000000  -0.8408992273
   2.7250000000  -0.8408400023
   2.7500000000  -0.8407752668
   2.7750000000  -0.8407051991
   2.8000000000  -0.8406300289
   2.8250000000  -0.8405500302
   2.8500000000  -0.8404655137
   2.8750000000  -0.8403768202
   2.9000000000  -0.8402843137
   2.9250000000  -0.8401883756
   2.9500000000  -0.8400893988
   2.9750000000  -0.8399877827
   3.0000000000  -0.8398839283
   3.0250000000  -0.8397782342
   3.0500000000  -0.8396710925
   3.0750000000  -0.8395628856
   3.1000000000  -0.8394539836
   3.1250000000  -0.8393447412
   3.1500000000  -0.8392354967
   3.1750000000  -0.8391265693
   3.2000000000  -0.8390182586
   3.2250000000  -0.8389108431
   3.2500000000  -0.8388045800
   3.2750000000  -0.8386997046
   3.3000000000  -0.8385964302
   3.3250000000  -0.8384949481
   3.3500000000  -0.8383954283
   3.3750000000  -0.8382980193
   3.4000000000  -0.8382028494
   3.4250000000  -0.8381100270
   3.4500000000  -0.8380196415
   3.4750000000  -0.8379317643
   3.5000000000  -0.8378464497
   3.5250000000  -0.8377637360
   3.5500000000  -0.8376836464
   3.5750000000  -0.8376061903
   3.6000000000  -0.8375313641
   3.6250000000  -0.8374591525
   3.6500000000  -0.8373895294
   3.6750000000  -0.8373224590
   3.7000000000  -0.8372578968
   3.7250000000  -0.8371957908
   3.7500000000  -0.8371360820
   3.7750000000  -0.8370787056
   3.8000000000  -0.8370235918
   3.8250000000  -0.8369706667
   3.8500000000  -0.8369198529
   3.8750000000  -0.8368710703
   3.9000000000  -0.8368242369
   3.9250000000  -0.8367792691
   3.9500000000  -0.8367360827
   3.9750000000  -0.8366945933
   4.0000000000  -0.8366547163
   4.0250000000  -0.8366163683
   4.0500000000  -0.8365794667
   4.0750000000  -0.8365439304
   4.1000000000  -0.8365096801
   4.1250000000  -0.8364766384
   4.1500000000  -0.8364447305
   4.1750000000  -0.8364138840
   4.2000000000  -0.8363840291
   4.2250000000  -0.8363550991
   4.2500000000  -0.8363270301
   4.2750000000  -0.8362997615
   4.3000000000  -0.8362732357
   4.3250000000  -0.8362473985
   4.3500000000  -0.8362221987
   4.3750000000  -0.8361975886
   4.4000000000  -0.8361735237
   4.4250000000  -0.8361499625
   4.4500000000  -0.8361268670
   4.4750000000  -0.8361042020
   4.5000000000  -0.8360819356
   4.5250000000  -0.8360600386
   4.5500000000  -0.8360384848
   4.5750000000  -0.8360172508
   4.6000000000  -0.8359963156
   4.6250000000  -0.8359756609
   4.6500000000  -0.8359552708
   4.6750000000  -0.8359351315
   4.7000000000  -0.8359152314
   4.7250000000  -0.8358955609
   4.7500000000  -0.8358761123
   4.7750000000  -0.8358568795
   4.8000000000  -0.8358378580
   4.8250000000  -0.8358190447
   4.8500000000  -0.8358004380
   4.8750000000  -0.8357820372
   4.9000000000  -0.8357638428
   4.9250000000  -0.8357458562
   4.9500000000  -0.8357280795
   4.9750000000  -0.8357105155
   5.0000000000  -0.8356931677
