   0.0000000000   0.1176885438
   0.0250000000   0.1178345840
   0.0500000000   0.1184070264
   0.0750000000   0.1195513749
   0.1000000000   0.1212617813
   0.1250000000   0.1235296825
   0.1500000000   0.1263430918
   0.1750000000   0.1296876575
   0.2000000000   0.1335455047
   0.2250000000   0.1378967936
   0.2500000000   0.1427181414
   0.2750000000   0.1479846424
   0.3000000000   0.1536679093
   0.3250000000   0.1597385069
   0.3500000000   0.1661636611
   0.3750000000   0.1729100517
   0.4000000000   0.1799412423
   0.4250000000   0.1872207718
   0.4500000000   0.1947093649
   0.4750000000   0.2023682553
   0.5000000000   0.2101562429
   0.5250000000   0.2180331750
   0.5500000000   0.2259569193
   0.5750000000   0.2338869276
   0.6000000000   0.2417811919
   0.6250000000   0.2495998142
   0.6500000000   0.2573020107
   0.6750000000   0.2648496098
   0.7000000000   0.2722041665
   0.7250000000   0.2793303104
   0.7500000000   0.2861930262
   0.7750000000   0.2927607775
   0.8000000000   0.2990030006
   0.8250000000   0.3048929350
   0.8500000000   0.3104053712
   0.8750000000   0.3155191252
   0.9000000000   0.3202150717
   0.9250000000   0.3244782135
   0.9500000000   0.3282960212
   0.9750000000   0.3316600615
   1.0000000000   0.3345646584
   1.0250000000   0.3370080581
   1.0500000000   0.3389914209
   1.0750000000   0.3405195166
   1.1000000000   0.3416000477
   1.1250000000   0.3422438882
   1.1500000000   0.3424647321
   1.1750000000   0.3422789016
   1.2000000000   0.3417053095
   1.2250000000   0.3407648773
   1.2500000000   0.3394807936
   1.2750000000   0.3378775910
   1.3000000000   0.3359816779
   1.3250000000   0.3338201310
   1.3500000000   0.3314214702
   1.3750000000   0.3288142288
   1.4000000000   0.3260279370
   1.4250000000   0.3230915306
   1.4500000000   0.3200345052
   1.4750000000   0.3168852239
   1.5000000000   0.3136722006
   1.5250000000   0.3104223635
   1.5500000000   0.3071624244
   1.5750000000   0.3039171502
   1.6000000000   0.3007107756
   1.6250000000   0.2975653278
   1.6500000000   0.2945020431
   1.6750000000   0.2915397823
   1.7000000000   0.2886964144
   1.7250000000   0.2859873549
   1.7500000000   0.2834268835
   1.7750000000   0.2810268302
   1.8000000000   0.2787977987
   1.8250000000   0.2767480189
   1.8500000000   0.2748844541
   1.8750000000   0.2732118306
   1.9000000000   0.2717336131
   1.9250000000   0.2704512167
   1.9500000000   0.2693648399
   1.9750000000   0.2684728586
   2.0000000000   0.2677725119
   2.0250000000   0.2672594721
   2.0500000000   0.2669283842
   2.0750000000   0.2667726011
   2.1000000000   0.2667845814
   2.1250000000   0.2669557758
   2.1500000000   0.2672768914
   2.1750000000   0.2677379123
   2.2000000000   0.2683282413
   2.2250000000   0.2690368350
   2.2500000000   0.2698522373
   2.2750000000   0.2707628073
   2.3000000000   0.2717566593
   2.3250000000   0.2728219623
   2.3500000000   0.2739468032
   2.3750000000   0.2751195352
   2.4000000000   0.2763285815
   2.4250000000   0.2775628111
   2.4500000000   0.2788113006
   2.4750000000   0.2800637171
   2.5000000000   0.2813100549
   2.5250000000   0.2825410075
   2.5500000000   0.2837476949
   2.5750000000   0.2849220090
   2.6000000000   0.2860563469
   2.6250000000   0.2871439158
   2.6500000000   0.2881784853
   2.6750000000   0.2891546423
   2.7000000000   0.2900675728
   2.7250000000   0.2909132594
   2.7500000000   0.2916883028
   2.7750000000   0.2923900553
   2.8000000000   0.2930164899
   2.8250000000   0.2935662677
   2.8500000000   0.2940386588
   2.8750000000   0.2944335431
   2.9000000000   0.2947513869
   2.9250000000   0.2949931772
   2.9500000000   0.2951604552
   2.9750000000   0.2952551873
   3.0000000000   0.2952798543
   3.0250000000   0.2952372635
   3.0500000000   0.2951306905
   3.0750000000   0.2949636382
   3.1000000000   0.2947400269
   3.1250000000   0.2944639064
   3.1500000000   0.2941396895
   3.1750000000   0.2937718237
   3.2000000000   0.2933650623
   3.2250000000   0.2929241035
   3.2500000000   0.2924538921
   3.2750000000   0.2919592338
   3.3000000000   0.2914451208
   3.3250000000   0.2909163297
   3.3500000000   0.2903777631
   3.3750000000   0.2898340397
   3.4000000000   0.2892898457
   3.4250000000   0.2887495238
   3.4500000000   0.2882174280
   3.4750000000   0.2876975199
   3.5000000000   0.2871937202
   3.5250000000   0.2867095190
   3.5500000000   0.2862483189
   3.5750000000   0.2858130649
   3.6000000000   0.2854065747
   3.6250000000   0.2850311938
   3.6500000000   0.2846891079
   3.6750000000   0.2843820279
   3.7000000000   0.2841114813
   3.7250000000   0.2838785294
   3.7500000000   0.2836840362
   3.7750000000   0.2835284189
   3.8000000000   0.2834118930
   3.8250000000   0.2833342566
   3.8500000000   0.2832951106
   3.8750000000   0.2832936771
   3.9000000000   0.2833289939
   3.9250000000   0.2833997656
   3.9500000000   0.2835045337
   3.9750000000   0.2836415571
   4.0000000000   0.2838089595
   4.0250000000   0.2840046362
   4.0500000000   0.2842263803
   4.0750000000   0.2844718125
   4.1000000000   0.2847384881
   4.1250000000   0.2850238453
   4.1500000000   0.2853252965
   4.1750000000   0.2856401899
   4.2000000000   0.2859658881
   4.2250000000   0.2862997389
   4.2500000000   0.2866391438
   4.2750000000   0.2869815335
   4.3000000000   0.2873244304
   4.3250000000   0.2876654232
   4.3500000000   0.2880022271
   4.3750000000   0.2883326540
   4.4000000000   0.2886546723
   4.4250000000   0.2889663703
   4.4500000000   0.2892660181
   4.4750000000   0.2895520205
   4.5000000000   0.2898229844
   4.5250000000   0.2900776581
   4.5500000000   0.2903150069
   4.5750000000   0.2905341368
   4.6000000000   0.2907343795
   4.6250000000   0.2909152002
   4.6500000000   0.2910762929
   4.6750000000   0.2912174717
   4.7000000000   0.2913387771
   4.7250000000   0.2914403512
   4.7500000000   0.2915225554
   4.7750000000   0.2915858297
   4.8000000000   0.2916308224
   4.8250000000   0.2916582340
   4.8500000000   0.2916689585
   4.8750000000   0.2916639138
   4.9000000000   0.2916441936
   4.9250000000   0.2916108865
   4.9500000000   0.2915652369
   4.9750000000   0.2915084547
   5.0000000000   0.2914418847
