   0.0000000000   0.8823114651
   0.0250000000   0.8821935448
   0.0500000000   0.8816209248
   0.0750000000   0.8804767633
   0.1000000000   0.8787658265
   0.1250000000   0.8764982937
   0.1500000000   0.8736840134
   0.1750000000   0.8703399850
   0.2000000000   0.8664809440
   0.2250000000   0.8621303427
   0.2500000000   0.8573075002
   0.2750000000   0.8520418128
   0.3000000000   0.8463567761
   0.3250000000   0.8402870887
   0.3500000000   0.8338599179
   0.3750000000   0.8271144999
   0.4000000000   0.8200810770
   0.4250000000   0.8128025447
   0.4500000000   0.8053115371
   0.4750000000   0.7976536286
   0.5000000000   0.7898630805
   0.5250000000   0.7819870755
   0.5500000000   0.7740606635
   0.5750000000   0.7661314907
   0.6000000000   0.7582344942
   0.6250000000   0.7504165841
   0.6500000000   0.7427116375
   0.6750000000   0.7351646027
   0.7000000000   0.7278073289
   0.7250000000   0.7206815862
   0.7500000000   0.7138162407
   0.7750000000   0.7072487227
   0.8000000000   0.7010040143
   0.8250000000   0.6951141507
   0.8500000000   0.6895994311
   0.8750000000   0.6844856008
   0.9000000000   0.6797876281
   0.9250000000   0.6755242863
   0.9500000000   0.6717047598
   0.9750000000   0.6683404248
   1.0000000000   0.6654344588
   1.0250000000   0.6629907016
   1.0500000000   0.6610063504
   1.0750000000   0.6594778663
   1.1000000000   0.6583967451
   1.1250000000   0.6577525146
   1.1500000000   0.6575314820
   1.1750000000   0.6577169458
   1.2000000000   0.6582907384
   1.2250000000   0.6592308455
   1.2500000000   0.6605154926
   1.2750000000   0.6621184238
   1.3000000000   0.6640152239
   1.3250000000   0.6661765587
   1.3500000000   0.6685763808
   1.3750000000   0.6711834688
   1.4000000000   0.6739711397
   1.4250000000   0.6769074465
   1.4500000000   0.6799660081
   1.4750000000   0.6831152348
   1.5000000000   0.6863298897
   1.5250000000   0.6895797068
   1.5500000000   0.6928413129
   1.5750000000   0.6960865902
   1.6000000000   0.6992946114
   1.6250000000   0.7024400738
   1.6500000000   0.7055049347
   1.6750000000   0.7084672110
   1.7000000000   0.7113120419
   1.7250000000   0.7140211080
   1.7500000000   0.7165828938
   1.7750000000   0.7189829367
   1.8000000000   0.7212131068
   1.8250000000   0.7232628520
   1.8500000000   0.7251273605
   1.8750000000   0.7267999196
   1.9000000000   0.7282788740
   1.9250000000   0.7295611718
   1.9500000000   0.7306480738
   1.9750000000   0.7315399189
   2.0000000000   0.7322405812
   2.0250000000   0.7327534449
   2.0500000000   0.7330846462
   2.0750000000   0.7332402124
   2.1000000000   0.7332281560
   2.1250000000   0.7330567042
   2.1500000000   0.7327353402
   2.1750000000   0.7322740232
   2.2000000000   0.7316832946
   2.2250000000   0.7309743690
   2.2500000000   0.7301584397
   2.2750000000   0.7292475067
   2.3000000000   0.7282530264
   2.3250000000   0.7271873351
   2.3500000000   0.7260617920
   2.3750000000   0.7248886534
   2.4000000000   0.7236788588
   2.4250000000   0.7224442119
   2.4500000000   0.7211949553
   2.4750000000   0.7199421189
   2.5000000000   0.7186950210
   2.5250000000   0.7174636541
   2.5500000000   0.7162562370
   2.5750000000   0.7150815215
   2.6000000000   0.7139465049
   2.6250000000   0.7128585540
   2.6500000000   0.7118233738
   2.6750000000   0.7108468595
   2.7000000000   0.7099333990
   2.7250000000   0.7090873830
   2.7500000000   0.7083118992
   2.7750000000   0.7076098470
   2.8000000000   0.7069830660
   2.8250000000   0.7064330182
   2.8500000000   0.7059603753
   2.8750000000   0.7055652487
   2.9000000000   0.7052472445
   2.9250000000   0.7050052364
   2.9500000000   0.7048378832
   2.9750000000   0.7047429534
   3.0000000000   0.7047182874
   3.0250000000   0.7047606955
   3.0500000000   0.7048673349
   3.0750000000   0.7050342137
   3.1000000000   0.7052579447
   3.1250000000   0.7055338955
   3.1500000000   0.7058582727
   3.1750000000   0.7062259673
   3.2000000000   0.7066329168
   3.2250000000   0.7070736981
   3.2500000000   0.7075441131
   3.2750000000   0.7080385840
   3.3000000000   0.7085529044
   3.3250000000   0.7090814952
   3.3500000000   0.7096202627
   3.3750000000   0.7101637711
   3.4000000000   0.7107081505
   3.4250000000   0.7112482420
   3.4500000000   0.7117805002
   3.4750000000   0.7123001624
   3.5000000000   0.7128040955
   3.5250000000   0.7132880364
   3.5500000000   0.7137493368
   3.5750000000   0.7141843175
   3.6000000000   0.7145908720
   3.6250000000   0.7149659687
   3.6500000000   0.7153080815
   3.6750000000   0.7156148688
   3.7000000000   0.7158854049
   3.7250000000   0.7161180581
   3.7500000000   0.7163125046
   3.7750000000   0.7164678196
   3.8000000000   0.7165842646
   3.8250000000   0.7166615977
   3.8500000000   0.7167006316
   3.8750000000   0.7167017630
   3.9000000000   0.7166663066
   3.9250000000   0.7165952359
   3.9500000000   0.7164903048
   3.9750000000   0.7163529873
   4.0000000000   0.7161854029
   4.0250000000   0.7159894385
   4.0500000000   0.7157674983
   4.0750000000   0.7155217858
   4.1000000000   0.7152549050
   4.1250000000   0.7149692757
   4.1500000000   0.7146676149
   4.1750000000   0.7143524583
   4.2000000000   0.7140265509
   4.2250000000   0.7136924464
   4.2500000000   0.7133528373
   4.2750000000   0.7130102034
   4.3000000000   0.7126671116
   4.3250000000   0.7123258843
   4.3500000000   0.7119888986
   4.3750000000   0.7116582473
   4.4000000000   0.7113360635
   4.4250000000   0.7110241511
   4.4500000000   0.7107243571
   4.4750000000   0.7104381502
   4.5000000000   0.7101670618
   4.5250000000   0.7099121936
   4.5500000000   0.7096747435
   4.5750000000   0.7094554290
   4.6000000000   0.7092551094
   4.6250000000   0.7090741139
   4.6500000000   0.7089129691
   4.6750000000   0.7087716251
   4.7000000000   0.7086502922
   4.7250000000   0.7085485622
   4.7500000000   0.7084663544
   4.7750000000   0.7084029331
   4.8000000000   0.7083579594
   4.8250000000   0.7083304094
   4.8500000000   0.7083197247
   4.8750000000   0.7083246390
   4.9000000000   0.7083444175
   4.9250000000   0.7083776015
   4.9500000000   0.7084233256
   4.9750000000   0.7084799913
   5.0000000000   0.7085466491
