   0.0000000000   0.0138505933
   0.0250000000   0.0138094329
   0.0500000000   0.0136808899
   0.0750000000   0.0135939126
   0.1000000000   0.0134360463
   0.1250000000   0.0133329750
   0.1500000000   0.0131733121
   0.1750000000   0.0130892338
   0.2000000000   0.0129677729
   0.2250000000   0.0129483012
   0.2500000000   0.0129134983
   0.2750000000   0.0130101441
   0.3000000000   0.0131138169
   0.3250000000   0.0133784794
   0.3500000000   0.0136700459
   0.3750000000   0.0141490919
   0.4000000000   0.0146696529
   0.4250000000   0.0153981281
   0.4500000000   0.0161749639
   0.4750000000   0.0171715216
   0.5000000000   0.0182135872
   0.5250000000   0.0194767015
   0.5500000000   0.0207716574
   0.5750000000   0.0222776090
   0.6000000000   0.0237908102
   0.6250000000   0.0254937814
   0.6500000000   0.0271694658
   0.6750000000   0.0290038726
   0.7000000000   0.0307685549
   0.7250000000   0.0326534905
   0.7500000000   0.0344213086
   0.7750000000   0.0362667169
   0.8000000000   0.0379462293
   0.8250000000   0.0396601952
   0.8500000000   0.0411619280
   0.8750000000   0.0426583139
   0.9000000000   0.0439022446
   0.9250000000   0.0451078450
   0.9500000000   0.0460300082
   0.9750000000   0.0468904478
   1.0000000000   0.0474479581
   1.0250000000   0.0479317247
   1.0500000000   0.0481057219
   1.0750000000   0.0482059703
   1.1000000000   0.0480022622
   1.1250000000   0.0477363110
   1.1500000000   0.0471837800
   1.1750000000   0.0465905048
   1.2000000000   0.0457376021
   1.2250000000   0.0448731583
   1.2500000000   0.0437830059
   1.2750000000   0.0427154651
   1.3000000000   0.0414601887
   1.3250000000   0.0402637296
   1.3500000000   0.0389186582
   1.3750000000   0.0376679212
   1.4000000000   0.0363062155
   1.4250000000   0.0350713241
   1.4500000000   0.0337594697
   1.4750000000   0.0326020726
   1.5000000000   0.0313965060
   1.5250000000   0.0303670272
   1.5500000000   0.0293120042
   1.5750000000   0.0284481292
   1.6000000000   0.0275747945
   1.6250000000   0.0269010932
   1.6500000000   0.0262276011
   1.6750000000   0.0257560950
   1.7000000000   0.0252885597
   1.7250000000   0.0250199930
   1.7500000000   0.0247540203
   1.7750000000   0.0246795837
   1.8000000000   0.0246021373
   1.8250000000   0.0247054130
   1.8500000000   0.0247968023
   1.8750000000   0.0250557378
   1.9000000000   0.0252915597
   1.9250000000   0.0256803298
   1.9500000000   0.0260332478
   1.9750000000   0.0265239139
   2.0000000000   0.0269652086
   2.0250000000   0.0275291327
   2.0500000000   0.0280299989
   2.0750000000   0.0286390046
   2.1000000000   0.0291716011
   2.1250000000   0.0297989003
   2.1500000000   0.0303371798
   2.1750000000   0.0309580963
   2.2000000000   0.0314784476
   2.2250000000   0.0320709730
   2.2500000000   0.0325527101
   2.2750000000   0.0330979229
   2.3000000000   0.0335236468
   2.3250000000   0.0340060153
   2.3500000000   0.0343618664
   2.3750000000   0.0347694487
   2.4000000000   0.0350452551
   2.4250000000   0.0353697967
   2.4500000000   0.0355591187
   2.4750000000   0.0357960460
   2.5000000000   0.0358961117
   2.5250000000   0.0360444148
   2.5500000000   0.0360559433
   2.5750000000   0.0361179459
   2.6000000000   0.0360448576
   2.6250000000   0.0360258790
   2.6500000000   0.0358749024
   2.6750000000   0.0357828212
   2.7000000000   0.0355630113
   2.7250000000   0.0354077535
   2.7500000000   0.0351299472
   2.7750000000   0.0349229246
   2.8000000000   0.0345991621
   2.8250000000   0.0343526926
   2.8500000000   0.0339956379
   2.8750000000   0.0337223808
   2.9000000000   0.0333447719
   2.9250000000   0.0330572063
   2.9500000000   0.0326713623
   2.9750000000   0.0323813332
   3.0000000000   0.0319987381
   3.0250000000   0.0317170852
   3.0500000000   0.0313480601
   3.0750000000   0.0310843384
   3.1000000000   0.0307378056
   3.1250000000   0.0305000965
   3.1500000000   0.0301834334
   3.1750000000   0.0299782405
   3.2000000000   0.0296972119
   3.2250000000   0.0295294308
   3.2500000000   0.0292881902
   3.2750000000   0.0291611384
   3.3000000000   0.0289622821
   3.3250000000   0.0288777760
   3.3500000000   0.0287224382
   3.3750000000   0.0286809036
   3.4000000000   0.0285688794
   3.4250000000   0.0285694852
   3.4500000000   0.0284993730
   3.4750000000   0.0285401792
   3.5000000000   0.0285095333
   3.5250000000   0.0285876468
   3.5500000000   0.0285931368
   3.5750000000   0.0287048705
   3.6000000000   0.0287424418
   3.6250000000   0.0288834746
   3.6500000000   0.0289485096
   3.6750000000   0.0291140445
   3.7000000000   0.0292015206
   3.7250000000   0.0293864398
   3.7500000000   0.0294910846
   3.7750000000   0.0296900999
   3.8000000000   0.0298065405
   3.8250000000   0.0300143381
   3.8500000000   0.0301372440
   3.8750000000   0.0303486210
   3.9000000000   0.0304728384
   3.9250000000   0.0306828303
   3.9500000000   0.0308035057
   3.9750000000   0.0310075023
   4.0000000000   0.0311201929
   4.0250000000   0.0313140407
   4.0500000000   0.0314148116
   4.0750000000   0.0315949008
   4.1000000000   0.0316804039
   4.1250000000   0.0318437384
   4.1500000000   0.0319112741
   4.1750000000   0.0320555225
   4.2000000000   0.0321030814
   4.2250000000   0.0322266085
   4.2500000000   0.0322528929
   4.2750000000   0.0323547706
   4.3000000000   0.0323591946
   4.3250000000   0.0324391919
   4.3500000000   0.0324218617
   4.3750000000   0.0324804157
   4.4000000000   0.0324420897
   4.4250000000   0.0324802565
   4.4500000000   0.0324222875
   4.4750000000   0.0324416778
   4.5000000000   0.0323659397
   4.5250000000   0.0323686388
   4.5500000000   0.0322774401
   4.5750000000   0.0322659173
   4.6000000000   0.0321619049
   4.6250000000   0.0321389150
   4.6500000000   0.0320249723
   4.6750000000   0.0319934524
   4.7000000000   0.0318725943
   4.7250000000   0.0318355605
   4.7500000000   0.0317108304
   4.7750000000   0.0316712771
   4.8000000000   0.0315456483
   4.8250000000   0.0315064539
   4.8500000000   0.0313827385
   4.8750000000   0.0313465809
   4.9000000000   0.0312273502
   4.9250000000   0.0311966327
   4.9500000000   0.0310841495
   4.9750000000   0.0310609415
   5.0000000000   0.0309571074
