   0.0000000000   0.0000000000
   0.0250000000   0.2919430664
   0.0500000000   0.2910365492
   0.0750000000   0.2880734154
   0.1000000000   0.2848360029
   0.1250000000   0.2795816043
   0.1500000000   0.2741463655
   0.1750000000   0.2667570749
   0.2000000000   0.2593286377
   0.2250000000   0.2500288457
   0.2500000000   0.2408726323
   0.2750000000   0.2299427707
   0.3000000000   0.2193711336
   0.3250000000   0.2071329139
   0.3500000000   0.1954890726
   0.3750000000   0.1822889231
   0.4000000000   0.1699297875
   0.4250000000   0.1561216351
   0.4500000000   0.1434007166
   0.4750000000   0.1293293439
   0.5000000000   0.1165809817
   0.5250000000   0.1025671727
   0.5500000000   0.0900932162
   0.5750000000   0.0764217592
   0.6000000000   0.0644816357
   0.6250000000   0.0513929946
   0.6500000000   0.0401977678
   0.6750000000   0.0278838563
   0.7000000000   0.0175944687
   0.7250000000   0.0061985308
   0.7500000000  -0.0030720285
   0.7750000000  -0.0134518828
   0.8000000000  -0.0216331705
   0.8250000000  -0.0309376212
   0.8500000000  -0.0379941181
   0.8750000000  -0.0461946089
   0.9000000000  -0.0521171051
   0.9250000000  -0.0592073787
   0.9500000000  -0.0640046018
   0.9750000000  -0.0699929754
   1.0000000000  -0.0736845352
   1.0250000000  -0.0785878548
   1.0500000000  -0.0811992627
   1.0750000000  -0.0850391173
   1.1000000000  -0.0865992338
   1.1250000000  -0.0894005870
   1.1500000000  -0.0899414277
   1.1750000000  -0.0917334213
   1.2000000000  -0.0912918814
   1.2250000000  -0.0921102444
   1.2500000000  -0.0907310447
   1.2750000000  -0.0906213431
   1.3000000000  -0.0883603787
   1.3250000000  -0.0873812910
   1.3500000000  -0.0843085907
   1.3750000000  -0.0825344736
   1.4000000000  -0.0787361192
   1.4250000000  -0.0762583104
   1.4500000000  -0.0718368860
   1.4750000000  -0.0687634318
   1.5000000000  -0.0638368314
   1.5250000000  -0.0602905769
   1.5500000000  -0.0549892400
   1.5750000000  -0.0511044496
   1.6000000000  -0.0455672982
   1.6250000000  -0.0414851418
   1.6500000000  -0.0358546253
   1.6750000000  -0.0317179724
   1.7000000000  -0.0261346956
   1.7250000000  -0.0220826911
   1.7500000000  -0.0166800948
   1.7750000000  -0.0128429676
   1.8000000000  -0.0077424794
   1.8250000000  -0.0042369577
   1.8500000000   0.0004560644
   1.8750000000   0.0035304521
   1.9000000000   0.0077297680
   1.9250000000   0.0102933433
   1.9500000000   0.0139337709
   1.9750000000   0.0159282469
   2.0000000000   0.0189664958
   2.0250000000   0.0203554471
   2.0500000000   0.0227699282
   2.0750000000   0.0235382959
   2.1000000000   0.0253280530
   2.1250000000   0.0254808413
   2.1500000000   0.0266637819
   2.1750000000   0.0262241272
   2.2000000000   0.0268347433
   2.2250000000   0.0258415413
   2.2500000000   0.0259283053
   2.2750000000   0.0244335683
   2.3000000000   0.0240561653
   2.3250000000   0.0221222600
   2.3500000000   0.0213487916
   2.3750000000   0.0190456754
   2.4000000000   0.0179499361
   2.4250000000   0.0153524830
   2.4500000000   0.0140113795
   2.4750000000   0.0111968545
   2.5000000000   0.0096880143
   2.5250000000   0.0067337382
   2.5500000000   0.0051333319
   2.5750000000   0.0021145584
   2.6000000000   0.0004953526
   2.6250000000  -0.0025166240
   2.6500000000  -0.0040869753
   2.6750000000  -0.0070264713
   2.7000000000  -0.0084868868
   2.7250000000  -0.0112952246
   2.7500000000  -0.0125923972
   2.7750000000  -0.0152190335
   2.8000000000  -0.0163083612
   2.8250000000  -0.0187117338
   2.8500000000  -0.0195579697
   2.8750000000  -0.0217060530
   2.9000000000  -0.0222836665
   2.9250000000  -0.0241542311
   2.9500000000  -0.0244474794
   2.9750000000  -0.0260280594
   3.0000000000  -0.0260307761
   3.0250000000  -0.0273183559
   3.0500000000  -0.0270334759
   3.0750000000  -0.0280339195
   3.1000000000  -0.0274727640
   3.1250000000  -0.0282000188
   3.1500000000  -0.0273813773
   3.1750000000  -0.0278564891
   3.2000000000  -0.0268055386
   3.2250000000  -0.0270555222
   3.2500000000  -0.0258026266
   3.2750000000  -0.0258592358
   3.3000000000  -0.0244386733
   3.3250000000  -0.0243371162
   3.3500000000  -0.0227857761
   3.3750000000  -0.0225634176
   3.4000000000  -0.0209195106
   3.4250000000  -0.0206146022
   3.4500000000  -0.0189164207
   3.4750000000  -0.0185668927
   3.5000000000  -0.0168516544
   3.5250000000  -0.0164940019
   3.5500000000  -0.0147968060
   3.5750000000  -0.0144650943
   3.6000000000  -0.0128180121
   3.6250000000  -0.0125430229
   3.6500000000  -0.0109743432
   3.6750000000  -0.0107828773
   3.7000000000  -0.0093165162
   3.7250000000  -0.0092308638
   3.7500000000  -0.0078859486
   3.7750000000  -0.0079235324
   3.8000000000  -0.0067141600
   3.8250000000  -0.0068873508
   3.8500000000  -0.0058225166
   3.8750000000  -0.0061386162
   3.9000000000  -0.0052223055
   3.9250000000  -0.0056836867
   3.9500000000  -0.0049151131
   3.9750000000  -0.0055195021
   4.0000000000  -0.0048934774
   4.0250000000  -0.0056343590
   4.0500000000  -0.0051417721
   4.0750000000  -0.0060088982
   4.1000000000  -0.0056372811
   4.1250000000  -0.0066172571
   4.1500000000  -0.0063514127
   4.1750000000  -0.0074283393
   4.2000000000  -0.0072510087
   4.2250000000  -0.0084071541
   4.2500000000  -0.0082996971
   4.2750000000  -0.0095161765
   4.3000000000  -0.0094592455
   4.3250000000  -0.0107166867
   4.3500000000  -0.0106908723
   4.3750000000  -0.0119700471
   4.4000000000  -0.0119564787
   4.4250000000  -0.0132388843
   4.4500000000  -0.0132197700
   4.4750000000  -0.0144881455
   4.5000000000  -0.0144472397
   4.5250000000  -0.0156860070
   4.5500000000  -0.0156089977
   4.5750000000  -0.0168046187
   4.6000000000  -0.0166794265
   4.6250000000  -0.0178206727
   4.6500000000  -0.0176376608
   4.6750000000  -0.0187157916
   4.7000000000  -0.0184678858
   4.7250000000  -0.0194767377
   4.7500000000  -0.0191594586
   4.7750000000  -0.0200954486
   4.8000000000  -0.0197068614
   4.8250000000  -0.0205689097
   4.8500000000  -0.0201094989
   4.8750000000  -0.0208988795
   4.9000000000  -0.0203713567
   4.9250000000  -0.0210914844
   4.9500000000  -0.0205005400
   4.9750000000  -0.0211567056
   5.0000000000  -0.0205087154
