   0.0000000000  -0.1421818293
   0.0250000000  -0.1422043117
   0.0500000000  -0.1415607780
   0.0750000000  -0.1428388459
   0.1000000000  -0.1426757141
   0.1250000000  -0.1444360083
   0.1500000000  -0.1447667026
   0.1750000000  -0.1470252159
   0.2000000000  -0.1478679959
   0.2250000000  -0.1506449193
   0.2500000000  -0.1520215123
   0.2750000000  -0.1553396876
   0.3000000000  -0.1572735707
   0.3250000000  -0.1611566141
   0.3500000000  -0.1636709923
   0.3750000000  -0.1681411435
   0.4000000000  -0.1712566884
   0.4250000000  -0.1763324610
   0.4500000000  -0.1800648968
   0.4750000000  -0.1857586275
   0.5000000000  -0.1901162751
   0.5250000000  -0.1964316946
   0.5500000000  -0.2014131031
   0.5750000000  -0.2083430654
   0.6000000000  -0.2139348764
   0.6250000000  -0.2214593938
   0.6500000000  -0.2276345838
   0.6750000000  -0.2357193109
   0.7000000000  -0.2424359498
   0.7250000000  -0.2510312448
   0.7500000000  -0.2582318863
   0.7750000000  -0.2672725534
   0.8000000000  -0.2748843461
   0.8250000000  -0.2842901265
   0.8500000000  -0.2922256941
   0.8750000000  -0.3019025379
   0.9000000000  -0.3100616389
   0.9250000000  -0.3199037429
   0.9500000000  -0.3281756733
   0.9750000000  -0.3380682293
   1.0000000000  -0.3463348896
   1.0250000000  -0.3561574379
   1.0500000000  -0.3642969377
   1.0750000000  -0.3739271804
   1.1000000000  -0.3818178123
   1.1250000000  -0.3911356964
   1.1500000000  -0.3986600727
   1.1750000000  -0.4075519217
   1.2000000000  -0.4146010397
   1.2250000000  -0.4229634905
   1.2500000000  -0.4294404806
   1.2750000000  -0.4371839838
   1.3000000000  -0.4430073042
   1.3250000000  -0.4500589621
   1.3500000000  -0.4551648366
   1.3750000000  -0.4614704021
   1.4000000000  -0.4658143509
   1.4250000000  -0.4713392723
   1.4500000000  -0.4748966611
   1.4750000000  -0.4796261355
   1.5000000000  -0.4823917455
   1.5250000000  -0.4863298278
   1.5500000000  -0.4883165336
   1.5750000000  -0.4914844208
   1.6000000000  -0.4927211278
   1.6250000000  -0.4951548006
   1.6500000000  -0.4956838452
   1.6750000000  -0.4974312847
   1.7000000000  -0.4973055249
   1.7250000000  -0.4984237343
   1.7500000000  -0.4977035588
   1.7750000000  -0.4982556102
   1.8000000000  -0.4970060695
   1.8250000000  -0.4970583628
   1.8500000000  -0.4953465906
   1.8750000000  -0.4949664653
   1.9000000000  -0.4928595045
   1.9250000000  -0.4921132966
   1.9500000000  -0.4896763950
   1.9750000000  -0.4886279743
   2.0000000000  -0.4859233621
   2.0250000000  -0.4846331425
   2.0500000000  -0.4817192620
   2.0750000000  -0.4802436355
   2.1000000000  -0.4771747600
   2.1250000000  -0.4755658788
   2.1500000000  -0.4723920364
   2.1750000000  -0.4706978538
   2.2000000000  -0.4674649597
   2.2250000000  -0.4657294319
   2.2500000000  -0.4624795371
   2.2750000000  -0.4607428963
   2.3000000000  -0.4575144657
   2.3250000000  -0.4558134860
   2.3500000000  -0.4526416370
   2.3750000000  -0.4510098335
   2.4000000000  -0.4479264855
   2.4250000000  -0.4463942078
   2.4500000000  -0.4434281161
   2.4750000000  -0.4420225208
   2.5000000000  -0.4391991887
   2.5250000000  -0.4379440949
   2.5500000000  -0.4352855791
   2.5750000000  -0.4342012311
   2.6000000000  -0.4317258707
   2.6250000000  -0.4308286442
   2.6500000000  -0.4285507547
   2.6750000000  -0.4278528510
   2.7000000000  -0.4257824320
   2.7250000000  -0.4252916092
   2.7500000000  -0.4234341110
   2.7750000000  -0.4231534982
   2.8000000000  -0.4215096916
   2.8250000000  -0.4214377227
   2.8500000000  -0.4200037053
   2.8750000000  -0.4201342022
   2.9000000000  -0.4189015614
   2.9250000000  -0.4192239791
   2.9500000000  -0.4181801197
   2.9750000000  -0.4186799545
   3.0000000000  -0.4178085844
   3.0250000000  -0.4184679316
   3.0500000000  -0.4177496847
   3.0750000000  -0.4185479202
   3.1000000000  -0.4179610876
   3.1250000000  -0.4188756381
   3.1500000000  -0.4183969684
   3.1750000000  -0.4194041311
   3.2000000000  -0.4190096581
   3.2250000000  -0.4200854265
   3.2500000000  -0.4197512824
   3.2750000000  -0.4208721371
   3.3000000000  -0.4205753123
   3.3250000000  -0.4217189408
   3.3500000000  -0.4214379563
   3.3750000000  -0.4225838723
   3.4000000000  -0.4222993411
   3.4250000000  -0.4234293831
   3.4500000000  -0.4231244430
   3.4750000000  -0.4242231408
   3.5000000000  -0.4238837532
   3.5250000000  -0.4249385592
   3.5500000000  -0.4245536752
   3.5750000000  -0.4255550670
   3.6000000000  -0.4251166698
   3.6250000000  -0.4260581359
   3.6500000000  -0.4255611729
   3.6750000000  -0.4264390972
   3.7000000000  -0.4258813216
   3.7250000000  -0.4266947853
   3.7500000000  -0.4260765244
   3.7750000000  -0.4268270461
   3.8000000000  -0.4261509164
   3.8250000000  -0.4268421467
   3.8500000000  -0.4261127332
   3.8750000000  -0.4267501225
   3.9000000000  -0.4259736376
   3.9250000000  -0.4265640896
   3.9500000000  -0.4257480245
   3.9750000000  -0.4262995477
   4.0000000000  -0.4254523257
   4.0250000000  -0.4259736907
   4.0500000000  -0.4251043310
   4.0750000000  -0.4256047415
   4.1000000000  -0.4247225376
   4.1250000000  -0.4252113183
   4.1500000000  -0.4243255373
   4.1750000000  -0.4248118445
   4.2000000000  -0.4239314489
   4.2250000000  -0.4244240053
   4.2500000000  -0.4235574019
   4.2750000000  -0.4240642599
   4.3000000000  -0.4232190782
   4.3250000000  -0.4237474139
   4.3500000000  -0.4229303172
   4.3750000000  -0.4234862597
   4.4000000000  -0.4227027923
   4.4250000000  -0.4232912897
   4.4500000000  -0.4225457631
   4.4750000000  -0.4231704891
   4.5000000000  -0.4224659093
   4.5250000000  -0.4231292121
   4.5500000000  -0.4224672503
   4.5750000000  -0.4231701447
   4.6000000000  -0.4225511512
   4.6250000000  -0.4232933541
   4.6500000000  -0.4227164146
   4.6750000000  -0.4234964218
   4.7000000000  -0.4229594536
   4.7250000000  -0.4237746542
   4.7500000000  -0.4232745382
   4.7750000000  -0.4241213626
   4.8000000000  -0.4236541052
   4.8250000000  -0.4245281990
   4.8500000000  -0.4240891166
   4.8750000000  -0.4249855345
   4.9000000000  -0.4245694539
   4.9250000000  -0.4254828637
   4.9500000000  -0.4250843290
   4.9750000000  -0.4260092192
   5.0000000000  -0.4256226970
