   0.0000000000  -0.1421818705
   0.0250000000  -0.1422042989
   0.0500000000  -0.1425145941
   0.0750000000  -0.1428370436
   0.1000000000  -0.1436233395
   0.1250000000  -0.1444283806
   0.1500000000  -0.1457040835
   0.1750000000  -0.1470076836
   0.2000000000  -0.1487910292
   0.2250000000  -0.1506133520
   0.2500000000  -0.1529260476
   0.2750000000  -0.1552899164
   0.3000000000  -0.1581554357
   0.3250000000  -0.1610844707
   0.3500000000  -0.1645260460
   0.3750000000  -0.1680425279
   0.4000000000  -0.1720809038
   0.4250000000  -0.1762034376
   0.4500000000  -0.1808544705
   0.4750000000  -0.1855955483
   0.5000000000  -0.1908677607
   0.5250000000  -0.1962313405
   0.5500000000  -0.2021235597
   0.5750000000  -0.2081027991
   0.6000000000  -0.2146020223
   0.6250000000  -0.2211773118
   0.6500000000  -0.2282569432
   0.6750000000  -0.2353943819
   0.7000000000  -0.2430129792
   0.7250000000  -0.2506634217
   0.7500000000  -0.2587640693
   0.7750000000  -0.2668628470
   0.8000000000  -0.2753732437
   0.8250000000  -0.2838406321
   0.8500000000  -0.2926739456
   0.8750000000  -0.3014164086
   0.9000000000  -0.3104729071
   0.9250000000  -0.3193851084
   0.9500000000  -0.3285545373
   0.9750000000  -0.3375220628
   1.0000000000  -0.3466866881
   1.0250000000  -0.3555893790
   1.0500000000  -0.3646275736
   1.0750000000  -0.3733433243
   1.1000000000  -0.3821335300
   1.1250000000  -0.3905423622
   1.1500000000  -0.3989672213
   1.1750000000  -0.4069554146
   1.2000000000  -0.4149058373
   1.2250000000  -0.4223698718
   1.2500000000  -0.4297487931
   1.2750000000  -0.4365988606
   1.3000000000  -0.4433244493
   1.3250000000  -0.4494873083
   1.3500000000  -0.4554954228
   1.3750000000  -0.4609164175
   1.4000000000  -0.4661621583
   1.4250000000  -0.4708062845
   1.4500000000  -0.4752645644
   1.4750000000  -0.4791165455
   1.5000000000  -0.4827816820
   1.5250000000  -0.4858450983
   1.5500000000  -0.4887295107
   1.5750000000  -0.4910251032
   1.6000000000  -0.4931572677
   1.6250000000  -0.4947205950
   1.6500000000  -0.4961424590
   1.6750000000  -0.4970211266
   1.7000000000  -0.4977852105
   1.7250000000  -0.4980359019
   1.7500000000  -0.4982023148
   1.7750000000  -0.4978878441
   1.8000000000  -0.4975214204
   1.8250000000  -0.4967079934
   1.8500000000  -0.4958757143
   1.8750000000  -0.4946305413
   1.9000000000  -0.4933993607
   1.9250000000  -0.4917887099
   1.9500000000  -0.4902238464
   1.9750000000  -0.4883115786
   2.0000000000  -0.4864752883
   2.0250000000  -0.4843218602
   2.0500000000  -0.4822726604
   2.0750000000  -0.4799345523
   2.1000000000  -0.4777268331
   2.1250000000  -0.4752563237
   2.1500000000  -0.4729402636
   2.1750000000  -0.4703854618
   2.2000000000  -0.4680071522
   2.2250000000  -0.4654121911
   2.2500000000  -0.4630138758
   2.2750000000  -0.4604191766
   2.3000000000  -0.4580395216
   2.3250000000  -0.4554820514
   2.3500000000  -0.4531563754
   2.3750000000  -0.4506698384
   2.4000000000  -0.4484302552
   2.4250000000  -0.4460451792
   2.4500000000  -0.4439206244
   2.4750000000  -0.4416643273
   2.5000000000  -0.4396804658
   2.5250000000  -0.4375769068
   2.5500000000  -0.4357559338
   2.5750000000  -0.4338254729
   2.6000000000  -0.4321858409
   2.6250000000  -0.4304449430
   2.6500000000  -0.4290010549
   2.6750000000  -0.4274619843
   2.7000000000  -0.4262239011
   2.7250000000  -0.4248944541
   2.7500000000  -0.4238676634
   2.7750000000  -0.4227509841
   2.8000000000  -0.4219362729
   2.8250000000  -0.4210307906
   2.8500000000  -0.4204242546
   2.8750000000  -0.4197237703
   2.9000000000  -0.4193169809
   2.9250000000  -0.4188109164
   2.9500000000  -0.4185912519
   2.9750000000  -0.4182650621
   3.0000000000  -0.4182161972
   3.0250000000  -0.4180519307
   3.0500000000  -0.4181544627
   3.0750000000  -0.4181314469
   3.1000000000  -0.4183636293
   3.1250000000  -0.4184592427
   3.1500000000  -0.4187977880
   3.1750000000  -0.4189882820
   3.2000000000  -0.4194091905
   3.2250000000  -0.4196705160
   3.2500000000  -0.4201498901
   3.2750000000  -0.4204584891
   3.3000000000  -0.4209732935
   3.3250000000  -0.4213068190
   3.3500000000  -0.4218355528
   3.3750000000  -0.4221734883
   3.4000000000  -0.4226967461
   3.4250000000  -0.4230209033
   3.4500000000  -0.4235218079
   3.4750000000  -0.4238166927
   3.5000000000  -0.4242811933
   3.5250000000  -0.4245342368
   3.5500000000  -0.4249512743
   3.5750000000  -0.4251529352
   3.6000000000  -0.4255144839
   3.6250000000  -0.4256582331
   3.6500000000  -0.4259592337
   3.6750000000  -0.4260414387
   3.7000000000  -0.4262796383
   3.7250000000  -0.4262993657
   3.7500000000  -0.4264750867
   3.7750000000  -0.4264338411
   3.8000000000  -0.4265496962
   3.8250000000  -0.4264511157
   3.8500000000  -0.4265116873
   3.8750000000  -0.4263612110
   3.9000000000  -0.4263727102
   3.9250000000  -0.4261772317
   3.9500000000  -0.4261471498
   3.9750000000  -0.4259146691
   4.0000000000  -0.4258514311
   4.0250000000  -0.4255907120
   4.0500000000  -0.4255033403
   4.0750000000  -0.4252235813
   4.1000000000  -0.4251213746
   4.1250000000  -0.4248318970
   4.1500000000  -0.4247241290
   4.1750000000  -0.4244340871
   4.2000000000  -0.4243297286
   4.2250000000  -0.4240478448
   4.2500000000  -0.4239553124
   4.2750000000  -0.4236896398
   4.3000000000  -0.4236165740
   4.3250000000  -0.4233742908
   4.3500000000  -0.4233273668
   4.3750000000  -0.4231146047
   4.4000000000  -0.4230993794
   4.4250000000  -0.4229210894
   4.4500000000  -0.4229418870
   4.4750000000  -0.4228017461
   4.5000000000  -0.4228615853
   4.5250000000  -0.4227619442
   4.5500000000  -0.4228625084
   4.5750000000  -0.4228043841
   4.6000000000  -0.4229460347
   4.6250000000  -0.4229291451
   4.6500000000  -0.4231109780
   4.6750000000  -0.4231338186
   4.7000000000  -0.4233537598
   4.7250000000  -0.4234137179
   4.7500000000  -0.4236686553
   4.7750000000  -0.4237621577
   4.8000000000  -0.4240481030
   4.8250000000  -0.4241707900
   4.8500000000  -0.4244830631
   4.8750000000  -0.4246299823
   4.9000000000  -0.4249634119
   4.9250000000  -0.4251292225
   4.9500000000  -0.4254783527
   4.9750000000  -0.4256575331
   5.0000000000  -0.4260168291
