   0.0000000000  -0.1421818705
   0.0250000000   0.1497453990
   0.0500000000   0.1480331329
   0.0750000000   0.1452480318
   0.1000000000   0.1407251905
   0.1250000000   0.1351782044
   0.1500000000   0.1279563571
   0.1750000000   0.1197954690
   0.2000000000   0.1100535071
   0.2250000000   0.0994896633
   0.2500000000   0.0874646661
   0.2750000000   0.0747610868
   0.3000000000   0.0607363795
   0.3250000000   0.0461954743
   0.3500000000   0.0304867237
   0.3750000000   0.0144355526
   0.4000000000  -0.0026240826
   0.4250000000  -0.0198487249
   0.4500000000  -0.0379232724
   0.4750000000  -0.0559890158
   0.5000000000  -0.0747530720
   0.5250000000  -0.0933442875
   0.5500000000  -0.1124940835
   0.5750000000  -0.1313214364
   0.6000000000  -0.1505827858
   0.6250000000  -0.1693893774
   0.6500000000  -0.1885220329
   0.6750000000  -0.2070858563
   0.7000000000  -0.2258842024
   0.7250000000  -0.2440170616
   0.7500000000  -0.2623075046
   0.7750000000  -0.2798509681
   0.8000000000  -0.2974867862
   0.8250000000  -0.3143061117
   0.8500000000  -0.3311608318
   0.8750000000  -0.3471380311
   0.9000000000  -0.3630985612
   0.9250000000  -0.3781258453
   0.9500000000  -0.3930865634
   0.9750000000  -0.4070612903
   1.0000000000  -0.4209200887
   1.0250000000  -0.4337420459
   1.0500000000  -0.4463989716
   1.0750000000  -0.4579704167
   1.1000000000  -0.4693291008
   1.1250000000  -0.4795575166
   1.1500000000  -0.4895291255
   1.1750000000  -0.4983322081
   1.2000000000  -0.5068412521
   1.2250000000  -0.5141533097
   1.2500000000  -0.5211443684
   1.2750000000  -0.5269231125
   1.3000000000  -0.5323674276
   1.3250000000  -0.5366001110
   1.3500000000  -0.5405010469
   1.3750000000  -0.5432090328
   1.4000000000  -0.5456056012
   1.4250000000  -0.5468466974
   1.4500000000  -0.5478146354
   1.4750000000  -0.5476828480
   1.5000000000  -0.5473330712
   1.5250000000  -0.5459557710
   1.5500000000  -0.5444303512
   1.5750000000  -0.5419631453
   1.6000000000  -0.5394292298
   1.6250000000  -0.5360490642
   1.6500000000  -0.5326913432
   1.6750000000  -0.5285885013
   1.7000000000  -0.5246009199
   1.7250000000  -0.5199706257
   1.7500000000  -0.5155480413
   1.7750000000  -0.5105823370
   1.8000000000  -0.5059127433
   1.8250000000  -0.5007932053
   1.8500000000  -0.4960510181
   1.8750000000  -0.4909427268
   1.9000000000  -0.4862834675
   1.9250000000  -0.4813304838
   1.9500000000  -0.4768870307
   1.9750000000  -0.4722094680
   2.0000000000  -0.4680898947
   2.0250000000  -0.4637825388
   2.0500000000  -0.4600694310
   2.0750000000  -0.4562017453
   2.1000000000  -0.4529527937
   2.1250000000  -0.4495700747
   2.1500000000  -0.4468196869
   2.1750000000  -0.4439450940
   2.2000000000  -0.4417067396
   2.2250000000  -0.4393439151
   2.2500000000  -0.4376129303
   2.2750000000  -0.4357489455
   2.3000000000  -0.4345055466
   2.3250000000  -0.4331139454
   2.3500000000  -0.4323262490
   2.3750000000  -0.4313700115
   2.4000000000  -0.4309969080
   2.4250000000  -0.4304312081
   2.4500000000  -0.4304249882
   2.4750000000  -0.4301996696
   2.5000000000  -0.4305083522
   2.5250000000  -0.4305700923
   2.5500000000  -0.4311394370
   2.5750000000  -0.4314335992
   2.6000000000  -0.4322088195
   2.6250000000  -0.4326810167
   2.6500000000  -0.4336082208
   2.6750000000  -0.4342056265
   2.7000000000  -0.4352330240
   2.7250000000  -0.4359054658
   2.7500000000  -0.4369843744
   2.7750000000  -0.4376852454
   2.8000000000  -0.4387709285
   2.8250000000  -0.4394579406
   2.8500000000  -0.4405102964
   2.8750000000  -0.4411460949
   2.9000000000  -0.4421302110
   2.9250000000  -0.4426828582
   2.9500000000  -0.4435694377
   2.9750000000  -0.4440127703
   3.0000000000  -0.4447784295
   3.0250000000  -0.4450922872
   3.0500000000  -0.4457197236
   3.0750000000  -0.4458900465
   3.1000000000  -0.4463680720
   3.1250000000  -0.4463868625
   3.1500000000  -0.4467103004
   3.1750000000  -0.4465754484
   3.2000000000  -0.4467448913
   3.2250000000  -0.4464598613
   3.2500000000  -0.4464812939
   3.2750000000  -0.4460546798
   3.3000000000  -0.4459389709
   3.3250000000  -0.4453839263
   3.3500000000  -0.4451462026
   3.3750000000  -0.4444797606
   3.4000000000  -0.4441386787
   3.4250000000  -0.4433809804
   3.4500000000  -0.4429579179
   3.4750000000  -0.4421313741
   3.5000000000  -0.4416495671
   3.5250000000  -0.4407779814
   3.5500000000  -0.4402616385
   3.5750000000  -0.4393693240
   3.6000000000  -0.4388427497
   3.6250000000  -0.4379536715
   3.6500000000  -0.4374404304
   3.6750000000  -0.4365774055
   3.7000000000  -0.4360995597
   3.7250000000  -0.4352835448
   3.7500000000  -0.4348609900
   3.7750000000  -0.4341104791
   3.8000000000  -0.4337604013
   3.8250000000  -0.4330909528
   3.8500000000  -0.4328274206
   3.8750000000  -0.4322513231
   3.9000000000  -0.4320850211
   3.9250000000  -0.4316111022
   3.9500000000  -0.4315492058
   3.9750000000  -0.4311827788
   4.0000000000  -0.4312289642
   4.0250000000  -0.4309719030
   4.0500000000  -0.4311264777
   4.0750000000  -0.4309774047
   4.1000000000  -0.4312375429
   4.1250000000  -0.4311921108
   4.1500000000  -0.4315521738
   4.1750000000  -0.4316034220
   4.2000000000  -0.4320553421
   4.2250000000  -0.4321941055
   4.2500000000  -0.4327278142
   4.2750000000  -0.4329431657
   4.3000000000  -0.4335470456
   4.3250000000  -0.4338267534
   4.3500000000  -0.4344880976
   4.3750000000  -0.4348190812
   4.4000000000  -0.4355245446
   4.4250000000  -0.4358933169
   4.4500000000  -0.4366293482
   4.4750000000  -0.4370224314
   4.5000000000  -0.4377756746
   4.5250000000  -0.4381799829
   4.5500000000  -0.4389376420
   4.5750000000  -0.4393408231
   4.6000000000  -0.4400909839
   4.6250000000  -0.4404817156
   4.6500000000  -0.4412136193
   4.6750000000  -0.4415818573
   4.7000000000  -0.4422861254
   4.7250000000  -0.4426232993
   4.7500000000  -0.4432921052
   4.7750000000  -0.4435912630
   4.8000000000  -0.4442184513
   4.8250000000  -0.4444743503
   4.8500000000  -0.4450555030
   4.8750000000  -0.4452646481
   4.9000000000  -0.4457970988
   4.9250000000  -0.4459577303
   4.9500000000  -0.4464405275
   4.9750000000  -0.4465525595
   5.0000000000  -0.4469863837
