   0.0000000000   0.1176885438
   0.0250000000   0.1177631581
   0.0500000000   0.1180461656
   0.0750000000   0.1186128983
   0.1000000000   0.1194604528
   0.1250000000   0.1205843432
   0.1500000000   0.1219786007
   0.1750000000   0.1236357644
   0.2000000000   0.1255469188
   0.2250000000   0.1277017617
   0.2500000000   0.1300886009
   0.2750000000   0.1326944914
   0.3000000000   0.1355051966
   0.3250000000   0.1385053891
   0.3500000000   0.1416785817
   0.3750000000   0.1450073857
   0.4000000000   0.1484734191
   0.4250000000   0.1520576122
   0.4500000000   0.1557401008
   0.4750000000   0.1595005706
   0.5000000000   0.1633181410
   0.5250000000   0.1671717380
   0.5500000000   0.1710399763
   0.5750000000   0.1749015477
   0.6000000000   0.1787351074
   0.6250000000   0.1825196665
   0.6500000000   0.1862344874
   0.6750000000   0.1898594662
   0.7000000000   0.1933750425
   0.7250000000   0.1967625574
   0.7500000000   0.2000041812
   0.7750000000   0.2030832338
   0.8000000000   0.2059841321
   0.8250000000   0.2086926602
   0.8500000000   0.2111959377
   0.8750000000   0.2134826277
   0.9000000000   0.2155429275
   0.9250000000   0.2173687042
   0.9500000000   0.2189535073
   0.9750000000   0.2202926255
   1.0000000000   0.2213831204
   1.0250000000   0.2222238000
   1.0500000000   0.2228152736
   1.0750000000   0.2231598398
   1.1000000000   0.2232615634
   1.1250000000   0.2231260795
   1.1500000000   0.2227606917
   1.1750000000   0.2221740975
   1.2000000000   0.2213765087
   1.2250000000   0.2203793053
   1.2500000000   0.2191951782
   1.2750000000   0.2178377217
   1.3000000000   0.2163215991
   1.3250000000   0.2146620857
   1.3500000000   0.2128752571
   1.3750000000   0.2109774953
   1.4000000000   0.2089857000
   1.4250000000   0.2069167709
   1.4500000000   0.2047878410
   1.4750000000   0.2026157487
   1.5000000000   0.2004172914
   1.5250000000   0.1982086998
   1.5500000000   0.1960059096
   1.5750000000   0.1938240497
   1.6000000000   0.1916777290
   1.6250000000   0.1895805484
   1.6500000000   0.1875453995
   1.6750000000   0.1855840083
   1.7000000000   0.1837072426
   1.7250000000   0.1819246936
   1.7500000000   0.1802449875
   1.7750000000   0.1786754105
   1.8000000000   0.1772222207
   1.8250000000   0.1758903182
   1.8500000000   0.1746835544
   1.8750000000   0.1736044485
   1.9000000000   0.1726544899
   1.9250000000   0.1718339011
   1.9500000000   0.1711419305
   1.9750000000   0.1705766591
   2.0000000000   0.1701352818
   2.0250000000   0.1698139544
   2.0500000000   0.1696080612
   2.0750000000   0.1695120991
   2.1000000000   0.1695199294
   2.1250000000   0.1696246934
   2.1500000000   0.1698190491
   2.1750000000   0.1700951115
   2.2000000000   0.1704446741
   2.2250000000   0.1708591682
   2.2500000000   0.1713298687
   2.2750000000   0.1718478669
   2.3000000000   0.1724042612
   2.3250000000   0.1729901360
   2.3500000000   0.1735967394
   2.3750000000   0.1742154620
   2.4000000000   0.1748380022
   2.4250000000   0.1754563400
   2.4500000000   0.1760628911
   2.4750000000   0.1766504700
   2.5000000000   0.1772124357
   2.5250000000   0.1777426391
   2.5500000000   0.1782355614
   2.5750000000   0.1786862439
   2.6000000000   0.1790904194
   2.6250000000   0.1794444219
   2.6500000000   0.1797453137
   2.6750000000   0.1799907731
   2.7000000000   0.1801792182
   2.7250000000   0.1803096719
   2.7500000000   0.1803818847
   2.7750000000   0.1803961775
   2.8000000000   0.1803535636
   2.8250000000   0.1802555709
   2.8500000000   0.1801043652
   2.8750000000   0.1799025521
   2.9000000000   0.1796533038
   2.9250000000   0.1793601437
   2.9500000000   0.1790270754
   2.9750000000   0.1786583550
   3.0000000000   0.1782586228
   3.0250000000   0.1778326653
   3.0500000000   0.1773855511
   3.0750000000   0.1769223865
   3.1000000000   0.1764484547
   3.1250000000   0.1759689699
   3.1500000000   0.1754892192
   3.1750000000   0.1750143182
   3.2000000000   0.1745493570
   3.2250000000   0.1740991601
   3.2500000000   0.1736684352
   3.2750000000   0.1732615422
   3.3000000000   0.1728826436
   3.3250000000   0.1725354853
   3.3500000000   0.1722235486
   3.3750000000   0.1719498448
   3.4000000000   0.1717170683
   3.4250000000   0.1715274066
   3.4500000000   0.1713826945
   3.4750000000   0.1712842406
   3.5000000000   0.1712329813
   3.5250000000   0.1712293252
   3.5500000000   0.1712733062
   3.5750000000   0.1713644456
   3.6000000000   0.1715019042
   3.6250000000   0.1716843609
   3.6500000000   0.1719101635
   3.6750000000   0.1721772234
   3.7000000000   0.1724831638
   3.7250000000   0.1728252291
   3.7500000000   0.1732004306
   3.7750000000   0.1736054678
   3.8000000000   0.1740368717
   3.8250000000   0.1744909356
   3.8500000000   0.1749638562
   3.8750000000   0.1754516704
   3.9000000000   0.1759503940
   3.9250000000   0.1764559624
   3.9500000000   0.1769643669
   3.9750000000   0.1774715956
   4.0000000000   0.1779737674
   4.0250000000   0.1784670709
   4.0500000000   0.1789478958
   4.0750000000   0.1794127670
   4.1000000000   0.1798584733
   4.1250000000   0.1802819950
   4.1500000000   0.1806806298
   4.1750000000   0.1810519110
   4.2000000000   0.1813937322
   4.2250000000   0.1817042535
   4.2500000000   0.1819820254
   4.2750000000   0.1822258823
   4.3000000000   0.1824350653
   4.3250000000   0.1826091032
   4.3500000000   0.1827479335
   4.3750000000   0.1828517713
   4.4000000000   0.1829212292
   4.4250000000   0.1829571741
   4.4500000000   0.1829608467
   4.4750000000   0.1829337063
   4.5000000000   0.1828775513
   4.5250000000   0.1827943531
   4.5500000000   0.1826863775
   4.5750000000   0.1825560099
   4.6000000000   0.1824058775
   4.6250000000   0.1822386682
   4.6500000000   0.1820572540
   4.6750000000   0.1818645053
   4.7000000000   0.1816634161
   4.7250000000   0.1814569161
   4.7500000000   0.1812479975
   4.7750000000   0.1810395275
   4.8000000000   0.1808343767
   4.8250000000   0.1806352346
   4.8500000000   0.1804447392
   4.8750000000   0.1802652973
   4.9000000000   0.1800992162
   4.9250000000   0.1799485301
   4.9500000000   0.1798151334
   4.9750000000   0.1797006153
   5.0000000000   0.1796063947
