   0.0000000000   0.0138505933
   0.0250000000   0.0138296601
   0.0500000000   0.0137720349
   0.0750000000   0.0137202478
   0.1000000000   0.0136478866
   0.1250000000   0.0135881501
   0.1500000000   0.0135162121
   0.1750000000   0.0134673016
   0.2000000000   0.0134174924
   0.2250000000   0.0134037177
   0.2500000000   0.0134021277
   0.2750000000   0.0134508830
   0.3000000000   0.0135253117
   0.3250000000   0.0136642284
   0.3500000000   0.0138412341
   0.3750000000   0.0140951894
   0.4000000000   0.0143971300
   0.4250000000   0.0147853869
   0.4500000000   0.0152277291
   0.4750000000   0.0157614787
   0.5000000000   0.0163506347
   0.5250000000   0.0170311822
   0.5500000000   0.0177630925
   0.5750000000   0.0185808776
   0.6000000000   0.0194404958
   0.6250000000   0.0203750623
   0.6500000000   0.0213368146
   0.6750000000   0.0223577589
   0.7000000000   0.0233869604
   0.7250000000   0.0244557908
   0.7500000000   0.0255109045
   0.7750000000   0.0265836548
   0.8000000000   0.0276191958
   0.8250000000   0.0286495580
   0.8500000000   0.0296193776
   0.8750000000   0.0305620640
   0.9000000000   0.0314227077
   0.9250000000   0.0322367315
   0.9500000000   0.0329505610
   0.9750000000   0.0336021321
   1.0000000000   0.0341399274
   1.0250000000   0.0346047072
   1.0500000000   0.0349475241
   1.0750000000   0.0352120531
   1.1000000000   0.0353521941
   1.1250000000   0.0354143978
   1.1500000000   0.0353554512
   1.1750000000   0.0352242270
   1.2000000000   0.0349802235
   1.2250000000   0.0346742040
   1.2500000000   0.0342680269
   1.2750000000   0.0338136884
   1.3000000000   0.0332749352
   1.3250000000   0.0327042748
   1.3500000000   0.0320668064
   1.3750000000   0.0314148259
   1.4000000000   0.0307142449
   1.4250000000   0.0300164798
   1.4500000000   0.0292877582
   1.4750000000   0.0285780520
   1.5000000000   0.0278534893
   1.5250000000   0.0271621665
   1.5500000000   0.0264697998
   1.5750000000   0.0258223300
   1.6000000000   0.0251848611
   1.6250000000   0.0246010486
   1.6500000000   0.0240352910
   1.6750000000   0.0235289691
   1.7000000000   0.0230457739
   1.7250000000   0.0226249399
   1.7500000000   0.0222295206
   1.7750000000   0.0218968239
   1.8000000000   0.0215893826
   1.8250000000   0.0213428596
   1.8500000000   0.0211194089
   1.8750000000   0.0209533637
   1.9000000000   0.0208066462
   1.9250000000   0.0207125842
   1.9500000000   0.0206330044
   1.9750000000   0.0206005429
   2.0000000000   0.0205770470
   2.0250000000   0.0205947495
   2.0500000000   0.0206156095
   2.0750000000   0.0206717095
   2.1000000000   0.0207251857
   2.1250000000   0.0208081843
   2.1500000000   0.0208830601
   2.1750000000   0.0209821960
   2.2000000000   0.0210681878
   2.2250000000   0.0211737880
   2.2500000000   0.0212618416
   2.2750000000   0.0213655659
   2.3000000000   0.0214480535
   2.3250000000   0.0215430478
   2.3500000000   0.0216138816
   2.3750000000   0.0216948536
   2.4000000000   0.0217495265
   2.4250000000   0.0218127559
   2.4500000000   0.0218483215
   2.4750000000   0.0218916121
   2.5000000000   0.0219066107
   2.5250000000   0.0219291927
   2.5500000000   0.0219235297
   2.5750000000   0.0219259178
   2.6000000000   0.0219007004
   2.6250000000   0.0218845129
   2.6500000000   0.0218418524
   2.6750000000   0.0218095995
   2.7000000000   0.0217523867
   2.7250000000   0.0217072381
   2.7500000000   0.0216389022
   2.7750000000   0.0215844427
   2.8000000000   0.0215087063
   2.8250000000   0.0214486944
   2.8500000000   0.0213693369
   2.8750000000   0.0213074776
   2.9000000000   0.0212281195
   2.9250000000   0.0211678651
   2.9500000000   0.0210917856
   2.9750000000   0.0210361739
   3.0000000000   0.0209661704
   3.0250000000   0.0209177081
   3.0500000000   0.0208560043
   3.0750000000   0.0208165998
   3.1000000000   0.0207648028
   3.1250000000   0.0207357492
   3.1500000000   0.0206948548
   3.1750000000   0.0206768562
   3.2000000000   0.0206472963
   3.2250000000   0.0206405329
   3.2500000000   0.0206222550
   3.2750000000   0.0206264746
   3.3000000000   0.0206190427
   3.3250000000   0.0206336674
   3.3500000000   0.0206363717
   3.3750000000   0.0206606075
   3.4000000000   0.0206725722
   3.4250000000   0.0207055101
   3.4500000000   0.0207257866
   3.4750000000   0.0207664858
   3.5000000000   0.0207941256
   3.5250000000   0.0208416734
   3.5500000000   0.0208757753
   3.5750000000   0.0209293197
   3.6000000000   0.0209690492
   3.6250000000   0.0210278051
   3.6500000000   0.0210723902
   3.6750000000   0.0211356242
   3.7000000000   0.0211843314
   3.7250000000   0.0212513295
   3.7500000000   0.0213034272
   3.7750000000   0.0213734560
   3.8000000000   0.0214281751
   3.8250000000   0.0215004422
   3.8500000000   0.0215569409
   3.8750000000   0.0216305654
   3.9000000000   0.0216879058
   3.9250000000   0.0217619027
   3.9500000000   0.0218190453
   3.9750000000   0.0218923295
   4.0000000000   0.0219481470
   4.0250000000   0.0220195576
   4.0500000000   0.0220728685
   4.0750000000   0.0221412115
   4.1000000000   0.0221908311
   4.1250000000   0.0222549368
   4.1500000000   0.0222997389
   4.1750000000   0.0223585280
   4.2000000000   0.0223975125
   4.2250000000   0.0224500632
   4.2500000000   0.0224824206
   4.2750000000   0.0225280300
   4.3000000000   0.0225531971
   4.3250000000   0.0225914302
   4.3500000000   0.0226091298
   4.3750000000   0.0226398508
   4.4000000000   0.0226501133
   4.4250000000   0.0226734963
   4.4500000000   0.0226766591
   4.4750000000   0.0226931783
   4.5000000000   0.0226898649
   4.5250000000   0.0227002640
   4.5500000000   0.0226913454
   4.5750000000   0.0226965917
   4.6000000000   0.0226831330
   4.6250000000   0.0226843591
   4.6500000000   0.0226675573
   4.6750000000   0.0226659967
   4.7000000000   0.0226471148
   4.7250000000   0.0226440362
   4.7500000000   0.0226243388
   4.7750000000   0.0226209837
   4.8000000000   0.0226016778
   4.8250000000   0.0225992055
   4.8500000000   0.0225813898
   4.8750000000   0.0225808312
   4.9000000000   0.0225654557
   4.9250000000   0.0225676782
   4.9500000000   0.0225555137
   4.9750000000   0.0225611960
   5.0000000000   0.0225528145
