   0.0000000000   0.7784735215
   0.0250000000   0.7783622170
   0.0500000000   0.7778005096
   0.0750000000   0.7765525894
   0.1000000000   0.7748468582
   0.1250000000   0.7724757528
   0.1500000000   0.7696773823
   0.1750000000   0.7662491804
   0.2000000000   0.7624400047
   0.2250000000   0.7580498103
   0.2500000000   0.7533388283
   0.2750000000   0.7481069706
   0.3000000000   0.7426260576
   0.3250000000   0.7366934045
   0.3500000000   0.7305922546
   0.3750000000   0.7241148852
   0.4000000000   0.7175554583
   0.4250000000   0.7106989800
   0.4500000000   0.7038497454
   0.4750000000   0.6967835479
   0.5000000000   0.6898138149
   0.5250000000   0.6827055459
   0.5500000000   0.6757801506
   0.5750000000   0.6687906618
   0.6000000000   0.6620652377
   0.6250000000   0.6553442059
   0.6500000000   0.6489612106
   0.6750000000   0.6426435717
   0.7000000000   0.6367291733
   0.7250000000   0.6309324408
   0.7500000000   0.6255942985
   0.7750000000   0.6204167650
   0.8000000000   0.6157426691
   0.8250000000   0.6112624292
   0.8500000000   0.6073197095
   0.8750000000   0.6035943898
   0.9000000000   0.6004299628
   0.9250000000   0.5974970168
   0.9500000000   0.5951379193
   0.9750000000   0.5930153351
   1.0000000000   0.5914695972
   1.0250000000   0.5901568784
   1.0500000000   0.5894146085
   1.0750000000   0.5888939185
   1.1000000000   0.5889285104
   1.1250000000   0.5891659102
   1.1500000000   0.5899353255
   1.1750000000   0.5908820807
   1.2000000000   0.5923302026
   1.2250000000   0.5939241745
   1.2500000000   0.5959822641
   1.2750000000   0.5981494281
   1.3000000000   0.6007377356
   1.3250000000   0.6033938828
   1.3500000000   0.6064234694
   1.3750000000   0.6094761438
   1.4000000000   0.6128509565
   1.4250000000   0.6162016588
   1.4500000000   0.6198208758
   1.4750000000   0.6233675331
   1.5000000000   0.6271281585
   1.5250000000   0.6307678210
   1.5500000000   0.6345674710
   1.5750000000   0.6381991600
   1.6000000000   0.6419389469
   1.6250000000   0.6454665448
   1.6500000000   0.6490539379
   1.6750000000   0.6523889915
   1.7000000000   0.6557405196
   1.7250000000   0.6588048186
   1.7500000000   0.6618484780
   1.7750000000   0.6645762773
   1.8000000000   0.6672535203
   1.8250000000   0.6695932906
   1.8500000000   0.6718604949
   1.8750000000   0.6737761164
   1.9000000000   0.6756054636
   1.9250000000   0.6770768088
   1.9500000000   0.6784565402
   1.9750000000   0.6794794302
   2.0000000000   0.6804134817
   2.0250000000   0.6809990359
   2.0500000000   0.6815060884
   2.0750000000   0.6816795176
   2.1000000000   0.6817915287
   2.1250000000   0.6815904499
   2.1500000000   0.6813507549
   2.1750000000   0.6808231230
   2.2000000000   0.6802842075
   2.2250000000   0.6794859704
   2.2500000000   0.6787070243
   2.2750000000   0.6776996134
   2.3000000000   0.6767439765
   2.3250000000   0.6755917393
   2.3500000000   0.6745243449
   2.3750000000   0.6732920232
   2.4000000000   0.6721769341
   2.4250000000   0.6709272769
   2.4500000000   0.6698253998
   2.4750000000   0.6686169883
   2.5000000000   0.6675840344
   2.5250000000   0.6664693838
   2.5500000000   0.6655541330
   2.5750000000   0.6645781178
   2.6000000000   0.6638210274
   2.6250000000   0.6630196663
   2.6500000000   0.6624518507
   2.6750000000   0.6618514717
   2.7000000000   0.6614940682
   2.7250000000   0.6611108620
   2.7500000000   0.6609747850
   2.7750000000   0.6608147429
   2.8000000000   0.6609008162
   2.8250000000   0.6609600380
   2.8500000000   0.6612594843
   2.8750000000   0.6615248304
   2.9000000000   0.6620200885
   2.9250000000   0.6624701398
   2.9500000000   0.6631359681
   2.9750000000   0.6637422512
   3.0000000000   0.6645470695
   3.0250000000   0.6652754932
   3.0500000000   0.6661829073
   3.0750000000   0.6669953528
   3.1000000000   0.6679658007
   3.1250000000   0.6688218034
   3.1500000000   0.6698142589
   3.1750000000   0.6706727148
   3.2000000000   0.6716463834
   3.2250000000   0.6724672168
   3.2500000000   0.6733831585
   3.2750000000   0.6741288874
   3.3000000000   0.6749515072
   3.3250000000   0.6755886489
   3.3500000000   0.6762870011
   3.3750000000   0.6767872679
   3.4000000000   0.6773361273
   3.4250000000   0.6776773723
   3.4500000000   0.6780580387
   3.4750000000   0.6782249219
   3.5000000000   0.6784257346
   3.5250000000   0.6784100920
   3.5500000000   0.6784266433
   3.5750000000   0.6782275559
   3.6000000000   0.6780626077
   3.6250000000   0.6776861783
   3.6500000000   0.6773492953
   3.6750000000   0.6768081549
   3.7000000000   0.6763150814
   3.7250000000   0.6756276552
   3.7500000000   0.6749994728
   3.7750000000   0.6741890470
   3.8000000000   0.6734511553
   3.8250000000   0.6725447908
   3.8500000000   0.6717257607
   3.8750000000   0.6707531041
   3.9000000000   0.6698834556
   3.9250000000   0.6688754999
   3.9500000000   0.6679864567
   3.9750000000   0.6669743025
   4.0000000000   0.6660965713
   4.0250000000   0.6651102375
   4.0500000000   0.6642728610
   4.0750000000   0.6633401868
   4.1000000000   0.6625695084
   4.1250000000   0.6617151861
   4.1500000000   0.6610339611
   4.1750000000   0.6602787285
   4.2000000000   0.6597054080
   4.2250000000   0.6590654231
   4.2500000000   0.6586136293
   4.2750000000   0.6581000429
   4.3000000000   0.6577782470
   4.3250000000   0.6573969801
   4.3500000000   0.6572083856
   4.3750000000   0.6569601112
   4.4000000000   0.6569027391
   4.4250000000   0.6567830622
   4.4500000000   0.6568500283
   4.4750000000   0.6568498497
   4.5000000000   0.6570298169
   4.5250000000   0.6571358627
   4.5500000000   0.6574136467
   4.5750000000   0.6576091394
   4.6000000000   0.6579664418
   4.6250000000   0.6582318833
   4.6500000000   0.6586481222
   4.6750000000   0.6589621590
   4.7000000000   0.6594153618
   4.7250000000   0.6597556963
   4.7500000000   0.6602234227
   4.7750000000   0.6605677362
   4.8000000000   0.6610279928
   4.8250000000   0.6613548435
   4.8500000000   0.6617869562
   4.8750000000   0.6620766183
   4.9000000000   0.6624620287
   4.9250000000   0.6626972406
   4.9500000000   0.6630201957
   4.9750000000   0.6631867882
   5.0000000000   0.6634348989
