   0.0000000000   0.0000000000
   0.0250000000   0.1460665020
   0.0500000000   0.1457258694
   0.0750000000   0.1451073495
   0.1000000000   0.1441874339
   0.1250000000   0.1430038069
   0.1500000000   0.1415376114
   0.1750000000   0.1398315372
   0.2000000000   0.1378705737
   0.2250000000   0.1357019560
   0.2500000000   0.1333135268
   0.2750000000   0.1307563915
   0.3000000000   0.1280201151
   0.3250000000   0.1251588393
   0.3500000000   0.1221626524
   0.3750000000   0.1190878036
   0.4000000000   0.1159237109
   0.4250000000   0.1127277747
   0.4500000000   0.1094876283
   0.4750000000   0.1062609081
   0.5000000000   0.1030324937
   0.5250000000   0.0998594442
   0.5500000000   0.0967231162
   0.5750000000   0.0936793299
   0.6000000000   0.0907053884
   0.6250000000   0.0878553958
   0.6500000000   0.0851023272
   0.6750000000   0.0824982927
   0.7000000000   0.0800119179
   0.7250000000   0.0776932334
   0.7500000000   0.0755067233
   0.7750000000   0.0735004210
   0.8000000000   0.0716350637
   0.8250000000   0.0699568977
   0.8500000000   0.0684234399
   0.8750000000   0.0670794363
   0.9000000000   0.0658797802
   0.9250000000   0.0648680273
   0.9500000000   0.0639970537
   0.9750000000   0.0633095066
   1.0000000000   0.0627568070
   1.0250000000   0.0623809072
   1.0500000000   0.0621322506
   1.0750000000   0.0620522133
   1.1000000000   0.0620906307
   1.1250000000   0.0622883183
   1.1500000000   0.0625947595
   1.1750000000   0.0630501295
   1.2000000000   0.0636037148
   1.2250000000   0.0642948986
   1.2500000000   0.0650728487
   1.2750000000   0.0659759668
   1.3000000000   0.0669533361
   1.3250000000   0.0680421891
   1.3500000000   0.0691915493
   1.3750000000   0.0704373306
   1.4000000000   0.0717285449
   1.4250000000   0.0730997089
   1.4500000000   0.0744999172
   1.4750000000   0.0759623034
   1.5000000000   0.0774361979
   1.5250000000   0.0789534667
   1.5500000000   0.0804638902
   1.5750000000   0.0819982803
   1.6000000000   0.0835071320
   1.6250000000   0.0850205002
   1.6500000000   0.0864898915
   1.6750000000   0.0879449608
   1.7000000000   0.0893385312
   1.7250000000   0.0907002464
   1.7500000000   0.0919845331
   1.7750000000   0.0932214134
   1.8000000000   0.0943671619
   1.8250000000   0.0954525414
   1.8500000000   0.0964358545
   1.8750000000   0.0973489153
   1.9000000000   0.0981521563
   1.9250000000   0.0988786832
   1.9500000000   0.0994910739
   1.9750000000   0.1000238838
   2.0000000000   0.1004417652
   2.0250000000   0.1007807952
   2.0500000000   0.1010075483
   2.0750000000   0.1011596105
   2.1000000000   0.1012052563
   2.1250000000   0.1011834909
   2.1500000000   0.1010640110
   2.1750000000   0.1008870845
   2.2000000000   0.1006235137
   2.2250000000   0.1003146199
   2.2500000000   0.0999319729
   2.2750000000   0.0995176989
   2.3000000000   0.0990437923
   2.3250000000   0.0985529117
   2.3500000000   0.0980171422
   2.3750000000   0.0974793916
   2.4000000000   0.0969115243
   2.4250000000   0.0963564159
   2.4500000000   0.0957854305
   2.4750000000   0.0952411420
   2.5000000000   0.0946941751
   2.5250000000   0.0941865536
   2.5500000000   0.0936879683
   2.5750000000   0.0932396739
   2.6000000000   0.0928102811
   2.6250000000   0.0924400910
   2.6500000000   0.0920965386
   2.6750000000   0.0918188264
   2.7000000000   0.0915731685
   2.7250000000   0.0913975663
   2.7500000000   0.0912570174
   2.7750000000   0.0911882652
   2.8000000000   0.0911551427
   2.8250000000   0.0911931234
   2.8500000000   0.0912649718
   2.8750000000   0.0914049255
   2.9000000000   0.0915748157
   2.9250000000   0.0918077215
   2.9500000000   0.0920647102
   2.9750000000   0.0923778188
   3.0000000000   0.0927075476
   3.0250000000   0.0930850427
   3.0500000000   0.0934704531
   3.0750000000   0.0938942134
   3.1000000000   0.0943163480
   3.1250000000   0.0947667793
   3.1500000000   0.0952056356
   3.1750000000   0.0956625379
   3.2000000000   0.0960979393
   3.2250000000   0.0965413728
   3.2500000000   0.0969538198
   3.2750000000   0.0973649324
   3.3000000000   0.0977363991
   3.3250000000   0.0980981821
   3.3500000000   0.0984128231
   3.3750000000   0.0987107627
   3.4000000000   0.0989555040
   3.4250000000   0.0991781035
   3.4500000000   0.0993430921
   3.4750000000   0.0994822452
   3.5000000000   0.0995611444
   3.5250000000   0.0996123483
   3.5500000000   0.0996024692
   3.5750000000   0.0995648740
   3.6000000000   0.0994671450
   3.6250000000   0.0993434442
   3.6500000000   0.0991622267
   3.6750000000   0.0989584008
   3.7000000000   0.0987011675
   3.7250000000   0.0984261004
   3.7500000000   0.0981029966
   3.7750000000   0.0977679882
   3.8000000000   0.0973913034
   3.8250000000   0.0970095066
   3.8500000000   0.0965930846
   3.8750000000   0.0961788950
   3.9000000000   0.0957375118
   3.9250000000   0.0953059402
   3.9500000000   0.0948546784
   3.9750000000   0.0944207339
   4.0000000000   0.0939743796
   4.0250000000   0.0935524866
   4.0500000000   0.0931249727
   4.0750000000   0.0927284445
   4.1000000000   0.0923323578
   4.1250000000   0.0919729418
   4.1500000000   0.0916191091
   4.1750000000   0.0913066169
   4.2000000000   0.0910037803
   4.2250000000   0.0907458096
   4.2500000000   0.0905003953
   4.2750000000   0.0903021477
   4.3000000000   0.0901181318
   4.3250000000   0.0899823270
   4.3500000000   0.0898611963
   4.3750000000   0.0897880795
   4.4000000000   0.0897288840
   4.4250000000   0.0897163222
   4.4500000000   0.0897158124
   4.4750000000   0.0897594719
   4.5000000000   0.0898123136
   4.5250000000   0.0899059108
   4.5500000000   0.0900049679
   4.5750000000   0.0901405818
   4.6000000000   0.0902772555
   4.6250000000   0.0904456909
   4.6500000000   0.0906103033
   4.6750000000   0.0908014914
   4.7000000000   0.0909836987
   4.7250000000   0.0911871201
   4.7500000000   0.0913763413
   4.7750000000   0.0915814562
   4.8000000000   0.0917673011
   4.8250000000   0.0919639709
   4.8500000000   0.0921366506
   4.8750000000   0.0923155339
   4.9000000000   0.0924662395
   4.9250000000   0.0926191482
   4.9500000000   0.0927403803
   4.9750000000   0.0928605807
   5.0000000000   0.0929464198
