   0.0000000000  -0.1421818705
   0.0250000000  -0.1422053975
   0.0500000000  -0.1423877386
   0.0750000000  -0.1425943423
   0.1000000000  -0.1430515410
   0.1250000000  -0.1435375522
   0.1500000000  -0.1442794815
   0.1750000000  -0.1450573329
   0.2000000000  -0.1460987379
   0.2250000000  -0.1471851807
   0.2500000000  -0.1485444719
   0.2750000000  -0.1499591865
   0.3000000000  -0.1516568934
   0.3250000000  -0.1534208070
   0.3500000000  -0.1554777841
   0.3750000000  -0.1576111907
   0.4000000000  -0.1600466790
   0.4250000000  -0.1625672708
   0.4500000000  -0.1653969264
   0.4750000000  -0.1683178473
   0.5000000000  -0.1715518484
   0.5250000000  -0.1748798810
   0.5500000000  -0.1785212197
   0.5750000000  -0.1822552060
   0.6000000000  -0.1862982597
   0.6250000000  -0.1904278424
   0.6500000000  -0.1948573029
   0.6750000000  -0.1993620568
   0.7000000000  -0.2041522744
   0.7250000000  -0.2090012725
   0.7500000000  -0.2141160502
   0.7750000000  -0.2192678876
   0.8000000000  -0.2246607349
   0.8250000000  -0.2300640096
   0.8500000000  -0.2356788427
   0.8750000000  -0.2412730660
   0.9000000000  -0.2470453178
   0.9250000000  -0.2527622107
   0.9500000000  -0.2586202972
   0.9750000000  -0.2643854079
   1.0000000000  -0.2702524783
   1.0250000000  -0.2759870451
   1.0500000000  -0.2817829354
   1.0750000000  -0.2874059094
   1.1000000000  -0.2930492115
   1.1250000000  -0.2984793490
   1.1500000000  -0.3038895056
   1.1750000000  -0.3090474443
   1.2000000000  -0.3141467844
   1.2250000000  -0.3189570191
   1.2500000000  -0.3236726573
   1.2750000000  -0.3280653458
   1.3000000000  -0.3323308791
   1.3250000000  -0.3362434180
   1.3500000000  -0.3400003711
   1.3750000000  -0.3433787021
   1.4000000000  -0.3465776874
   1.4250000000  -0.3493773074
   1.4500000000  -0.3519788849
   1.4750000000  -0.3541655550
   1.5000000000  -0.3561407916
   1.5250000000  -0.3576909519
   1.5500000000  -0.3590216976
   1.5750000000  -0.3599226103
   1.6000000000  -0.3606015158
   1.6250000000  -0.3608511670
   1.6500000000  -0.3608814782
   1.6750000000  -0.3604882735
   1.7000000000  -0.3598834385
   1.7250000000  -0.3588657304
   1.7500000000  -0.3576488547
   1.7750000000  -0.3560343340
   1.8000000000  -0.3542375154
   1.8250000000  -0.3520624950
   1.8500000000  -0.3497260618
   1.8750000000  -0.3470346733
   1.9000000000  -0.3442063418
   1.9250000000  -0.3410496566
   1.9500000000  -0.3377836174
   1.9750000000  -0.3342186977
   2.0000000000  -0.3305746308
   2.0250000000  -0.3266635093
   2.0500000000  -0.3227055280
   2.0750000000  -0.3185141145
   2.1000000000  -0.3143096335
   2.1250000000  -0.3099065448
   2.1500000000  -0.3055250732
   2.1750000000  -0.3009803891
   2.2000000000  -0.2964922510
   2.2250000000  -0.2918762043
   2.2500000000  -0.2873512019
   2.2750000000  -0.2827328188
   2.3000000000  -0.2782388577
   2.3250000000  -0.2736845763
   2.3500000000  -0.2692862855
   2.3750000000  -0.2648585876
   2.4000000000  -0.2606159744
   2.4250000000  -0.2563720745
   2.4500000000  -0.2523392601
   2.4750000000  -0.2483299010
   2.5000000000  -0.2445539882
   2.5250000000  -0.2408223929
   2.5500000000  -0.2373425149
   2.5750000000  -0.2339235438
   2.6000000000  -0.2307701397
   2.6250000000  -0.2276896940
   2.6500000000  -0.2248840485
   2.6750000000  -0.2221587521
   2.7000000000  -0.2197128241
   2.7250000000  -0.2173500019
   2.7500000000  -0.2152665535
   2.7750000000  -0.2132645104
   2.8000000000  -0.2115375327
   2.8250000000  -0.2098861206
   2.8500000000  -0.2085015356
   2.8750000000  -0.2071829825
   2.9000000000  -0.2061195888
   2.9250000000  -0.2051095495
   2.9500000000  -0.2043401659
   2.9750000000  -0.2036089450
   3.0000000000  -0.2031016985
   3.0250000000  -0.2026155885
   3.0500000000  -0.2023352880
   3.0750000000  -0.2020579637
   3.1000000000  -0.2019674999
   3.1250000000  -0.2018614098
   3.1500000000  -0.2019231243
   3.1750000000  -0.2019508243
   3.2000000000  -0.2021277961
   3.2250000000  -0.2022531777
   3.2500000000  -0.2025103837
   3.2750000000  -0.2026997584
   3.3000000000  -0.2030050735
   3.3250000000  -0.2032280826
   3.3500000000  -0.2035530953
   3.3750000000  -0.2037834277
   3.4000000000  -0.2041040572
   3.4250000000  -0.2043199643
   3.4500000000  -0.2046168737
   3.4750000000  -0.2048014825
   3.5000000000  -0.2050602928
   3.5250000000  -0.2052017227
   3.5500000000  -0.2054130361
   3.5750000000  -0.2055043333
   3.6000000000  -0.2056635835
   3.6250000000  -0.2057024912
   3.6500000000  -0.2058096382
   3.6750000000  -0.2057982228
   3.7000000000  -0.2058573165
   3.7250000000  -0.2058014739
   3.7500000000  -0.2058201098
   3.7750000000  -0.2057289763
   3.8000000000  -0.2057176676
   3.8250000000  -0.2056029609
   3.8500000000  -0.2055744544
   3.8750000000  -0.2054497695
   3.9000000000  -0.2054183287
   3.9250000000  -0.2052984150
   3.9500000000  -0.2052790961
   3.9750000000  -0.2051791386
   4.0000000000  -0.2051870833
   4.0250000000  -0.2051220120
   4.0500000000  -0.2051717794
   4.0750000000  -0.2051556288
   4.1000000000  -0.2052605871
   4.1250000000  -0.2053059250
   4.1500000000  -0.2054777214
   4.1750000000  -0.2055951641
   4.2000000000  -0.2058432890
   4.2250000000  -0.2060411172
   4.2500000000  -0.2063725740
   4.2750000000  -0.2066564586
   4.3000000000  -0.2070755477
   4.3250000000  -0.2074483929
   4.3500000000  -0.2079566133
   4.3750000000  -0.2084185166
   4.4000000000  -0.2090145845
   4.4250000000  -0.2095629120
   4.4500000000  -0.2102428902
   4.4750000000  -0.2108724583
   4.5000000000  -0.2116299873
   4.5250000000  -0.2123333393
   4.5500000000  -0.2131599556
   4.5750000000  -0.2139277178
   4.6000000000  -0.2148132431
   4.6250000000  -0.2156345414
   4.6500000000  -0.2165675220
   4.6750000000  -0.2174304400
   4.7000000000  -0.2183986170
   4.7250000000  -0.2192906723
   4.7500000000  -0.2202814605
   4.7750000000  -0.2211900810
   4.8000000000  -0.2221910362
   4.8250000000  -0.2231040139
   4.8500000000  -0.2241032692
   4.8750000000  -0.2250091748
   4.9000000000  -0.2259958297
   4.9250000000  -0.2268843722
   4.9500000000  -0.2278488198
   4.9750000000  -0.2287111389
   5.0000000000  -0.2296453207
