   0.0000000000  -0.1421818293
   0.0250000000  -0.1422054118
   0.0500000000  -0.1419107055
   0.0750000000  -0.1425951919
   0.1000000000  -0.1425773946
   0.1250000000  -0.1435409461
   0.1500000000  -0.1438099112
   0.1750000000  -0.1450649444
   0.2000000000  -0.1456353887
   0.2250000000  -0.1471986267
   0.2500000000  -0.1480889213
   0.2750000000  -0.1499800045
   0.3000000000  -0.1512106272
   0.3250000000  -0.1534504299
   0.3500000000  -0.1550421698
   0.3750000000  -0.1576509191
   0.4000000000  -0.1596229374
   0.4250000000  -0.1626182436
   0.4500000000  -0.1649861017
   0.4750000000  -0.1683810125
   0.5000000000  -0.1711547792
   0.5250000000  -0.1749559666
   0.5500000000  -0.1781385114
   0.5750000000  -0.1823446946
   0.6000000000  -0.1859302609
   0.6250000000  -0.1905309501
   0.6500000000  -0.1945040875
   0.6750000000  -0.1994787188
   0.7000000000  -0.2038136316
   0.7250000000  -0.2091311376
   0.7500000000  -0.2137914833
   0.7750000000  -0.2194103221
   0.8000000000  -0.2243494705
   0.8250000000  -0.2302181113
   0.8500000000  -0.2353798499
   0.8750000000  -0.2414376891
   0.9000000000  -0.2467573386
   0.9250000000  -0.2529360005
   0.9500000000  -0.2583418850
   0.9750000000  -0.2645668440
   1.0000000000  -0.2699820449
   1.0250000000  -0.2761744910
   1.0500000000  -0.2815188033
   1.0750000000  -0.2875976662
   1.1000000000  -0.2927896685
   1.1250000000  -0.2986737113
   1.1500000000  -0.3036328603
   1.1750000000  -0.3092427538
   1.2000000000  -0.3138914185
   1.2250000000  -0.3191517155
   1.2500000000  -0.3234170733
   1.2750000000  -0.3282580105
   1.3000000000  -0.3320737406
   1.3250000000  -0.3364328107
   1.3500000000  -0.3397405346
   1.3750000000  -0.3435637873
   1.4000000000  -0.3463142240
   1.4250000000  -0.3495572717
   1.4500000000  -0.3517110926
   1.4750000000  -0.3543398141
   1.5000000000  -0.3558681975
   1.5250000000  -0.3578591482
   1.5500000000  -0.3587440512
   1.5750000000  -0.3600846025
   1.6000000000  -0.3603187747
   1.6250000000  -0.3610070120
   1.6500000000  -0.3605937876
   1.6750000000  -0.3606382040
   1.7000000000  -0.3595911061
   1.7250000000  -0.3590101275
   1.7500000000  -0.3573523228
   1.7750000000  -0.3561736991
   1.8000000000  -0.3539373317
   1.8250000000  -0.3521974205
   1.8500000000  -0.3494228510
   1.8750000000  -0.3471658146
   1.9000000000  -0.3439007784
   1.9250000000  -0.3411777063
   1.9500000000  -0.3374764009
   1.9750000000  -0.3343443623
   2.0000000000  -0.3302664647
   2.0250000000  -0.3267874900
   2.0500000000  -0.3223971021
   2.0750000000  -0.3186370911
   2.1000000000  -0.3140016096
   2.1250000000  -0.3100291639
   2.1500000000  -0.3052180750
   2.1750000000  -0.3011032551
   2.2000000000  -0.2961868570
   2.2250000000  -0.2919998739
   2.2500000000  -0.2870479411
   2.2750000000  -0.2828577980
   2.3000000000  -0.2779382075
   2.3250000000  -0.2738113191
   2.3500000000  -0.2689886715
   2.3750000000  -0.2649874965
   2.4000000000  -0.2603217710
   2.4250000000  -0.2565035015
   2.4500000000  -0.2520487920
   2.4750000000  -0.2484641492
   2.5000000000  -0.2442675319
   2.5250000000  -0.2409597180
   2.5500000000  -0.2370603003
   2.5750000000  -0.2340641556
   2.6000000000  -0.2304923514
   2.6250000000  -0.2278337575
   2.6500000000  -0.2246108270
   2.6750000000  -0.2223063885
   2.7000000000  -0.2194442661
   2.7250000000  -0.2175012892
   2.7500000000  -0.2150027133
   2.7750000000  -0.2134194844
   2.8000000000  -0.2112784224
   2.8250000000  -0.2100447755
   2.8500000000  -0.2082471264
   2.8750000000  -0.2073452723
   2.9000000000  -0.2058698126
   2.9250000000  -0.2052753897
   2.9500000000  -0.2040949173
   2.9750000000  -0.2037782150
   3.0000000000  -0.2028608375
   3.0250000000  -0.2027881349
   3.0500000000  -0.2020986434
   3.0750000000  -0.2022336041
   3.1000000000  -0.2017348738
   3.1250000000  -0.2020399368
   3.1500000000  -0.2016942961
   3.1750000000  -0.2021320105
   3.2000000000  -0.2019025278
   3.2250000000  -0.2024367811
   3.2500000000  -0.2022884251
   3.2750000000  -0.2028855268
   3.3000000000  -0.2027861670
   3.3250000000  -0.2034157592
   3.3500000000  -0.2033369809
   3.3750000000  -0.2039727553
   3.4000000000  -0.2038904764
   3.4250000000  -0.2045106894
   3.4500000000  -0.2044055740
   3.4750000000  -0.2049933589
   3.5000000000  -0.2048510300
   3.5250000000  -0.2053945140
   3.5500000000  -0.2052055771
   3.5750000000  -0.2056978151
   3.6000000000  -0.2054577078
   3.6250000000  -0.2058964521
   3.6500000000  -0.2056051388
   3.6750000000  -0.2059924650
   3.7000000000  -0.2056540002
   3.7250000000  -0.2059958136
   3.7500000000  -0.2056177969
   3.7750000000  -0.2059232428
   3.8000000000  -0.2055161915
   3.8250000000  -0.2057969963
   3.8500000000  -0.2053736607
   3.8750000000  -0.2056434279
   3.9000000000  -0.2052180746
   3.9250000000  -0.2054915614
   3.9500000000  -0.2050792496
   3.9750000000  -0.2053716484
   4.0000000000  -0.2049875223
   4.0250000000  -0.2053137705
   4.0500000000  -0.2049723915
   4.0750000000  -0.2053465309
   4.1000000000  -0.2050612694
   4.1250000000  -0.2054958749
   4.1500000000  -0.2052783806
   4.1750000000  -0.2057840760
   4.2000000000  -0.2056438418
   4.2250000000  -0.2062289156
   4.2500000000  -0.2061729480
   4.2750000000  -0.2068430791
   4.3000000000  -0.2068756820
   4.3250000000  -0.2076337832
   4.3500000000  -0.2077564596
   4.3750000000  -0.2086026374
   4.4000000000  -0.2088141079
   4.4250000000  -0.2097457381
   4.4500000000  -0.2100420703
   4.4750000000  -0.2110539792
   4.5000000000  -0.2114288190
   4.5250000000  -0.2125135602
   4.5500000000  -0.2129584497
   4.5750000000  -0.2141066600
   4.6000000000  -0.2146114265
   4.6250000000  -0.2158122422
   4.6500000000  -0.2163654376
   4.6750000000  -0.2176069525
   4.7000000000  -0.2181963232
   4.7250000000  -0.2194660647
   4.7500000000  -0.2200790304
   4.7750000000  -0.2213644357
   4.8000000000  -0.2219885561
   4.8250000000  -0.2232774254
   4.8500000000  -0.2239008370
   4.8750000000  -0.2251817484
   4.9000000000  -0.2257935526
   4.9250000000  -0.2270562214
   4.9500000000  -0.2276468119
   4.9750000000  -0.2288823825
   5.0000000000  -0.2294437004
