   0.0000000000  -0.8447834039
   0.0250000000  -0.8446523436
   0.0500000000  -0.8442579033
   0.0750000000  -0.8436047816
   0.1000000000  -0.8426994705
   0.1250000000  -0.8415508742
   0.1500000000  -0.8401702335
   0.1750000000  -0.8385709758
   0.2000000000  -0.8367685361
   0.2250000000  -0.8347801541
   0.2500000000  -0.8326246483
   0.2750000000  -0.8303221737
   0.3000000000  -0.8278939639
   0.3250000000  -0.8253620654
   0.3500000000  -0.8227490648
   0.3750000000  -0.8200778154
   0.4000000000  -0.8173711671
   0.4250000000  -0.8146517023
   0.4500000000  -0.8119414833
   0.4750000000  -0.8092618134
   0.5000000000  -0.8066330155
   0.5250000000  -0.8040742305
   0.5500000000  -0.8016032387
   0.5750000000  -0.7992363046
   0.6000000000  -0.7969880481
   0.6250000000  -0.7948713414
   0.6500000000  -0.7928972340
   0.6750000000  -0.7910749032
   0.7000000000  -0.7894116327
   0.7250000000  -0.7879128155
   0.7500000000  -0.7865819819
   0.7750000000  -0.7854208500
   0.8000000000  -0.7844293975
   0.8250000000  -0.7836059519
   0.8500000000  -0.7829472974
   0.8750000000  -0.7824487962
   0.9000000000  -0.7821045209
   0.9250000000  -0.7819073967
   0.9500000000  -0.7818493489
   0.9750000000  -0.7819214557
   1.0000000000  -0.7821141019
   1.0250000000  -0.7824171318
   1.0500000000  -0.7828199994
   1.0750000000  -0.7833119145
   1.1000000000  -0.7838819809
   1.1250000000  -0.7845193280
   1.1500000000  -0.7852132317
   1.1750000000  -0.7859532265
   1.2000000000  -0.7867292043
   1.2250000000  -0.7875315037
   1.2500000000  -0.7883509847
   1.2750000000  -0.7891790932
   1.3000000000  -0.7900079116
   1.3250000000  -0.7908301979
   1.3500000000  -0.7916394133
   1.3750000000  -0.7924297379
   1.4000000000  -0.7931960769
   1.4250000000  -0.7939340559
   1.4500000000  -0.7946400082
   1.4750000000  -0.7953109539
   1.5000000000  -0.7959445716
   1.5250000000  -0.7965391646
   1.5500000000  -0.7970936220
   1.5750000000  -0.7976073751
   1.6000000000  -0.7980803519
   1.6250000000  -0.7985129286
   1.6500000000  -0.7989058797
   1.6750000000  -0.7992603284
   1.7000000000  -0.7995776969
   1.7250000000  -0.7998596572
   1.7500000000  -0.8001080843
   1.7750000000  -0.8003250109
   1.8000000000  -0.8005125849
   1.8250000000  -0.8006730294
   1.8500000000  -0.8008086067
   1.8750000000  -0.8009215844
   1.9000000000  -0.8010142063
   1.9250000000  -0.8010886657
   1.9500000000  -0.8011470833
   1.9750000000  -0.8011914880
   2.0000000000  -0.8012238010
   2.0250000000  -0.8012458240
   2.0500000000  -0.8012592292
   2.0750000000  -0.8012655536
   2.1000000000  -0.8012661950
   2.1250000000  -0.8012624109
   2.1500000000  -0.8012553191
   2.1750000000  -0.8012459009
   2.2000000000  -0.8012350054
   2.2250000000  -0.8012233549
   2.2500000000  -0.8012115526
   2.2750000000  -0.8012000900
   2.3000000000  -0.8011893554
   2.3250000000  -0.8011796427
   2.3500000000  -0.8011711611
   2.3750000000  -0.8011640439
   2.4000000000  -0.8011583579
   2.4250000000  -0.8011541120
   2.4500000000  -0.8011512666
   2.4750000000  -0.8011497411
   2.5000000000  -0.8011494220
   2.5250000000  -0.8011501698
   2.5500000000  -0.8011518259
   2.5750000000  -0.8011542182
   2.6000000000  -0.8011571668
   2.6250000000  -0.8011604881
   2.6500000000  -0.8011639993
   2.6750000000  -0.8011675219
   2.7000000000  -0.8011708841
   2.7250000000  -0.8011739233
   2.7500000000  -0.8011764884
   2.7750000000  -0.8011784403
   2.8000000000  -0.8011796537
   2.8250000000  -0.8011800172
   2.8500000000  -0.8011794334
   2.8750000000  -0.8011778195
   2.9000000000  -0.8011751066
   2.9250000000  -0.8011712393
   2.9500000000  -0.8011661753
   2.9750000000  -0.8011598843
   3.0000000000  -0.8011523479
   3.0250000000  -0.8011435580
   3.0500000000  -0.8011335164
   3.0750000000  -0.8011222335
   3.1000000000  -0.8011097279
   3.1250000000  -0.8010960250
   3.1500000000  -0.8010811567
   3.1750000000  -0.8010651601
   3.2000000000  -0.8010480769
   3.2250000000  -0.8010299529
   3.2500000000  -0.8010108370
   3.2750000000  -0.8009907809
   3.3000000000  -0.8009698385
   3.3250000000  -0.8009480653
   3.3500000000  -0.8009255178
   3.3750000000  -0.8009022536
   3.4000000000  -0.8008783306
   3.4250000000  -0.8008538069
   3.4500000000  -0.8008287406
   3.4750000000  -0.8008031892
   3.5000000000  -0.8007772098
   3.5250000000  -0.8007508587
   3.5500000000  -0.8007241913
   3.5750000000  -0.8006972620
   3.6000000000  -0.8006701240
   3.6250000000  -0.8006428290
   3.6500000000  -0.8006154277
   3.6750000000  -0.8005879692
   3.7000000000  -0.8005605009
   3.7250000000  -0.8005330688
   3.7500000000  -0.8005057174
   3.7750000000  -0.8004784891
   3.8000000000  -0.8004514251
   3.8250000000  -0.8004245643
   3.8500000000  -0.8003979443
   3.8750000000  -0.8003716006
   3.9000000000  -0.8003455670
   3.9250000000  -0.8003198756
   3.9500000000  -0.8002945563
   3.9750000000  -0.8002696376
   4.0000000000  -0.8002451459
   4.0250000000  -0.8002211059
   4.0500000000  -0.8001975404
   4.0750000000  -0.8001744705
   4.1000000000  -0.8001519154
   4.1250000000  -0.8001298926
   4.1500000000  -0.8001084178
   4.1750000000  -0.8000875052
   4.2000000000  -0.8000671669
   4.2250000000  -0.8000474138
   4.2500000000  -0.8000282548
   4.2750000000  -0.8000096974
   4.3000000000  -0.7999917475
   4.3250000000  -0.7999744095
   4.3500000000  -0.7999576862
   4.3750000000  -0.7999415791
   4.4000000000  -0.7999260882
   4.4250000000  -0.7999112124
   4.4500000000  -0.7998969489
   4.4750000000  -0.7998832941
   4.5000000000  -0.7998702430
   4.5250000000  -0.7998577894
   4.5500000000  -0.7998459262
   4.5750000000  -0.7998346452
   4.6000000000  -0.7998239374
   4.6250000000  -0.7998137926
   4.6500000000  -0.7998042003
   4.6750000000  -0.7997951487
   4.7000000000  -0.7997866258
   4.7250000000  -0.7997786187
   4.7500000000  -0.7997711141
   4.7750000000  -0.7997640980
   4.8000000000  -0.7997575563
   4.8250000000  -0.7997514744
   4.8500000000  -0.7997458373
   4.8750000000  -0.7997406299
   4.9000000000  -0.7997358370
   4.9250000000  -0.7997314432
   4.9500000000  -0.7997274328
   4.9750000000  -0.7997237904
   5.0000000000  -0.7997205005
