	0.0        -0.6066
   0.0250000000  -0.6066357617
   0.0500000000  -0.6069242171
   0.0750000000  -0.6073751044
   0.1000000000  -0.6082127277
   0.1250000000  -0.6092123579
   0.1500000000  -0.6105965634
   0.1750000000  -0.6121398309
   0.2000000000  -0.6140626360
   0.2250000000  -0.6161382727
   0.2500000000  -0.6185846756
   0.2750000000  -0.6211734687
   0.3000000000  -0.6241195593
   0.3250000000  -0.6271924164
   0.3500000000  -0.6306034591
   0.3750000000  -0.6341195759
   0.4000000000  -0.6379483308
   0.4250000000  -0.6418537342
   0.4500000000  -0.6460392876
   0.4750000000  -0.6502660145
   0.5000000000  -0.6547333628
   0.5250000000  -0.6591994996
   0.5500000000  -0.6638600838
   0.5750000000  -0.6684708246
   0.6000000000  -0.6732241319
   0.6250000000  -0.6778739304
   0.6500000000  -0.6826101886
   0.6750000000  -0.6871859741
   0.7000000000  -0.6917898554
   0.7250000000  -0.6961751768
   0.7500000000  -0.7005303214
   0.7750000000  -0.7046101799
   0.8000000000  -0.7086042570
   0.8250000000  -0.7122703046
   0.8500000000  -0.7158002529
   0.8750000000  -0.7189559767
   0.9000000000  -0.7219330317
   0.9250000000  -0.7244985250
   0.9500000000  -0.7268526398
   0.9750000000  -0.7287685842
   1.0000000000  -0.7304518923
   1.0250000000  -0.7316824332
   1.0500000000  -0.7326714824
   1.0750000000  -0.7332057785
   1.1000000000  -0.7335023688
   1.1250000000  -0.7333547096
   1.1500000000  -0.7329852950
   1.1750000000  -0.7321938056
   1.2000000000  -0.7312075378
   1.2250000000  -0.7298316098
   1.2500000000  -0.7282972141
   1.2750000000  -0.7264138957
   1.3000000000  -0.7244156531
   1.3250000000  -0.7221153044
   1.3500000000  -0.7197484642
   1.3750000000  -0.7171300131
   1.4000000000  -0.7144959763
   1.4250000000  -0.7116621108
   1.4500000000  -0.7088637075
   1.4750000000  -0.7059163069
   1.5000000000  -0.7030534434
   1.5250000000  -0.7000894949
   1.5500000000  -0.6972553840
   1.5750000000  -0.6943635619
   1.6000000000  -0.6916416763
   1.6250000000  -0.6888996864
   1.6500000000  -0.6863615024
   1.6750000000  -0.6838342254
   1.7000000000  -0.6815377599
   1.7250000000  -0.6792761690
   1.7500000000  -0.6772652602
   1.7750000000  -0.6753060442
   1.8000000000  -0.6736102917
   1.8250000000  -0.6719760849
   1.8500000000  -0.6706113431
   1.8750000000  -0.6693114537
   1.9000000000  -0.6682807654
   1.9250000000  -0.6673122877
   1.9500000000  -0.6666071499
   1.9750000000  -0.6659563583
   2.0000000000  -0.6655582208
   2.0250000000  -0.6652021524
   2.0500000000  -0.6650840657
   2.0750000000  -0.6649922160
   2.1000000000  -0.6651205593
   2.1250000000  -0.6652566284
   2.1500000000  -0.6655928607
   2.1750000000  -0.6659164985
   2.2000000000  -0.6664188885
   2.2250000000  -0.6668873990
   2.2500000000  -0.6675126941
   2.2750000000  -0.6680826610
   2.3000000000  -0.6687876622
   2.3250000000  -0.6694164656
   2.3500000000  -0.6701594780
   2.3750000000  -0.6708066707
   2.4000000000  -0.6715487986
   2.4250000000  -0.6721773149
   2.4500000000  -0.6728835779
   2.4750000000  -0.6734607490
   2.5000000000  -0.6741009924
   2.5250000000  -0.6745993486
   2.5500000000  -0.6751489320
   2.5750000000  -0.6755467749
   2.6000000000  -0.6759870268
   2.6250000000  -0.6762687646
   2.6500000000  -0.6765871990
   2.6750000000  -0.6767434458
   2.7000000000  -0.6769337460
   2.7250000000  -0.6769611946
   2.7500000000  -0.6770229795
   2.7750000000  -0.6769240656
   2.8000000000  -0.6768624596
   2.8250000000  -0.6766448451
   2.8500000000  -0.6764698817
   2.8750000000  -0.6761457880
   2.9000000000  -0.6758716816
   2.9250000000  -0.6754571087
   2.9500000000  -0.6751014317
   2.9750000000  -0.6746153024
   3.0000000000  -0.6741981051
   3.0250000000  -0.6736613700
   3.0500000000  -0.6732042794
   3.0750000000  -0.6726390185
   3.1000000000  -0.6721643506
   3.1250000000  -0.6715929026
   3.1500000000  -0.6711228153
   3.1750000000  -0.6705669603
   3.2000000000  -0.6701226715
   3.2250000000  -0.6696028892
   3.2500000000  -0.6692039789
   3.2750000000  -0.6687387979
   3.3000000000  -0.6684026069
   3.3250000000  -0.6680080557
   3.3500000000  -0.6677491911
   3.3750000000  -0.6674383582
   3.4000000000  -0.6672683099
   3.4250000000  -0.6670510176
   3.4500000000  -0.6669778883
   3.4750000000  -0.6668604800
   3.5000000000  -0.6668888300
   3.5250000000  -0.6668740709
   3.5500000000  -0.6670048747
   3.5750000000  -0.6670919644
   3.6000000000  -0.6673226780
   3.6250000000  -0.6675073709
   3.6500000000  -0.6678321046
   3.6750000000  -0.6681069342
   3.7000000000  -0.6685167266
   3.7250000000  -0.6688713275
   3.7500000000  -0.6693545132
   3.7750000000  -0.6697760324
   3.8000000000  -0.6703186945
   3.8250000000  -0.6707922814
   3.8500000000  -0.6713787758
   3.8750000000  -0.6718881375
   3.9000000000  -0.6725016750
   3.9250000000  -0.6730296801
   3.9500000000  -0.6736529467
   3.9750000000  -0.6741822572
   4.0000000000  -0.6747980520
   4.0250000000  -0.6753117613
   4.0500000000  -0.6759036282
   4.0750000000  -0.6763858802
   4.1000000000  -0.6769387087
   4.1250000000  -0.6773752736
   4.1500000000  -0.6778758430
   4.1750000000  -0.6782546245
   4.2000000000  -0.6786920687
   4.2250000000  -0.6790035213
   4.2500000000  -0.6793696936
   4.2750000000  -0.6796071308
   4.3000000000  -0.6798968523
   4.3250000000  -0.6800566321
   4.3500000000  -0.6802678133
   4.3750000000  -0.6803493948
   4.4000000000  -0.6804830258
   4.4250000000  -0.6804888942
   4.4500000000  -0.6805489064
   4.4750000000  -0.6804843736
   4.5000000000  -0.6804773817
   4.5250000000  -0.6803502730
   4.5500000000  -0.6802852115
   4.5750000000  -0.6801054568
   4.6000000000  -0.6799931311
   4.6250000000  -0.6797722816
   4.6500000000  -0.6796248557
   4.6750000000  -0.6793755494
   4.7000000000  -0.6792059962
   4.7250000000  -0.6789413986
   4.7500000000  -0.6787629370
   4.7750000000  -0.6784961811
   4.8000000000  -0.6783217248
   4.8250000000  -0.6780653742
   4.8500000000  -0.6779070146
   4.8750000000  -0.6776725713
   4.9000000000  -0.6775411136
   4.9250000000  -0.6773385865
   4.9500000000  -0.6772431557
   4.9750000000  -0.6770807060
   5.0000000000  -0.6770284335
