   0.0		 -0.6066
   0.0250000000  -0.6068745873
   0.0500000000  -0.6066855130
   0.0750000000  -0.6076131562
   0.1000000000  -0.6079744436
   0.1250000000  -0.6094496420
   0.1500000000  -0.6103587045
   0.1750000000  -0.6123763571
   0.2000000000  -0.6138252111
   0.2250000000  -0.6163740545
   0.2500000000  -0.6183476969
   0.2750000000  -0.6214085229
   0.3000000000  -0.6238830424
   0.3250000000  -0.6274267630
   0.3500000000  -0.6303674223
   0.3750000000  -0.6343532376
   0.4000000000  -0.6377127951
   0.4250000000  -0.6420867358
   0.4500000000  -0.6458042758
   0.4750000000  -0.6504983827
   0.5000000000  -0.6544988994
   0.5250000000  -0.6594312620
   0.5500000000  -0.6636261937
   0.5750000000  -0.6687020094
   0.6000000000  -0.6729908404
   0.6250000000  -0.6781045654
   0.6500000000  -0.6823775203
   0.6750000000  -0.6874160865
   0.7000000000  -0.6915578336
   0.7250000000  -0.6964047918
   0.7500000000  -0.7002989675
   0.7750000000  -0.7048393206
   0.8000000000  -0.7083735898
   0.8250000000  -0.7124989911
   0.8500000000  -0.7155702878
   0.8750000000  -0.7191842255
   0.9000000000  -0.7217037804
   0.9250000000  -0.7247263489
   0.9500000000  -0.7266241101
   0.9750000000  -0.7289959915
   1.0000000000  -0.7302240876
   1.0250000000  -0.7319094281
   1.0500000000  -0.7324444015
   1.0750000000  -0.7334323605
   1.1000000000  -0.7332760063
   1.1250000000  -0.7335808741
   1.1500000000  -0.7327596414
   1.1750000000  -0.7324195441
   1.2000000000  -0.7309825800
   1.2250000000  -0.7300569101
   1.2500000000  -0.7280729355
   1.2750000000  -0.7266387428
   1.3000000000  -0.7241920346
   1.3250000000  -0.7223396811
   1.3500000000  -0.7195254848
   1.3750000000  -0.7173539004
   1.4000000000  -0.7142736139
   1.4250000000  -0.7118854891
   1.4500000000  -0.7086419394
   1.4750000000  -0.7061391563
   1.5000000000  -0.7028322471
   1.5250000000  -0.7003117961
   1.5500000000  -0.6970347380
   1.5750000000  -0.6945852969
   1.6000000000  -0.6914215607
   1.6250000000  -0.6891208390
   1.6500000000  -0.6861418993
   1.6750000000  -0.6840547815
   1.7000000000  -0.6813186537
   1.7250000000  -0.6794961172
   1.7500000000  -0.6770466383
   1.7750000000  -0.6755253758
   1.8000000000  -0.6733921441
   1.8250000000  -0.6721947944
   1.8500000000  -0.6703936630
   1.8750000000  -0.6695295384
   1.9000000000  -0.6680635490
   1.9250000000  -0.6675297480
   1.9500000000  -0.6663903962
   1.9750000000  -0.6661731971
   2.0000000000  -0.6653419313
   2.0250000000  -0.6654183752
   2.0500000000  -0.6648682444
   2.0750000000  -0.6652078305
   2.1000000000  -0.6649052121
   2.1250000000  -0.6654716440
   2.1500000000  -0.6653779952
   2.1750000000  -0.6661309262
   2.2000000000  -0.6662045134
   2.2250000000  -0.6671012505
   2.2500000000  -0.6672988188
   2.2750000000  -0.6682959486
   2.3000000000  -0.6685742967
   2.3250000000  -0.6696292019
   2.3500000000  -0.6699466318
   2.3750000000  -0.6710188678
   2.4000000000  -0.6713364810
   2.4250000000  -0.6723889844
   2.4500000000  -0.6726717973
   2.4750000000  -0.6736719014
   2.5000000000  -0.6738897562
   2.5250000000  -0.6748099933
   2.5500000000  -0.6749382461
   2.5750000000  -0.6757569197
   2.6000000000  -0.6757768957
   2.6250000000  -0.6764784158
   2.6500000000  -0.6763776254
   2.6750000000  -0.6769526079
   2.7000000000  -0.6767247312
   2.7250000000  -0.6771698706
   2.7500000000  -0.6768145228
   2.7750000000  -0.6771322567
   2.8000000000  -0.6766545589
   2.8250000000  -0.6768525511
   2.8500000000  -0.6762625334
   2.8750000000  -0.6763530071
   2.9000000000  -0.6756648808
   2.9250000000  -0.6756638381
   2.9500000000  -0.6748951724
   2.9750000000  -0.6748215383
   3.0000000000  -0.6739923804
   3.0250000000  -0.6738671077
   3.0500000000  -0.6729990818
   3.0750000000  -0.6728442529
   3.1000000000  -0.6719596725
   3.1250000000  -0.6717976285
   3.1500000000  -0.6709186487
   3.1750000000  -0.6707711724
   3.2000000000  -0.6699190087
   3.2250000000  -0.6698065826
   3.2500000000  -0.6690008128
   3.2750000000  -0.6689419682
   3.3000000000  -0.6681999309
   3.3250000000  -0.6682106992
   3.3500000000  -0.6675469994
   3.3750000000  -0.6676404722
   3.4000000000  -0.6670665976
   3.4250000000  -0.6672526002
   3.4500000000  -0.6667766517
   3.4750000000  -0.6670615305
   3.5000000000  -0.6666880664
   3.5250000000  -0.6670745897
   3.5500000000  -0.6668045826
   3.5750000000  -0.6672919531
   3.6000000000  -0.6671228570
   3.6250000000  -0.6677068321
   3.6500000000  -0.6676327552
   3.6750000000  -0.6683058715
   3.7000000000  -0.6683178504
   3.7250000000  -0.6690697453
   3.7500000000  -0.6691561126
   3.7750000000  -0.6699739358
   3.8000000000  -0.6701207725
   3.8250000000  -0.6709896761
   3.8500000000  -0.6711813358
   3.8750000000  -0.6720850297
   3.9000000000  -0.6723047208
   3.9250000000  -0.6732260761
   3.9500000000  -0.6734564820
   3.9750000000  -0.6743781632
   4.0000000000  -0.6746020806
   4.0250000000  -0.6755071832
   4.0500000000  -0.6757081535
   4.0750000000  -0.6765808239
   4.1000000000  -0.6767437337
   4.1250000000  -0.6775697441
   4.1500000000  -0.6776813699
   4.1750000000  -0.6784486262
   4.2000000000  -0.6784980993
   4.2250000000  -0.6791970579
   4.2500000000  -0.6791762288
   4.2750000000  -0.6798002051
   4.3000000000  -0.6797038919
   4.3250000000  -0.6802492462
   4.3500000000  -0.6800753566
   4.3750000000  -0.6805415497
   4.4000000000  -0.6802910709
   4.4250000000  -0.6806805903
   4.4500000000  -0.6803574509
   4.4750000000  -0.6806756103
   4.5000000000  -0.6802864224
   4.5250000000  -0.6805410491
   4.5500000000  -0.6800947445
   4.5750000000  -0.6802957707
   4.6000000000  -0.6798031521
   4.6250000000  -0.6799621311
   4.6500000000  -0.6794353600
   4.6750000000  -0.6795649322
   4.7000000000  -0.6790169789
   4.7250000000  -0.6791303121
   4.7500000000  -0.6785743933
   4.7750000000  -0.6786846228
   4.8000000000  -0.6781336498
   4.8250000000  -0.6782533419
   4.8500000000  -0.6777194040
   4.8750000000  -0.6778600629
   4.9000000000  -0.6773539632
   4.9250000000  -0.6775256005
   4.9500000000  -0.6770564618
   4.9750000000  -0.6772672414
   5.0000000000  -0.6768421932
