   0.0000000000  -0.1421818293
   0.0250000000  -0.4607860920
   0.0500000000  -0.4608757604
   0.0750000000  -0.4624844832
   0.1000000000  -0.4637038983
   0.1250000000  -0.4664261860
   0.1500000000  -0.4687392269
   0.1750000000  -0.4725277711
   0.2000000000  -0.4758744308
   0.2250000000  -0.4806584584
   0.2500000000  -0.4849559530
   0.2750000000  -0.4906425590
   0.3000000000  -0.4957869282
   0.3250000000  -0.5022629037
   0.3500000000  -0.5081311038
   0.3750000000  -0.5152652614
   0.4000000000  -0.5217177479
   0.4250000000  -0.5293637357
   0.4500000000  -0.5362475203
   0.4750000000  -0.5442471040
   0.5000000000  -0.5513992577
   0.5250000000  -0.5595860316
   0.5500000000  -0.5668375837
   0.5750000000  -0.5750410495
   0.6000000000  -0.5822212107
   0.6250000000  -0.5902711386
   0.6500000000  -0.5972117497
   0.6750000000  -0.6049427076
   0.7000000000  -0.6114827883
   0.7250000000  -0.6187387019
   0.7500000000  -0.6247289501
   0.7750000000  -0.6313675323
   0.8000000000  -0.6366746074
   0.8250000000  -0.6425714837
   0.8500000000  -0.6470818957
   0.8750000000  -0.6521342453
   0.9000000000  -0.6557576738
   0.9250000000  -0.6598872164
   0.9500000000  -0.6625590980
   0.9750000000  -0.6657142758
   1.0000000000  -0.6673975243
   1.0250000000  -0.6695547617
   1.0500000000  -0.6702405258
   1.0750000000  -0.6714044944
   1.1000000000  -0.6711119026
   1.1250000000  -0.6713147680
   1.1500000000  -0.6700896652
   1.1750000000  -0.6693893468
   1.2000000000  -0.6673020800
   1.2250000000  -0.6657796054
   1.2500000000  -0.6629219632
   1.2750000000  -0.6606780475
   1.3000000000  -0.6571595036
   1.3250000000  -0.6543105173
   1.3500000000  -0.6502539551
   1.3750000000  -0.6469274715
   1.4000000000  -0.6424645903
   1.4250000000  -0.6387947134
   1.4500000000  -0.6340613179
   1.4750000000  -0.6301839941
   1.5000000000  -0.6253153646
   1.5250000000  -0.6213638661
   1.5500000000  -0.6164903912
   1.5750000000  -0.6125911398
   1.6000000000  -0.6078343655
   1.6250000000  -0.6041032374
   1.6500000000  -0.5995724582
   1.6750000000  -0.5961116788
   1.7000000000  -0.5919011626
   1.7250000000  -0.5887968651
   1.7500000000  -0.5849837708
   1.7750000000  -0.5823042622
   1.8000000000  -0.5789472754
   1.8250000000  -0.5767420208
   1.8500000000  -0.5738807054
   1.8750000000  -0.5721800150
   1.9000000000  -0.5698348514
   1.9250000000  -0.5686502314
   1.9500000000  -0.5668232921
   1.9750000000  -0.5661484003
   2.0000000000  -0.5648245949
   2.0250000000  -0.5646367280
   2.0500000000  -0.5637855369
   2.0750000000  -0.5640475635
   2.1000000000  -0.5636251715
   2.1250000000  -0.5642878187
   2.1500000000  -0.5642395506
   2.1750000000  -0.5652439464
   2.2000000000  -0.5655069067
   2.2250000000  -0.5667872785
   2.2500000000  -0.5672930969
   2.2750000000  -0.5687795292
   2.3000000000  -0.5694571139
   2.3250000000  -0.5710782708
   2.3500000000  -0.5718564808
   2.3750000000  -0.5735422060
   2.4000000000  -0.5743523570
   2.4250000000  -0.5760360720
   2.4500000000  -0.5768142044
   2.4750000000  -0.5784350362
   2.5000000000  -0.5791238809
   2.5250000000  -0.5806284643
   2.5500000000  -0.5811790587
   2.5750000000  -0.5825229687
   2.6000000000  -0.5828958868
   2.6250000000  -0.5840446741
   2.6500000000  -0.5842108504
   2.6750000000  -0.5851406662
   2.7000000000  -0.5850818075
   2.7250000000  -0.5857796182
   2.7500000000  -0.5854882110
   2.7750000000  -0.5859516179
   2.8000000000  -0.5854305534
   2.8250000000  -0.5856672446
   2.8500000000  -0.5849290941
   2.8750000000  -0.5849559669
   2.9000000000  -0.5840219518
   2.9250000000  -0.5838639533
   2.9500000000  -0.5827626595
   2.9750000000  -0.5824514005
   3.0000000000  -0.5812172967
   3.0250000000  -0.5807894973
   3.0500000000  -0.5794613173
   3.0750000000  -0.5789571478
   3.1000000000  -0.5775761992
   3.1250000000  -0.5770375776
   3.1500000000  -0.5756460402
   3.1750000000  -0.5751149482
   3.2000000000  -0.5737542209
   3.2250000000  -0.5732710958
   3.2500000000  -0.5719802465
   3.2750000000  -0.5715825013
   3.3000000000  -0.5703968712
   3.3250000000  -0.5701175883
   3.3500000000  -0.5690675907
   3.3750000000  -0.5689344292
   3.4000000000  -0.5680445772
   3.4250000000  -0.5680789212
   3.4500000000  -0.5673671104
   3.4750000000  -0.5675834805
   3.5000000000  -0.5670605411
   3.5250000000  -0.5674662797
   3.5500000000  -0.5671358042
   3.5750000000  -0.5677310352
   3.6000000000  -0.5675894790
   3.6250000000  -0.5683673354
   3.6500000000  -0.5684043767
   3.6750000000  -0.5693514788
   3.7000000000  -0.5695506171
   3.7250000000  -0.5706477753
   3.7500000000  -0.5709871402
   3.7750000000  -0.5722102522
   3.8000000000  -0.5726635859
   3.8250000000  -0.5739846887
   3.8500000000  -0.5745224618
   3.8750000000  -0.5759108960
   3.9000000000  -0.5765015129
   3.9250000000  -0.5779251534
   3.9500000000  -0.5785361987
   3.9750000000  -0.5799627040
   4.0000000000  -0.5805621833
   4.0250000000  -0.5819602166
   4.0500000000  -0.5825177450
   4.0750000000  -0.5838581213
   4.1000000000  -0.5843460158
   4.1250000000  -0.5856027326
   4.1500000000  -0.5859969693
   4.1750000000  -0.5871480863
   4.2000000000  -0.5874290886
   4.2250000000  -0.5884574242
   4.2500000000  -0.5886106571
   4.2750000000  -0.5895042805
   4.3000000000  -0.5895206310
   4.3250000000  -0.5902731363
   4.3500000000  -0.5901490725
   4.3750000000  -0.5907596286
   4.4000000000  -0.5904971361
   4.4250000000  -0.5909703179
   4.4500000000  -0.5905766219
   4.4750000000  -0.5909220343
   4.5000000000  -0.5904091251
   4.5250000000  -0.5906408414
   4.5500000000  -0.5900248267
   4.5750000000  -0.5901606678
   4.6000000000  -0.5894609832
   4.6250000000  -0.5895216718
   4.6500000000  -0.5887601843
   4.6750000000  -0.5887684114
   4.7000000000  -0.5879684550
   4.7250000000  -0.5879478972
   4.7500000000  -0.5871332814
   4.7750000000  -0.5871076108
   4.8000000000  -0.5863016414
   4.8250000000  -0.5862935675
   4.8500000000  -0.5855181186
   4.8750000000  -0.5855484983
   4.9000000000  -0.5848231711
   4.9250000000  -0.5849102218
   4.9500000000  -0.5842516208
   4.9750000000  -0.5844102626
   5.0000000000  -0.5838314138
