   0.0000000000  -0.1421818705
   0.0250000000  -0.4605692597
   0.0500000000  -0.4611983478
   0.0750000000  -0.4622677549
   0.1000000000  -0.4640252938
   0.1250000000  -0.4662085510
   0.1500000000  -0.4690589520
   0.1750000000  -0.4723082937
   0.2000000000  -0.4761920624
   0.2250000000  -0.4804363166
   0.2500000000  -0.4852711488
   0.2750000000  -0.4904170771
   0.3000000000  -0.4960994443
   0.3250000000  -0.5020335770
   0.3500000000  -0.5084408067
   0.3750000000  -0.5150317722
   0.4000000000  -0.5220246199
   0.4250000000  -0.5291259595
   0.4500000000  -0.5365516593
   0.4750000000  -0.5440051063
   0.5000000000  -0.5517008691
   0.5250000000  -0.5593400554
   0.5500000000  -0.5671369676
   0.5750000000  -0.5747914947
   0.6000000000  -0.5825187435
   0.6250000000  -0.5900185346
   0.6500000000  -0.5975078614
   0.6750000000  -0.6046876815
   0.7000000000  -0.6117779375
   0.7250000000  -0.6184819434
   0.7500000000  -0.6250235981
   0.7750000000  -0.6311097589
   0.8000000000  -0.6369691933
   0.8250000000  -0.6423134069
   0.8500000000  -0.6473768130
   0.8750000000  -0.6518765404
   0.9000000000  -0.6560532514
   0.9250000000  -0.6596304978
   0.9500000000  -0.6628555861
   0.9750000000  -0.6654590776
   1.0000000000  -0.6676950854
   1.0250000000  -0.6693015260
   1.0500000000  -0.6705392318
   1.0750000000  -0.6711535652
   1.1000000000  -0.6714117381
   1.1250000000  -0.6710663913
   1.1500000000  -0.6703905355
   1.1750000000  -0.6691436761
   1.2000000000  -0.6676038230
   1.2250000000  -0.6655367112
   1.2500000000  -0.6632243654
   1.2750000000  -0.6604379289
   1.3000000000  -0.6574623170
   1.3250000000  -0.6540731153
   1.3500000000  -0.6505569148
   1.3750000000  -0.6466926825
   1.4000000000  -0.6427674314
   1.4250000000  -0.6385624019
   1.4500000000  -0.6343637903
   1.4750000000  -0.6299540035
   1.5000000000  -0.6256172455
   1.5250000000  -0.6211360282
   1.5500000000  -0.6167914938
   1.5750000000  -0.6123652816
   1.6000000000  -0.6081345443
   1.6250000000  -0.6038791862
   1.6500000000  -0.5998716109
   1.6750000000  -0.5958892647
   1.7000000000  -0.5921992287
   1.7250000000  -0.5885759227
   1.7500000000  -0.5852807271
   1.7750000000  -0.5820846307
   1.8000000000  -0.5792431298
   1.8250000000  -0.5765235435
   1.8500000000  -0.5741754886
   1.8750000000  -0.5719625384
   1.9000000000  -0.5701286091
   1.9250000000  -0.5684336046
   1.9500000000  -0.5671160760
   1.9750000000  -0.5659324746
   2.0000000000  -0.5651164556
   2.0250000000  -0.5644213572
   2.0500000000  -0.5640765174
   2.0750000000  -0.5638326056
   2.1000000000  -0.5639153030
   2.1250000000  -0.5640731375
   2.1500000000  -0.5645288497
   2.1750000000  -0.5650294140
   2.2000000000  -0.5657953748
   2.2250000000  -0.5665727791
   2.2500000000  -0.5675807212
   2.2750000000  -0.5685649620
   2.3000000000  -0.5697438699
   2.3250000000  -0.5708635539
   2.3500000000  -0.5721423358
   2.3750000000  -0.5733272791
   2.4000000000  -0.5746372743
   2.4250000000  -0.5758208990
   2.4500000000  -0.5770981474
   2.4750000000  -0.5782196070
   2.5000000000  -0.5794068173
   2.5250000000  -0.5804127950
   2.5500000000  -0.5814609637
   2.5750000000  -0.5823071010
   2.6000000000  -0.5831767457
   2.6250000000  -0.5838286737
   2.6500000000  -0.5844906603
   2.6750000000  -0.5849246194
   2.7000000000  -0.5853605775
   2.7250000000  -0.5855636283
   2.7500000000  -0.5857659621
   2.7750000000  -0.5857358004
   2.8000000000  -0.5857073169
   2.8250000000  -0.5854517217
   2.8500000000  -0.5852049099
   2.8750000000  -0.5847408625
   2.9000000000  -0.5842968659
   2.9250000000  -0.5836493872
   2.9500000000  -0.5830367216
   2.9750000000  -0.5822374836
   3.0000000000  -0.5814905575
   3.0250000000  -0.5805763272
   3.0500000000  -0.5797338262
   3.0750000000  -0.5787448051
   3.1000000000  -0.5778480026
   3.1250000000  -0.5768261233
   3.1500000000  -0.5759171797
   3.1750000000  -0.5749044223
   3.2000000000  -0.5740247321
   3.2250000000  -0.5730615165
   3.2500000000  -0.5722501591
   3.2750000000  -0.5713738655
   3.3000000000  -0.5706662079
   3.3250000000  -0.5699098736
   3.3500000000  -0.5693363680
   3.3750000000  -0.5687275955
   3.4000000000  -0.5683128059
   3.4250000000  -0.5678729141
   3.4500000000  -0.5676347962
   3.4750000000  -0.5673782348
   3.5000000000  -0.5673276856
   3.5250000000  -0.5672617226
   3.5500000000  -0.5674024056
   3.5750000000  -0.5675270904
   3.6000000000  -0.5678555331
   3.6250000000  -0.5681639267
   3.6500000000  -0.5686698779
   3.6750000000  -0.5691485334
   3.7000000000  -0.5698155590
   3.7250000000  -0.5704452271
   3.7500000000  -0.5712515166
   3.7750000000  -0.5720080442
   3.8000000000  -0.5729273911
   3.8250000000  -0.5737827748
   3.8500000000  -0.5747856912
   3.8750000000  -0.5757092425
   3.9000000000  -0.5767641632
   3.9250000000  -0.5777237399
   3.9500000000  -0.5787982683
   3.9750000000  -0.5797615233
   4.0000000000  -0.5808236724
   4.0250000000  -0.5817592746
   4.0500000000  -0.5827786555
   4.0750000000  -0.5836574357
   4.1000000000  -0.5846063510
   4.1250000000  -0.5854023318
   4.1500000000  -0.5862567338
   4.1750000000  -0.5869480076
   4.2000000000  -0.5876882883
   4.2250000000  -0.5882577117
   4.2500000000  -0.5888692983
   4.2750000000  -0.5893049830
   4.3000000000  -0.5897787205
   4.3250000000  -0.5900743051
   4.3500000000  -0.5904066170
   4.3750000000  -0.5905613153
   4.4000000000  -0.5907541417
   4.4250000000  -0.5907725720
   4.4500000000  -0.5908330940
   4.4750000000  -0.5907249017
   4.5000000000  -0.5906650681
   4.5250000000  -0.5904443621
   4.5500000000  -0.5902802436
   4.5750000000  -0.5899648750
   4.6000000000  -0.5897158756
   4.6250000000  -0.5893265906
   4.6500000000  -0.5890145524
   4.6750000000  -0.5885740580
   4.7000000000  -0.5882222975
   4.7250000000  -0.5877542785
   4.7500000000  -0.5873865957
   4.7750000000  -0.5869147249
   4.8000000000  -0.5865544237
   4.8250000000  -0.5861014034
   4.8500000000  -0.5857703640
   4.8750000000  -0.5853570373
   4.9000000000  -0.5850748742
   4.9250000000  -0.5847194383
   4.9500000000  -0.5845027754
   4.9750000000  -0.5842201253
   5.0000000000  -0.5840820137
