-200.8655802889   0.0000247838   0.0049782070
-200.4728812072   0.0000248810   0.0049879576
-200.0801821255   0.0000249787   0.0049977466
-199.6874830438   0.0000250771   0.0050075740
-199.2947839621   0.0000251760   0.0050174401
-198.9020848804   0.0000252755   0.0050273452
-198.5093857987   0.0000253756   0.0050372895
-198.1166867170   0.0000254763   0.0050472732
-197.7239876353   0.0000255776   0.0050572966
-197.3312885536   0.0000256795   0.0050673598
-196.9385894719   0.0000257820   0.0050774632
-196.5458903902   0.0000258851   0.0050876069
-196.1531913085   0.0000259888   0.0050977913
-195.7604922268   0.0000260932   0.0051080164
-195.3677931451   0.0000261982   0.0051182827
-194.9750940634   0.0000263038   0.0051285904
-194.5823949817   0.0000264101   0.0051389396
-194.1896959000   0.0000265170   0.0051493307
-193.7969968183   0.0000266246   0.0051597639
-193.4042977366   0.0000267328   0.0051702395
-193.0115986549   0.0000268417   0.0051807577
-192.6188995732   0.0000269512   0.0051913187
-192.2262004915   0.0000270615   0.0052019229
-191.8335014098   0.0000271724   0.0052125705
-191.4408023281   0.0000272840   0.0052232618
-191.0481032464   0.0000273962   0.0052339970
-190.6554041647   0.0000275092   0.0052447765
-190.2627050830   0.0000276229   0.0052556004
-189.8700060013   0.0000277372   0.0052664691
-189.4773069196   0.0000278523   0.0052773829
-189.0846078379   0.0000279681   0.0052883420
-188.6919087562   0.0000280847   0.0052993466
-188.2992096745   0.0000282019   0.0053103972
-187.9065105928   0.0000283199   0.0053214940
-187.5138115111   0.0000284386   0.0053326372
-187.1211124294   0.0000285581   0.0053438272
-186.7284133477   0.0000286784   0.0053550642
-186.3357142660   0.0000287994   0.0053663486
-185.9430151843   0.0000289211   0.0053776807
-185.5503161026   0.0000290437   0.0053890607
-185.1576170209   0.0000291670   0.0054004890
-184.7649179392   0.0000292911   0.0054119658
-184.3722188576   0.0000294160   0.0054234915
-183.9795197759   0.0000295417   0.0054350665
-183.5868206942   0.0000296682   0.0054466909
-183.1941216125   0.0000297955   0.0054583652
-182.8014225308   0.0000299237   0.0054700896
-182.4087234491   0.0000300526   0.0054818644
-182.0160243674   0.0000301825   0.0054936901
-181.6233252857   0.0000303131   0.0055055669
-181.2306262040   0.0000304446   0.0055174952
-180.8379271223   0.0000305770   0.0055294753
-180.4452280406   0.0000307102   0.0055415075
-180.0525289589   0.0000308443   0.0055535922
-179.6598298772   0.0000309793   0.0055657297
-179.2671307955   0.0000311151   0.0055779203
-178.8744317138   0.0000312519   0.0055901645
-178.4817326321   0.0000313896   0.0056024625
-178.0890335504   0.0000315281   0.0056148148
-177.6963344687   0.0000316676   0.0056272217
-177.3036353870   0.0000318081   0.0056396835
-176.9109363053   0.0000319494   0.0056522006
-176.5182372236   0.0000320917   0.0056647734
-176.1255381419   0.0000322350   0.0056774023
-175.7328390602   0.0000323792   0.0056900876
-175.3401399785   0.0000325244   0.0057028297
-174.9474408968   0.0000326705   0.0057156290
-174.5547418151   0.0000328177   0.0057284858
-174.1620427334   0.0000329659   0.0057414007
-173.7693436517   0.0000331150   0.0057543739
-173.3766445700   0.0000332652   0.0057674058
-172.9839454883   0.0000334164   0.0057804969
-172.5912464066   0.0000335686   0.0057936476
-172.1985473249   0.0000337219   0.0058068583
-171.8058482432   0.0000338762   0.0058201293
-171.4131491615   0.0000340316   0.0058334611
-171.0204500798   0.0000341880   0.0058468541
-170.6277509981   0.0000343456   0.0058603088
-170.2350519164   0.0000345042   0.0058738255
-169.8423528347   0.0000346639   0.0058874047
-169.4496537530   0.0000348248   0.0059010469
-169.0569546713   0.0000349867   0.0059147524
-168.6642555896   0.0000351498   0.0059285217
-168.2715565079   0.0000353141   0.0059423553
-167.8788574262   0.0000354795   0.0059562536
-167.4861583445   0.0000356460   0.0059702170
-167.0934592628   0.0000358138   0.0059842461
-166.7007601811   0.0000359827   0.0059983412
-166.3080610994   0.0000361528   0.0060125029
-165.9153620177   0.0000363241   0.0060267316
-165.5226629360   0.0000364967   0.0060410278
-165.1299638543   0.0000366705   0.0060553920
-164.7372647726   0.0000368455   0.0060698246
-164.3445656909   0.0000370218   0.0060843263
-163.9518666092   0.0000371993   0.0060988973
-163.5591675275   0.0000373781   0.0061135384
-163.1664684458   0.0000375583   0.0061282498
-162.7737693641   0.0000377397   0.0061430323
-162.3810702824   0.0000379224   0.0061578862
-161.9883712007   0.0000381065   0.0061728122
-161.5956721190   0.0000382919   0.0061878106
-161.2029730373   0.0000384787   0.0062028822
-160.8102739556   0.0000386669   0.0062180273
-160.4175748739   0.0000388564   0.0062332465
-160.0248757922   0.0000390473   0.0062485404
-159.6321767105   0.0000392396   0.0062639096
-159.2394776288   0.0000394334   0.0062793545
-158.8467785471   0.0000396286   0.0062948758
-158.4540794654   0.0000398253   0.0063104740
-158.0613803837   0.0000400234   0.0063261497
-157.6686813020   0.0000402230   0.0063419035
-157.2759822203   0.0000404241   0.0063577359
-156.8832831386   0.0000406267   0.0063736475
-156.4905840569   0.0000408308   0.0063896390
-156.0978849752   0.0000410365   0.0064057109
-155.7051858935   0.0000412437   0.0064218639
-155.3124868118   0.0000414525   0.0064380986
-154.9197877301   0.0000416630   0.0064544155
-154.5270886484   0.0000418750   0.0064708153
-154.1343895667   0.0000420886   0.0064872987
-153.7416904851   0.0000423039   0.0065038663
-153.3489914034   0.0000425208   0.0065205187
-152.9562923217   0.0000427394   0.0065372565
-152.5635932400   0.0000429597   0.0065540806
-152.1708941583   0.0000431817   0.0065709914
-151.7781950766   0.0000434054   0.0065879897
-151.3854959949   0.0000436308   0.0066050762
-150.9927969132   0.0000438581   0.0066222516
-150.6000978315   0.0000440871   0.0066395165
-150.2073987498   0.0000443179   0.0066568716
-149.8146996681   0.0000445505   0.0066743177
-149.4220005864   0.0000447849   0.0066918555
-149.0293015047   0.0000450213   0.0067094856
-148.6366024230   0.0000452594   0.0067272090
-148.2439033413   0.0000454995   0.0067450261
-147.8512042596   0.0000457415   0.0067629379
-147.4585051779   0.0000459854   0.0067809451
-147.0658060962   0.0000462313   0.0067990484
-146.6731070145   0.0000464792   0.0068172487
-146.2804079328   0.0000467291   0.0068355466
-145.8877088511   0.0000469809   0.0068539430
-145.4950097694   0.0000472349   0.0068724387
-145.1023106877   0.0000474909   0.0068910344
-144.7096116060   0.0000477489   0.0069097311
-144.3169125243   0.0000480091   0.0069285295
-143.9242134426   0.0000482714   0.0069474304
-143.5315143609   0.0000485359   0.0069664348
-143.1388152792   0.0000488026   0.0069855433
-142.7461161975   0.0000490714   0.0070047570
-142.3534171158   0.0000493425   0.0070240767
-141.9607180341   0.0000496159   0.0070435032
-141.5680189524   0.0000498915   0.0070630374
-141.1753198707   0.0000501694   0.0070826803
-140.7826207890   0.0000504496   0.0071024328
-140.3899217073   0.0000507322   0.0071222957
-139.9972226256   0.0000510172   0.0071422700
-139.6045235439   0.0000513046   0.0071623567
-139.2118244622   0.0000515944   0.0071825566
-138.8191253805   0.0000518867   0.0072028708
-138.4264262988   0.0000521815   0.0072233003
-138.0337272171   0.0000524788   0.0072438459
-137.6410281354   0.0000527787   0.0072645087
-137.2483290537   0.0000530811   0.0072852897
-136.8556299720   0.0000533861   0.0073061900
-136.4629308903   0.0000536938   0.0073272105
-136.0702318086   0.0000540041   0.0073483523
-135.6775327269   0.0000543171   0.0073696164
-135.2848336452   0.0000546329   0.0073910039
-134.8921345635   0.0000549514   0.0074125160
-134.4994354818   0.0000552727   0.0074341536
-134.1067364001   0.0000555969   0.0074559178
-133.7140373184   0.0000559239   0.0074778099
-133.3213382367   0.0000562538   0.0074998309
-132.9286391550   0.0000565866   0.0075219820
-132.5359400733   0.0000569224   0.0075442643
-132.1432409916   0.0000572612   0.0075666790
-131.7505419099   0.0000576030   0.0075892272
-131.3578428282   0.0000579479   0.0076119102
-130.9651437465   0.0000582959   0.0076347292
-130.5724446648   0.0000586470   0.0076576854
-130.1797455831   0.0000590013   0.0076807801
-129.7870465014   0.0000593589   0.0077040145
-129.3943474197   0.0000597197   0.0077273898
-129.0016483380   0.0000600838   0.0077509074
-128.6089492563   0.0000604512   0.0077745686
-128.2162501746   0.0000608220   0.0077983747
-127.8235510929   0.0000611963   0.0078223270
-127.4308520112   0.0000615740   0.0078464268
-127.0381529295   0.0000619552   0.0078706756
-126.6454538478   0.0000623400   0.0078950747
-126.2527547661   0.0000627283   0.0079196256
-125.8600556844   0.0000631203   0.0079443296
-125.4673566027   0.0000635160   0.0079691882
-125.0746575210   0.0000639154   0.0079942028
-124.6819584393   0.0000643186   0.0080193749
-124.2892593576   0.0000647257   0.0080447060
-123.8965602759   0.0000651366   0.0080701977
-123.5038611942   0.0000655514   0.0080958514
-123.1111621125   0.0000659702   0.0081216686
-122.7184630309   0.0000663930   0.0081476511
-122.3257639492   0.0000668199   0.0081738003
-121.9330648675   0.0000672510   0.0082001179
-121.5403657858   0.0000676862   0.0082266054
-121.1476667041   0.0000681257   0.0082532646
-120.7549676224   0.0000685694   0.0082800972
-120.3622685407   0.0000690175   0.0083071047
-119.9695694590   0.0000694700   0.0083342890
-119.5768703773   0.0000699270   0.0083616518
-119.1841712956   0.0000703885   0.0083891948
-118.7914722139   0.0000708546   0.0084169198
-118.3987731322   0.0000713253   0.0084448287
-118.0060740505   0.0000718007   0.0084729232
-117.6133749688   0.0000722809   0.0085012053
-117.2206758871   0.0000727660   0.0085296767
-116.8279768054   0.0000732559   0.0085583395
-116.4352777237   0.0000737508   0.0085871956
-116.0425786420   0.0000742507   0.0086162469
-115.6498795603   0.0000747558   0.0086454953
-115.2571804786   0.0000752660   0.0086749430
-114.8644813969   0.0000757814   0.0087045920
-114.4717823152   0.0000763022   0.0087344443
-114.0790832335   0.0000768283   0.0087645020
-113.6863841518   0.0000773599   0.0087947672
-113.2936850701   0.0000778970   0.0088252422
-112.9009859884   0.0000784398   0.0088559291
-112.5082869067   0.0000789882   0.0088868301
-112.1155878250   0.0000795424   0.0089179475
-111.7228887433   0.0000801025   0.0089492835
-111.3301896616   0.0000806685   0.0089808404
-110.9374905799   0.0000812405   0.0090126207
-110.5447914982   0.0000818187   0.0090446267
-110.1520924165   0.0000824030   0.0090768607
-109.7593933348   0.0000829936   0.0091093253
-109.3666942531   0.0000835906   0.0091420229
-108.9739951714   0.0000841940   0.0091749561
-108.5812960897   0.0000848040   0.0092081273
-108.1885970080   0.0000854206   0.0092415393
-107.7958979263   0.0000860440   0.0092751945
-107.4031988446   0.0000866743   0.0093090957
-107.0104997629   0.0000873115   0.0093432456
-106.6178006812   0.0000879557   0.0093776470
-106.2251015995   0.0000886071   0.0094123025
-105.8324025178   0.0000892658   0.0094472151
-105.4397034361   0.0000899319   0.0094823877
-105.0470043544   0.0000906054   0.0095178230
-104.6543052727   0.0000912865   0.0095535242
-104.2616061910   0.0000919753   0.0095894941
-103.8689071093   0.0000926720   0.0096257359
-103.4762080276   0.0000933766   0.0096622526
-103.0835089459   0.0000940892   0.0096990473
-102.6908098642   0.0000948101   0.0097361233
-102.2981107825   0.0000955392   0.0097734838
-101.9054117008   0.0000962769   0.0098111321
-101.5127126191   0.0000970230   0.0098490715
-101.1200135374   0.0000977779   0.0098873054
-100.7273144557   0.0000985417   0.0099258372
-100.3346153740   0.0000993144   0.0099646705
 -99.9419162923   0.0001000962   0.0100038088
 -99.5492172106   0.0001008873   0.0100432556
 -99.1565181289   0.0001016879   0.0100830147
 -98.7638190472   0.0001024980   0.0101230899
 -98.3711199655   0.0001033178   0.0101634847
 -97.9784208838   0.0001041475   0.0102042032
 -97.5857218021   0.0001049872   0.0102452492
 -97.1930227204   0.0001058371   0.0102866266
 -96.8003236387   0.0001066974   0.0103283396
 -96.4076245570   0.0001075682   0.0103703922
 -96.0149254753   0.0001084497   0.0104127885
 -95.6222263936   0.0001093421   0.0104555328
 -95.2295273119   0.0001102455   0.0104986295
 -94.8368282302   0.0001111602   0.0105420828
 -94.4441291485   0.0001120863   0.0105858972
 -94.0514300668   0.0001130241   0.0106300772
 -93.6587309851   0.0001139737   0.0106746275
 -93.2660319034   0.0001149352   0.0107195527
 -92.8733328217   0.0001159090   0.0107648575
 -92.4806337400   0.0001168953   0.0108105468
 -92.0879346584   0.0001178941   0.0108566256
 -91.6952355767   0.0001189058   0.0109030987
 -91.3025364950   0.0001199306   0.0109499713
 -90.9098374133   0.0001209687   0.0109972485
 -90.5171383316   0.0001220204   0.0110449357
 -90.1244392499   0.0001230858   0.0110930382
 -89.7317401682   0.0001241652   0.0111415613
 -89.3390410865   0.0001252589   0.0111905107
 -88.9463420048   0.0001263671   0.0112398920
 -88.5536429231   0.0001274901   0.0112897110
 -88.1609438414   0.0001286281   0.0113399734
 -87.7682447597   0.0001297814   0.0113906853
 -87.3755456780   0.0001309503   0.0114418526
 -86.9828465963   0.0001321350   0.0114934816
 -86.5901475146   0.0001333359   0.0115455785
 -86.1974484329   0.0001345533   0.0115981497
 -85.8047493512   0.0001357874   0.0116512017
 -85.4120502695   0.0001370385   0.0117047412
 -85.0193511878   0.0001383070   0.0117587748
 -84.6266521061   0.0001395933   0.0118133095
 -84.2339530244   0.0001408975   0.0118683522
 -83.8412539427   0.0001422201   0.0119239102
 -83.4485548610   0.0001435614   0.0119799905
 -83.0558557793   0.0001449218   0.0120366008
 -82.6631566976   0.0001463016   0.0120937484
 -82.2704576159   0.0001477011   0.0121514411
 -81.8777585342   0.0001491209   0.0122096867
 -81.4850594525   0.0001505613   0.0122684932
 -81.0923603708   0.0001520226   0.0123278688
 -80.6996612891   0.0001535052   0.0123878217
 -80.3069622074   0.0001550097   0.0124483604
 -79.9142631257   0.0001565364   0.0125094935
 -79.5215640440   0.0001580858   0.0125712298
 -79.1288649623   0.0001596583   0.0126335783
 -78.7361658806   0.0001612543   0.0126965481
 -78.3434667989   0.0001628744   0.0127601486
 -77.9507677172   0.0001645191   0.0128243893
 -77.5580686355   0.0001661888   0.0128892798
 -77.1653695538   0.0001678840   0.0129548302
 -76.7726704721   0.0001696053   0.0130210505
 -76.3799713904   0.0001713532   0.0130879510
 -75.9872723087   0.0001731282   0.0131555423
 -75.5945732270   0.0001749310   0.0132238351
 -75.2018741453   0.0001767621   0.0132928404
 -74.8091750636   0.0001786221   0.0133625693
 -74.4164759819   0.0001805116   0.0134330334
 -74.0237769002   0.0001824312   0.0135042443
 -73.6310778185   0.0001843816   0.0135762140
 -73.2383787368   0.0001863634   0.0136489546
 -72.8456796551   0.0001883774   0.0137224786
 -72.4529805734   0.0001904242   0.0137967987
 -72.0602814917   0.0001925045   0.0138719279
 -71.6675824100   0.0001946191   0.0139478794
 -71.2748833283   0.0001967687   0.0140246670
 -70.8821842466   0.0001989541   0.0141023043
 -70.4894851649   0.0002011762   0.0141808056
 -70.0967860832   0.0002034357   0.0142601855
 -69.7040870015   0.0002057334   0.0143404586
 -69.3113879198   0.0002080703   0.0144216403
 -68.9186888381   0.0002104472   0.0145037459
 -68.5259897564   0.0002128651   0.0145867914
 -68.1332906747   0.0002153249   0.0146707929
 -67.7405915930   0.0002178275   0.0147557671
 -67.3478925113   0.0002203741   0.0148417309
 -66.9551934296   0.0002229656   0.0149287018
 -66.5624943479   0.0002256030   0.0150166975
 -66.1697952662   0.0002282875   0.0151057363
 -65.7770961845   0.0002310202   0.0151958367
 -65.3843971028   0.0002338022   0.0152870179
 -64.9916980211   0.0002366348   0.0153792995
 -64.5989989394   0.0002395192   0.0154727014
 -64.2062998577   0.0002424566   0.0155672441
 -63.8136007760   0.0002454484   0.0156629488
 -63.4209016943   0.0002484959   0.0157598369
 -63.0282026126   0.0002516006   0.0158579306
 -62.6355035309   0.0002547637   0.0159572524
 -62.2428044492   0.0002579869   0.0160578255
 -61.8501053675   0.0002612716   0.0161596738
 -61.4574062859   0.0002646194   0.0162628215
 -61.0647072042   0.0002680320   0.0163672939
 -60.6720081225   0.0002715110   0.0164731164
 -60.2793090408   0.0002750582   0.0165803155
 -59.8866099591   0.0002786753   0.0166889181
 -59.4939108774   0.0002823642   0.0167989520
 -59.1012117957   0.0002861269   0.0169104456
 -58.7085127140   0.0002899652   0.0170234282
 -58.3158136323   0.0002938813   0.0171379299
 -57.9231145506   0.0002978773   0.0172539813
 -57.5304154689   0.0003019553   0.0173716142
 -57.1377163872   0.0003061176   0.0174908611
 -56.7450173055   0.0003103666   0.0176117554
 -56.3523182238   0.0003147046   0.0177343315
 -55.9596191421   0.0003191341   0.0178586246
 -55.5669200604   0.0003236579   0.0179846712
 -55.1742209787   0.0003282785   0.0181125086
 -54.7815218970   0.0003329987   0.0182421751
 -54.3888228153   0.0003378214   0.0183737102
 -53.9961237336   0.0003427497   0.0185071548
 -53.6034246519   0.0003477866   0.0186425504
 -53.2107255702   0.0003529352   0.0187799404
 -52.8180264885   0.0003581991   0.0189193689
 -52.4253274068   0.0003635816   0.0190608818
 -52.0326283251   0.0003690862   0.0192045260
 -51.6399292434   0.0003747168   0.0193503500
 -51.2472301617   0.0003804772   0.0194984039
 -50.8545310800   0.0003863715   0.0196487390
 -50.4618319983   0.0003924037   0.0198014085
 -50.0691329166   0.0003985782   0.0199564671
 -49.6764338349   0.0004048997   0.0201139713
 -49.2837347532   0.0004113726   0.0202739794
 -48.8910356715   0.0004180020   0.0204365515
 -48.4983365898   0.0004247929   0.0206017498
 -48.1056375081   0.0004317506   0.0207696382
 -47.7129384264   0.0004388806   0.0209402830
 -47.3202393447   0.0004461886   0.0211137525
 -46.9275402630   0.0004536807   0.0212901175
 -46.5348411813   0.0004613629   0.0214694509
 -46.1421420996   0.0004692419   0.0216518283
 -45.7494430179   0.0004773244   0.0218373277
 -45.3567439362   0.0004856175   0.0220260300
 -44.9640448545   0.0004941286   0.0222180186
 -44.5713457728   0.0005028652   0.0224133803
 -44.1786466911   0.0005118356   0.0226122044
 -43.7859476094   0.0005210481   0.0228145839
 -43.3932485277   0.0005305114   0.0230206148
 -43.0005494460   0.0005402349   0.0232303967
 -42.6078503643   0.0005502280   0.0234440329
 -42.2151512826   0.0005605009   0.0236616305
 -41.8224522009   0.0005710641   0.0238833006
 -41.4297531192   0.0005819286   0.0241091584
 -41.0370540375   0.0005931060   0.0243393236
 -40.6443549558   0.0006046085   0.0245739205
 -40.2516558741   0.0006164486   0.0248130781
 -39.8589567924   0.0006286399   0.0250569306
 -39.4662577107   0.0006411963   0.0253056174
 -39.0735586290   0.0006541325   0.0255592835
 -38.6808595473   0.0006674640   0.0258180798
 -38.2881604656   0.0006812070   0.0260821632
 -37.8954613839   0.0006953787   0.0263516973
 -37.5027623022   0.0007099971   0.0266268522
 -37.1100632205   0.0007250811   0.0269078055
 -36.7173641388   0.0007406507   0.0271947421
 -36.3246650571   0.0007567270   0.0274878548
 -35.9319659754   0.0007733322   0.0277873449
 -35.5392668937   0.0007904896   0.0280934226
 -35.1465678120   0.0008082242   0.0284063073
 -34.7538687303   0.0008265620   0.0287262280
 -34.3611696486   0.0008455307   0.0290534246
 -33.9684705669   0.0008651596   0.0293881477
 -33.5757714852   0.0008854796   0.0297306593
 -33.1830724035   0.0009065235   0.0300812342
 -32.7903733218   0.0009283261   0.0304401600
 -32.3976742401   0.0009509244   0.0308077378
 -32.0049751584   0.0009743574   0.0311842840
 -31.6122760767   0.0009986668   0.0315701299
 -31.2195769950   0.0010238968   0.0319656238
 -30.8268779133   0.0010500944   0.0323711313
 -30.4341788317   0.0010773097   0.0327870368
 -30.0414797500   0.0011055962   0.0332137444
 -29.6487806683   0.0011350106   0.0336516795
 -29.2560815866   0.0011656137   0.0341012902
 -28.8633825049   0.0011974705   0.0345630486
 -28.4706834232   0.0012306502   0.0350374523
 -28.0779843415   0.0012652271   0.0355250267
 -27.6852852598   0.0013012807   0.0360263266
 -27.2925861781   0.0013388961   0.0365419382
 -26.8998870964   0.0013781649   0.0370724815
 -26.5071880147   0.0014191853   0.0376186127
 -26.1144889330   0.0014620630   0.0381810271
 -25.7217898513   0.0015069115   0.0387604615
 -25.3290907696   0.0015538536   0.0393576979
 -24.9363916879   0.0016030213   0.0399735670
 -24.5436926062   0.0016545575   0.0406089513
 -24.1509935245   0.0017086167   0.0412647902
 -23.7582944428   0.0017653659   0.0419420839
 -23.3655953611   0.0018249866   0.0426418987
 -22.9728962794   0.0018876755   0.0433653725
 -22.5801971977   0.0019536464   0.0441137209
 -22.1874981160   0.0020231323   0.0448882436
 -21.7947990343   0.0020963870   0.0456903324
 -21.4020999526   0.0021736876   0.0465214788
 -21.0094008709   0.0022553372   0.0473832836
 -20.6167017892   0.0023416678   0.0482774667
 -20.2240027075   0.0024330435   0.0492058784
 -19.8313036258   0.0025298645   0.0501705119
 -19.4386045441   0.0026325716   0.0511735175
 -19.0459054624   0.0027416506   0.0522172179
 -18.6532063807   0.0028576388   0.0533041261
 -18.2605072990   0.0029811310   0.0544369651
 -17.8678082173   0.0031127875   0.0556186899
 -17.4751091356   0.0032533424   0.0568525128
 -17.0824100539   0.0034036141   0.0581419316
 -16.6897109722   0.0035645172   0.0594907622
 -16.2970118905   0.0037370762   0.0609031746
 -15.9043128088   0.0039224414   0.0623837354
 -15.5116137271   0.0041219087   0.0639374549
 -15.1189146454   0.0043369411   0.0655698421
 -14.7262155637   0.0045691962   0.0672869677
 -14.3335164820   0.0048205572   0.0690955365
 -13.9408174003   0.0050931714   0.0710029719
 -13.5481183186   0.0053894948   0.0730175127
 -13.1554192369   0.0057123476   0.0751483273
 -12.7627201552   0.0060649803   0.0774056463
 -12.3700210735   0.0064511546   0.0798009183
 -11.9773219918   0.0068752426   0.0823469939
 -11.5846229101   0.0073423488   0.0850583422
 -11.1919238284   0.0078584621   0.0879513089
 -10.7992247467   0.0084306444   0.0910444236
 -10.4065256650   0.0090672690   0.0943587678
 -10.0138265833   0.0097783216   0.0979184169
  -9.6211275016   0.0105757849   0.1017509753
  -9.2284284199   0.0114741340   0.1058882239
  -8.8357293382   0.0124909790   0.1103669097
  -8.4430302565   0.0136479093   0.1152297113
  -8.0503311748   0.0149716105   0.1205264231
  -7.6576320931   0.0164953619   0.1263154126
  -7.2649330114   0.0182610652   0.1326654154
  -6.8722339297   0.0203220302   0.1396577458
  -6.4795348480   0.0227468501   0.1473890076
  -6.0868357663   0.0256248721   0.1559743881
  -5.6941366846   0.0290740441   0.1655515809
  -5.3014376029   0.0332523545   0.1762852825
  -4.9087385212   0.0383748154   0.1883719347
  -4.5160394395   0.0447391483   0.2020437581
  -4.1233403578   0.0527653949   0.2175696823
  -3.7306412761   0.0630581967   0.2352475113
  -3.3379421944   0.0765064764   0.2553741956
  -2.9452431127   0.0944450979   0.2781637742
  -2.5525440310   0.1189173466   0.3035417633
  -2.1598449493   0.1530885709   0.3306475767
  -1.7671458676   0.2018214435   0.3566479299
  -1.3744467859   0.2720933084   0.3739777732
  -0.9817477042   0.3713262419   0.3645486861
  -0.5890486225   0.4961939838   0.2922824002
  -0.1963495408   0.6013073836   0.1180666048
   0.1963495408   0.6013073836  -0.1180666048
   0.5890486225   0.4961939838  -0.2922824002
   0.9817477042   0.3713262419  -0.3645486861
   1.3744467859   0.2720933084  -0.3739777732
   1.7671458676   0.2018214435  -0.3566479299
   2.1598449493   0.1530885709  -0.3306475767
   2.5525440310   0.1189173466  -0.3035417633
   2.9452431127   0.0944450979  -0.2781637742
   3.3379421944   0.0765064764  -0.2553741956
   3.7306412761   0.0630581967  -0.2352475113
   4.1233403578   0.0527653949  -0.2175696823
   4.5160394395   0.0447391483  -0.2020437581
   4.9087385212   0.0383748154  -0.1883719347
   5.3014376029   0.0332523545  -0.1762852825
   5.6941366846   0.0290740441  -0.1655515809
   6.0868357663   0.0256248721  -0.1559743881
   6.4795348480   0.0227468501  -0.1473890076
   6.8722339297   0.0203220302  -0.1396577458
   7.2649330114   0.0182610652  -0.1326654154
   7.6576320931   0.0164953619  -0.1263154126
   8.0503311748   0.0149716105  -0.1205264231
   8.4430302565   0.0136479093  -0.1152297113
   8.8357293382   0.0124909790  -0.1103669097
   9.2284284199   0.0114741340  -0.1058882239
   9.6211275016   0.0105757849  -0.1017509753
  10.0138265833   0.0097783216  -0.0979184169
  10.4065256650   0.0090672690  -0.0943587678
  10.7992247467   0.0084306444  -0.0910444236
  11.1919238284   0.0078584621  -0.0879513089
  11.5846229101   0.0073423488  -0.0850583422
  11.9773219918   0.0068752426  -0.0823469939
  12.3700210735   0.0064511546  -0.0798009183
  12.7627201552   0.0060649803  -0.0774056463
  13.1554192369   0.0057123476  -0.0751483273
  13.5481183186   0.0053894948  -0.0730175127
  13.9408174003   0.0050931714  -0.0710029719
  14.3335164820   0.0048205572  -0.0690955365
  14.7262155637   0.0045691962  -0.0672869677
  15.1189146454   0.0043369411  -0.0655698421
  15.5116137271   0.0041219087  -0.0639374549
  15.9043128088   0.0039224414  -0.0623837354
  16.2970118905   0.0037370762  -0.0609031746
  16.6897109722   0.0035645172  -0.0594907622
  17.0824100539   0.0034036141  -0.0581419316
  17.4751091356   0.0032533424  -0.0568525128
  17.8678082173   0.0031127875  -0.0556186899
  18.2605072990   0.0029811310  -0.0544369651
  18.6532063807   0.0028576388  -0.0533041261
  19.0459054624   0.0027416506  -0.0522172179
  19.4386045441   0.0026325716  -0.0511735175
  19.8313036258   0.0025298645  -0.0501705119
  20.2240027075   0.0024330435  -0.0492058784
  20.6167017892   0.0023416678  -0.0482774667
  21.0094008709   0.0022553372  -0.0473832836
  21.4020999526   0.0021736876  -0.0465214788
  21.7947990343   0.0020963870  -0.0456903324
  22.1874981160   0.0020231323  -0.0448882436
  22.5801971977   0.0019536464  -0.0441137209
  22.9728962794   0.0018876755  -0.0433653725
  23.3655953611   0.0018249866  -0.0426418987
  23.7582944428   0.0017653659  -0.0419420839
  24.1509935245   0.0017086167  -0.0412647902
  24.5436926062   0.0016545575  -0.0406089513
  24.9363916879   0.0016030213  -0.0399735670
  25.3290907696   0.0015538536  -0.0393576979
  25.7217898513   0.0015069115  -0.0387604615
  26.1144889330   0.0014620630  -0.0381810271
  26.5071880147   0.0014191853  -0.0376186127
  26.8998870964   0.0013781649  -0.0370724815
  27.2925861781   0.0013388961  -0.0365419382
  27.6852852598   0.0013012807  -0.0360263266
  28.0779843415   0.0012652271  -0.0355250267
  28.4706834232   0.0012306502  -0.0350374523
  28.8633825049   0.0011974705  -0.0345630486
  29.2560815866   0.0011656137  -0.0341012902
  29.6487806683   0.0011350106  -0.0336516795
  30.0414797500   0.0011055962  -0.0332137444
  30.4341788317   0.0010773097  -0.0327870368
  30.8268779133   0.0010500944  -0.0323711313
  31.2195769950   0.0010238968  -0.0319656238
  31.6122760767   0.0009986668  -0.0315701299
  32.0049751584   0.0009743574  -0.0311842840
  32.3976742401   0.0009509244  -0.0308077378
  32.7903733218   0.0009283261  -0.0304401600
  33.1830724035   0.0009065235  -0.0300812342
  33.5757714852   0.0008854796  -0.0297306593
  33.9684705669   0.0008651596  -0.0293881477
  34.3611696486   0.0008455307  -0.0290534246
  34.7538687303   0.0008265620  -0.0287262280
  35.1465678120   0.0008082242  -0.0284063073
  35.5392668937   0.0007904896  -0.0280934226
  35.9319659754   0.0007733322  -0.0277873449
  36.3246650571   0.0007567270  -0.0274878548
  36.7173641388   0.0007406507  -0.0271947421
  37.1100632205   0.0007250811  -0.0269078055
  37.5027623022   0.0007099971  -0.0266268522
  37.8954613839   0.0006953787  -0.0263516973
  38.2881604656   0.0006812070  -0.0260821632
  38.6808595473   0.0006674640  -0.0258180798
  39.0735586290   0.0006541325  -0.0255592835
  39.4662577107   0.0006411963  -0.0253056174
  39.8589567924   0.0006286399  -0.0250569306
  40.2516558741   0.0006164486  -0.0248130781
  40.6443549558   0.0006046085  -0.0245739205
  41.0370540375   0.0005931060  -0.0243393236
  41.4297531192   0.0005819286  -0.0241091584
  41.8224522009   0.0005710641  -0.0238833006
  42.2151512826   0.0005605009  -0.0236616305
  42.6078503643   0.0005502280  -0.0234440329
  43.0005494460   0.0005402349  -0.0232303967
  43.3932485277   0.0005305114  -0.0230206148
  43.7859476094   0.0005210481  -0.0228145839
  44.1786466911   0.0005118356  -0.0226122044
  44.5713457728   0.0005028652  -0.0224133803
  44.9640448545   0.0004941286  -0.0222180186
  45.3567439362   0.0004856175  -0.0220260300
  45.7494430179   0.0004773244  -0.0218373277
  46.1421420996   0.0004692419  -0.0216518283
  46.5348411813   0.0004613629  -0.0214694509
  46.9275402630   0.0004536807  -0.0212901175
  47.3202393447   0.0004461886  -0.0211137525
  47.7129384264   0.0004388806  -0.0209402830
  48.1056375081   0.0004317506  -0.0207696382
  48.4983365898   0.0004247929  -0.0206017498
  48.8910356715   0.0004180020  -0.0204365515
  49.2837347532   0.0004113726  -0.0202739794
  49.6764338349   0.0004048997  -0.0201139713
  50.0691329166   0.0003985782  -0.0199564671
  50.4618319983   0.0003924037  -0.0198014085
  50.8545310800   0.0003863715  -0.0196487390
  51.2472301617   0.0003804772  -0.0194984039
  51.6399292434   0.0003747168  -0.0193503500
  52.0326283251   0.0003690862  -0.0192045260
  52.4253274068   0.0003635816  -0.0190608818
  52.8180264885   0.0003581991  -0.0189193689
  53.2107255702   0.0003529352  -0.0187799404
  53.6034246519   0.0003477866  -0.0186425504
  53.9961237336   0.0003427497  -0.0185071548
  54.3888228153   0.0003378214  -0.0183737102
  54.7815218970   0.0003329987  -0.0182421751
  55.1742209787   0.0003282785  -0.0181125086
  55.5669200604   0.0003236579  -0.0179846712
  55.9596191421   0.0003191341  -0.0178586246
  56.3523182238   0.0003147046  -0.0177343315
  56.7450173055   0.0003103666  -0.0176117554
  57.1377163872   0.0003061176  -0.0174908611
  57.5304154689   0.0003019553  -0.0173716142
  57.9231145506   0.0002978773  -0.0172539813
  58.3158136323   0.0002938813  -0.0171379299
  58.7085127140   0.0002899652  -0.0170234282
  59.1012117957   0.0002861269  -0.0169104456
  59.4939108774   0.0002823642  -0.0167989520
  59.8866099591   0.0002786753  -0.0166889181
  60.2793090408   0.0002750582  -0.0165803155
  60.6720081225   0.0002715110  -0.0164731164
  61.0647072042   0.0002680320  -0.0163672939
  61.4574062859   0.0002646194  -0.0162628215
  61.8501053675   0.0002612716  -0.0161596738
  62.2428044492   0.0002579869  -0.0160578255
  62.6355035309   0.0002547637  -0.0159572524
  63.0282026126   0.0002516006  -0.0158579306
  63.4209016943   0.0002484959  -0.0157598369
  63.8136007760   0.0002454484  -0.0156629488
  64.2062998577   0.0002424566  -0.0155672441
  64.5989989394   0.0002395192  -0.0154727014
  64.9916980211   0.0002366348  -0.0153792995
  65.3843971028   0.0002338022  -0.0152870179
  65.7770961845   0.0002310202  -0.0151958367
  66.1697952662   0.0002282875  -0.0151057363
  66.5624943479   0.0002256030  -0.0150166975
  66.9551934296   0.0002229656  -0.0149287018
  67.3478925113   0.0002203741  -0.0148417309
  67.7405915930   0.0002178275  -0.0147557671
  68.1332906747   0.0002153249  -0.0146707929
  68.5259897564   0.0002128651  -0.0145867914
  68.9186888381   0.0002104472  -0.0145037459
  69.3113879198   0.0002080703  -0.0144216403
  69.7040870015   0.0002057334  -0.0143404586
  70.0967860832   0.0002034357  -0.0142601855
  70.4894851649   0.0002011762  -0.0141808056
  70.8821842466   0.0001989541  -0.0141023043
  71.2748833283   0.0001967687  -0.0140246670
  71.6675824100   0.0001946191  -0.0139478794
  72.0602814917   0.0001925045  -0.0138719279
  72.4529805734   0.0001904242  -0.0137967987
  72.8456796551   0.0001883774  -0.0137224786
  73.2383787368   0.0001863634  -0.0136489546
  73.6310778185   0.0001843816  -0.0135762140
  74.0237769002   0.0001824312  -0.0135042443
  74.4164759819   0.0001805116  -0.0134330334
  74.8091750636   0.0001786221  -0.0133625693
  75.2018741453   0.0001767621  -0.0132928404
  75.5945732270   0.0001749310  -0.0132238351
  75.9872723087   0.0001731282  -0.0131555423
  76.3799713904   0.0001713532  -0.0130879510
  76.7726704721   0.0001696053  -0.0130210505
  77.1653695538   0.0001678840  -0.0129548302
  77.5580686355   0.0001661888  -0.0128892798
  77.9507677172   0.0001645191  -0.0128243893
  78.3434667989   0.0001628744  -0.0127601486
  78.7361658806   0.0001612543  -0.0126965481
  79.1288649623   0.0001596583  -0.0126335783
  79.5215640440   0.0001580858  -0.0125712298
  79.9142631257   0.0001565364  -0.0125094935
  80.3069622074   0.0001550097  -0.0124483604
  80.6996612891   0.0001535052  -0.0123878217
  81.0923603708   0.0001520226  -0.0123278688
  81.4850594525   0.0001505613  -0.0122684932
  81.8777585342   0.0001491209  -0.0122096867
  82.2704576159   0.0001477011  -0.0121514411
  82.6631566976   0.0001463016  -0.0120937484
  83.0558557793   0.0001449218  -0.0120366008
  83.4485548610   0.0001435614  -0.0119799905
  83.8412539427   0.0001422201  -0.0119239102
  84.2339530244   0.0001408975  -0.0118683522
  84.6266521061   0.0001395933  -0.0118133095
  85.0193511878   0.0001383070  -0.0117587748
  85.4120502695   0.0001370385  -0.0117047412
  85.8047493512   0.0001357874  -0.0116512017
  86.1974484329   0.0001345533  -0.0115981497
  86.5901475146   0.0001333359  -0.0115455785
  86.9828465963   0.0001321350  -0.0114934816
  87.3755456780   0.0001309503  -0.0114418526
  87.7682447597   0.0001297814  -0.0113906853
  88.1609438414   0.0001286281  -0.0113399734
  88.5536429231   0.0001274901  -0.0112897110
  88.9463420048   0.0001263671  -0.0112398920
  89.3390410865   0.0001252589  -0.0111905107
  89.7317401682   0.0001241652  -0.0111415613
  90.1244392499   0.0001230858  -0.0110930382
  90.5171383316   0.0001220204  -0.0110449357
  90.9098374133   0.0001209687  -0.0109972485
  91.3025364950   0.0001199306  -0.0109499713
  91.6952355767   0.0001189058  -0.0109030987
  92.0879346584   0.0001178941  -0.0108566256
  92.4806337400   0.0001168953  -0.0108105468
  92.8733328217   0.0001159090  -0.0107648575
  93.2660319034   0.0001149352  -0.0107195527
  93.6587309851   0.0001139737  -0.0106746275
  94.0514300668   0.0001130241  -0.0106300772
  94.4441291485   0.0001120863  -0.0105858972
  94.8368282302   0.0001111602  -0.0105420828
  95.2295273119   0.0001102455  -0.0104986295
  95.6222263936   0.0001093421  -0.0104555328
  96.0149254753   0.0001084497  -0.0104127885
  96.4076245570   0.0001075682  -0.0103703922
  96.8003236387   0.0001066974  -0.0103283396
  97.1930227204   0.0001058371  -0.0102866266
  97.5857218021   0.0001049872  -0.0102452492
  97.9784208838   0.0001041475  -0.0102042032
  98.3711199655   0.0001033178  -0.0101634847
  98.7638190472   0.0001024980  -0.0101230899
  99.1565181289   0.0001016879  -0.0100830147
  99.5492172106   0.0001008873  -0.0100432556
  99.9419162923   0.0001000962  -0.0100038088
 100.3346153740   0.0000993144  -0.0099646705
 100.7273144557   0.0000985417  -0.0099258372
 101.1200135374   0.0000977779  -0.0098873054
 101.5127126191   0.0000970230  -0.0098490715
 101.9054117008   0.0000962769  -0.0098111321
 102.2981107825   0.0000955392  -0.0097734838
 102.6908098642   0.0000948101  -0.0097361233
 103.0835089459   0.0000940892  -0.0096990473
 103.4762080276   0.0000933766  -0.0096622526
 103.8689071093   0.0000926720  -0.0096257359
 104.2616061910   0.0000919753  -0.0095894941
 104.6543052727   0.0000912865  -0.0095535242
 105.0470043544   0.0000906054  -0.0095178230
 105.4397034361   0.0000899319  -0.0094823877
 105.8324025178   0.0000892658  -0.0094472151
 106.2251015995   0.0000886071  -0.0094123025
 106.6178006812   0.0000879557  -0.0093776470
 107.0104997629   0.0000873115  -0.0093432456
 107.4031988446   0.0000866743  -0.0093090957
 107.7958979263   0.0000860440  -0.0092751945
 108.1885970080   0.0000854206  -0.0092415393
 108.5812960897   0.0000848040  -0.0092081273
 108.9739951714   0.0000841940  -0.0091749561
 109.3666942531   0.0000835906  -0.0091420229
 109.7593933348   0.0000829936  -0.0091093253
 110.1520924165   0.0000824030  -0.0090768607
 110.5447914982   0.0000818187  -0.0090446267
 110.9374905799   0.0000812405  -0.0090126207
 111.3301896616   0.0000806685  -0.0089808404
 111.7228887433   0.0000801025  -0.0089492835
 112.1155878250   0.0000795424  -0.0089179475
 112.5082869067   0.0000789882  -0.0088868301
 112.9009859884   0.0000784398  -0.0088559291
 113.2936850701   0.0000778970  -0.0088252422
 113.6863841518   0.0000773599  -0.0087947672
 114.0790832335   0.0000768283  -0.0087645020
 114.4717823152   0.0000763022  -0.0087344443
 114.8644813969   0.0000757814  -0.0087045920
 115.2571804786   0.0000752660  -0.0086749430
 115.6498795603   0.0000747558  -0.0086454953
 116.0425786420   0.0000742507  -0.0086162469
 116.4352777237   0.0000737508  -0.0085871956
 116.8279768054   0.0000732559  -0.0085583395
 117.2206758871   0.0000727660  -0.0085296767
 117.6133749688   0.0000722809  -0.0085012053
 118.0060740505   0.0000718007  -0.0084729232
 118.3987731322   0.0000713253  -0.0084448287
 118.7914722139   0.0000708546  -0.0084169198
 119.1841712956   0.0000703885  -0.0083891948
 119.5768703773   0.0000699270  -0.0083616518
 119.9695694590   0.0000694700  -0.0083342890
 120.3622685407   0.0000690175  -0.0083071047
 120.7549676224   0.0000685694  -0.0082800972
 121.1476667041   0.0000681257  -0.0082532646
 121.5403657858   0.0000676862  -0.0082266054
 121.9330648675   0.0000672510  -0.0082001179
 122.3257639492   0.0000668199  -0.0081738003
 122.7184630309   0.0000663930  -0.0081476511
 123.1111621125   0.0000659702  -0.0081216686
 123.5038611942   0.0000655514  -0.0080958514
 123.8965602759   0.0000651366  -0.0080701977
 124.2892593576   0.0000647257  -0.0080447060
 124.6819584393   0.0000643186  -0.0080193749
 125.0746575210   0.0000639154  -0.0079942028
 125.4673566027   0.0000635160  -0.0079691882
 125.8600556844   0.0000631203  -0.0079443296
 126.2527547661   0.0000627283  -0.0079196256
 126.6454538478   0.0000623400  -0.0078950747
 127.0381529295   0.0000619552  -0.0078706756
 127.4308520112   0.0000615740  -0.0078464268
 127.8235510929   0.0000611963  -0.0078223270
 128.2162501746   0.0000608220  -0.0077983747
 128.6089492563   0.0000604512  -0.0077745686
 129.0016483380   0.0000600838  -0.0077509074
 129.3943474197   0.0000597197  -0.0077273898
 129.7870465014   0.0000593589  -0.0077040145
 130.1797455831   0.0000590013  -0.0076807801
 130.5724446648   0.0000586470  -0.0076576854
 130.9651437465   0.0000582959  -0.0076347292
 131.3578428282   0.0000579479  -0.0076119102
 131.7505419099   0.0000576030  -0.0075892272
 132.1432409916   0.0000572612  -0.0075666790
 132.5359400733   0.0000569224  -0.0075442643
 132.9286391550   0.0000565866  -0.0075219820
 133.3213382367   0.0000562538  -0.0074998309
 133.7140373184   0.0000559239  -0.0074778099
 134.1067364001   0.0000555969  -0.0074559178
 134.4994354818   0.0000552727  -0.0074341536
 134.8921345635   0.0000549514  -0.0074125160
 135.2848336452   0.0000546329  -0.0073910039
 135.6775327269   0.0000543171  -0.0073696164
 136.0702318086   0.0000540041  -0.0073483523
 136.4629308903   0.0000536938  -0.0073272105
 136.8556299720   0.0000533861  -0.0073061900
 137.2483290537   0.0000530811  -0.0072852897
 137.6410281354   0.0000527787  -0.0072645087
 138.0337272171   0.0000524788  -0.0072438459
 138.4264262988   0.0000521815  -0.0072233003
 138.8191253805   0.0000518867  -0.0072028708
 139.2118244622   0.0000515944  -0.0071825566
 139.6045235439   0.0000513046  -0.0071623567
 139.9972226256   0.0000510172  -0.0071422700
 140.3899217073   0.0000507322  -0.0071222957
 140.7826207890   0.0000504496  -0.0071024328
 141.1753198707   0.0000501694  -0.0070826803
 141.5680189524   0.0000498915  -0.0070630374
 141.9607180341   0.0000496159  -0.0070435032
 142.3534171158   0.0000493425  -0.0070240767
 142.7461161975   0.0000490714  -0.0070047570
 143.1388152792   0.0000488026  -0.0069855433
 143.5315143609   0.0000485359  -0.0069664348
 143.9242134426   0.0000482714  -0.0069474304
 144.3169125243   0.0000480091  -0.0069285295
 144.7096116060   0.0000477489  -0.0069097311
 145.1023106877   0.0000474909  -0.0068910344
 145.4950097694   0.0000472349  -0.0068724387
 145.8877088511   0.0000469809  -0.0068539430
 146.2804079328   0.0000467291  -0.0068355466
 146.6731070145   0.0000464792  -0.0068172487
 147.0658060962   0.0000462313  -0.0067990484
 147.4585051779   0.0000459854  -0.0067809451
 147.8512042596   0.0000457415  -0.0067629379
 148.2439033413   0.0000454995  -0.0067450261
 148.6366024230   0.0000452594  -0.0067272090
 149.0293015047   0.0000450213  -0.0067094856
 149.4220005864   0.0000447849  -0.0066918555
 149.8146996681   0.0000445505  -0.0066743177
 150.2073987498   0.0000443179  -0.0066568716
 150.6000978315   0.0000440871  -0.0066395165
 150.9927969132   0.0000438581  -0.0066222516
 151.3854959949   0.0000436308  -0.0066050762
 151.7781950766   0.0000434054  -0.0065879897
 152.1708941583   0.0000431817  -0.0065709914
 152.5635932400   0.0000429597  -0.0065540806
 152.9562923217   0.0000427394  -0.0065372565
 153.3489914034   0.0000425208  -0.0065205187
 153.7416904851   0.0000423039  -0.0065038663
 154.1343895667   0.0000420886  -0.0064872987
 154.5270886484   0.0000418750  -0.0064708153
 154.9197877301   0.0000416630  -0.0064544155
 155.3124868118   0.0000414525  -0.0064380986
 155.7051858935   0.0000412437  -0.0064218639
 156.0978849752   0.0000410365  -0.0064057109
 156.4905840569   0.0000408308  -0.0063896390
 156.8832831386   0.0000406267  -0.0063736475
 157.2759822203   0.0000404241  -0.0063577359
 157.6686813020   0.0000402230  -0.0063419035
 158.0613803837   0.0000400234  -0.0063261497
 158.4540794654   0.0000398253  -0.0063104740
 158.8467785471   0.0000396286  -0.0062948758
 159.2394776288   0.0000394334  -0.0062793545
 159.6321767105   0.0000392396  -0.0062639096
 160.0248757922   0.0000390473  -0.0062485404
 160.4175748739   0.0000388564  -0.0062332465
 160.8102739556   0.0000386669  -0.0062180273
 161.2029730373   0.0000384787  -0.0062028822
 161.5956721190   0.0000382919  -0.0061878106
 161.9883712007   0.0000381065  -0.0061728122
 162.3810702824   0.0000379224  -0.0061578862
 162.7737693641   0.0000377397  -0.0061430323
 163.1664684458   0.0000375583  -0.0061282498
 163.5591675275   0.0000373781  -0.0061135384
 163.9518666092   0.0000371993  -0.0060988973
 164.3445656909   0.0000370218  -0.0060843263
 164.7372647726   0.0000368455  -0.0060698246
 165.1299638543   0.0000366705  -0.0060553920
 165.5226629360   0.0000364967  -0.0060410278
 165.9153620177   0.0000363241  -0.0060267316
 166.3080610994   0.0000361528  -0.0060125029
 166.7007601811   0.0000359827  -0.0059983412
 167.0934592628   0.0000358138  -0.0059842461
 167.4861583445   0.0000356460  -0.0059702170
 167.8788574262   0.0000354795  -0.0059562536
 168.2715565079   0.0000353141  -0.0059423553
 168.6642555896   0.0000351498  -0.0059285217
 169.0569546713   0.0000349867  -0.0059147524
 169.4496537530   0.0000348248  -0.0059010469
 169.8423528347   0.0000346639  -0.0058874047
 170.2350519164   0.0000345042  -0.0058738255
 170.6277509981   0.0000343456  -0.0058603088
 171.0204500798   0.0000341880  -0.0058468541
 171.4131491615   0.0000340316  -0.0058334611
 171.8058482432   0.0000338762  -0.0058201293
 172.1985473249   0.0000337219  -0.0058068583
 172.5912464066   0.0000335686  -0.0057936476
 172.9839454883   0.0000334164  -0.0057804969
 173.3766445700   0.0000332652  -0.0057674058
 173.7693436517   0.0000331150  -0.0057543739
 174.1620427334   0.0000329659  -0.0057414007
 174.5547418151   0.0000328177  -0.0057284858
 174.9474408968   0.0000326705  -0.0057156290
 175.3401399785   0.0000325244  -0.0057028297
 175.7328390602   0.0000323792  -0.0056900876
 176.1255381419   0.0000322350  -0.0056774023
 176.5182372236   0.0000320917  -0.0056647734
 176.9109363053   0.0000319494  -0.0056522006
 177.3036353870   0.0000318081  -0.0056396835
 177.6963344687   0.0000316676  -0.0056272217
 178.0890335504   0.0000315281  -0.0056148148
 178.4817326321   0.0000313896  -0.0056024625
 178.8744317138   0.0000312519  -0.0055901645
 179.2671307955   0.0000311151  -0.0055779203
 179.6598298772   0.0000309793  -0.0055657297
 180.0525289589   0.0000308443  -0.0055535922
 180.4452280406   0.0000307102  -0.0055415075
 180.8379271223   0.0000305770  -0.0055294753
 181.2306262040   0.0000304446  -0.0055174952
 181.6233252857   0.0000303131  -0.0055055669
 182.0160243674   0.0000301825  -0.0054936901
 182.4087234491   0.0000300526  -0.0054818644
 182.8014225308   0.0000299237  -0.0054700896
 183.1941216125   0.0000297955  -0.0054583652
 183.5868206942   0.0000296682  -0.0054466909
 183.9795197759   0.0000295417  -0.0054350665
 184.3722188576   0.0000294160  -0.0054234915
 184.7649179392   0.0000292911  -0.0054119658
 185.1576170209   0.0000291670  -0.0054004890
 185.5503161026   0.0000290437  -0.0053890607
 185.9430151843   0.0000289211  -0.0053776807
 186.3357142660   0.0000287994  -0.0053663486
 186.7284133477   0.0000286784  -0.0053550642
 187.1211124294   0.0000285581  -0.0053438272
 187.5138115111   0.0000284386  -0.0053326372
 187.9065105928   0.0000283199  -0.0053214940
 188.2992096745   0.0000282019  -0.0053103972
 188.6919087562   0.0000280847  -0.0052993466
 189.0846078379   0.0000279681  -0.0052883420
 189.4773069196   0.0000278523  -0.0052773829
 189.8700060013   0.0000277372  -0.0052664691
 190.2627050830   0.0000276229  -0.0052556004
 190.6554041647   0.0000275092  -0.0052447765
 191.0481032464   0.0000273962  -0.0052339970
 191.4408023281   0.0000272840  -0.0052232618
 191.8335014098   0.0000271724  -0.0052125705
 192.2262004915   0.0000270615  -0.0052019229
 192.6188995732   0.0000269512  -0.0051913187
 193.0115986549   0.0000268417  -0.0051807577
 193.4042977366   0.0000267328  -0.0051702395
 193.7969968183   0.0000266246  -0.0051597639
 194.1896959000   0.0000265170  -0.0051493307
 194.5823949817   0.0000264101  -0.0051389396
 194.9750940634   0.0000263038  -0.0051285904
 195.3677931451   0.0000261982  -0.0051182827
 195.7604922268   0.0000260932  -0.0051080164
 196.1531913085   0.0000259888  -0.0050977913
 196.5458903902   0.0000258851  -0.0050876069
 196.9385894719   0.0000257820  -0.0050774632
 197.3312885536   0.0000256795  -0.0050673598
 197.7239876353   0.0000255776  -0.0050572966
 198.1166867170   0.0000254763  -0.0050472732
 198.5093857987   0.0000253756  -0.0050372895
 198.9020848804   0.0000252755  -0.0050273452
 199.2947839621   0.0000251760  -0.0050174401
 199.6874830438   0.0000250771  -0.0050075740
 200.0801821255   0.0000249787  -0.0049977466
 200.4728812072   0.0000248810  -0.0049879576
 200.8655802889   0.0000247838  -0.0049782070
