   0.0000000000   0.2500000000
   0.0250000000   0.2493428554
   0.0500000000   0.2473870736
   0.0750000000   0.2441809353
   0.1000000000   0.2398028797
   0.1250000000   0.2343585646
   0.1500000000   0.2279769780
   0.1750000000   0.2208058038
   0.2000000000   0.2130062821
   0.2250000000   0.2047478152
   0.2500000000   0.1962025728
   0.2750000000   0.1875403330
   0.3000000000   0.1789237646
   0.3250000000   0.1705043202
   0.3500000000   0.1624188604
   0.3750000000   0.1547870841
   0.4000000000   0.1477097904
   0.4250000000   0.1412679566
   0.4500000000   0.1355225766
   0.4750000000   0.1305151770
   0.5000000000   0.1262689053
   0.5250000000   0.1227900727
   0.5500000000   0.1200700292
   0.5750000000   0.1180872506
   0.6000000000   0.1168095258
   0.6250000000   0.1161961464
   0.6500000000   0.1162000136
   0.6750000000   0.1167695978
   0.7000000000   0.1178507027
   0.7250000000   0.1193880026
   0.7500000000   0.1213263385
   0.7750000000   0.1236117722
   0.8000000000   0.1261924067
   0.8250000000   0.1290189945
   0.8500000000   0.1320453566
   0.8750000000   0.1352286416
   0.9000000000   0.1385294549
   0.9250000000   0.1419118869
   0.9500000000   0.1453434680
   0.9750000000   0.1487950740
   1.0000000000   0.1522408015
   1.0250000000   0.1556578303
   1.0500000000   0.1590262827
   1.0750000000   0.1623290886
   1.1000000000   0.1655518583
   1.1250000000   0.1686827653
   1.1500000000   0.1717124360
   1.1750000000   0.1746338438
   1.2000000000   0.1774422024
   1.2250000000   0.1801348531
   1.2500000000   0.1827111420
   1.2750000000   0.1851722820
   1.3000000000   0.1875211960
   1.3250000000   0.1897623402
   1.3500000000   0.1919015048
   1.3750000000   0.1939455946
   1.4000000000   0.1959023901
   1.4250000000   0.1977802951
   1.4500000000   0.1995880732
   1.4750000000   0.2013345830
   1.5000000000   0.2030285168
   1.5250000000   0.2046781531
   1.5500000000   0.2062911301
   1.5750000000   0.2078742490
   1.6000000000   0.2094333150
   1.6250000000   0.2109730215
   1.6500000000   0.2124968822
   1.6750000000   0.2140072151
   1.7000000000   0.2155051760
   1.7250000000   0.2169908426
   1.7500000000   0.2184633415
   1.7750000000   0.2199210135
   1.8000000000   0.2213616071
   1.8250000000   0.2227824916
   1.8500000000   0.2241808767
   1.8750000000   0.2255540302
   1.9000000000   0.2268994807
   1.9250000000   0.2282151967
   1.9500000000   0.2294997353
   1.9750000000   0.2307523514
   2.0000000000   0.2319730674
   2.0250000000   0.2331626985
   2.0500000000   0.2343228373
   2.0750000000   0.2354557988
   2.1000000000   0.2365645320
   2.1250000000   0.2376525037
   2.1500000000   0.2387235615
   2.1750000000   0.2397817853
   2.2000000000   0.2408313332
   2.2250000000   0.2418762903
   2.2500000000   0.2429205271
   2.2750000000   0.2439675729
   2.3000000000   0.2450205079
   2.3250000000   0.2460818795
   2.3500000000   0.2471536412
   2.3750000000   0.2482371179
   2.4000000000   0.2493329949
   2.4250000000   0.2504413298
   2.4500000000   0.2515615857
   2.4750000000   0.2526926813
   2.5000000000   0.2538330555
   2.5250000000   0.2549807437
   2.5500000000   0.2561334605
   2.5750000000   0.2572886871
   2.6000000000   0.2584437590
   2.6250000000   0.2595959525
   2.6500000000   0.2607425654
   2.6750000000   0.2618809920
   2.7000000000   0.2630087889
   2.7250000000   0.2641237315
   2.7500000000   0.2652238596
   2.7750000000   0.2663075118
   2.8000000000   0.2673733489
   2.8250000000   0.2684203651
   2.8500000000   0.2694478897
   2.8750000000   0.2704555781
   2.9000000000   0.2714433939
   2.9250000000   0.2724115828
   2.9500000000   0.2733606406
   2.9750000000   0.2742912752
   3.0000000000   0.2752043660
   3.0250000000   0.2761009195
   3.0500000000   0.2769820264
   3.0750000000   0.2778488178
   3.1000000000   0.2787024245
   3.1250000000   0.2795439399
   3.1500000000   0.2803743866
   3.1750000000   0.2811946900
   3.2000000000   0.2820056560
   3.2250000000   0.2828079571
   3.2500000000   0.2836021236
   3.2750000000   0.2843885423
   3.3000000000   0.2851674608
   3.3250000000   0.2859389973
   3.3500000000   0.2867031560
   3.3750000000   0.2874598446
   3.4000000000   0.2882088968
   3.4250000000   0.2889500946
   3.4500000000   0.2896831922
   3.4750000000   0.2904079390
   3.5000000000   0.2911241015
   3.5250000000   0.2918314823
   3.5500000000   0.2925299367
   3.5750000000   0.2932193848
   3.6000000000   0.2938998207
   3.6250000000   0.2945713168
   3.6500000000   0.2952340248
   3.6750000000   0.2958881717
   3.7000000000   0.2965340539
   3.7250000000   0.2971720271
   3.7500000000   0.2978024945
   3.7750000000   0.2984258929
   3.8000000000   0.2990426782
   3.8250000000   0.2996533103
   3.8500000000   0.3002582380
   3.8750000000   0.3008578857
   3.9000000000   0.3014526404
   3.9250000000   0.3020428410
   3.9500000000   0.3026287702
   3.9750000000   0.3032106478
   4.0000000000   0.3037886271
   4.0250000000   0.3043627933
   4.0500000000   0.3049331649
   4.0750000000   0.3054996966
   4.1000000000   0.3060622843
   4.1250000000   0.3066207720
   4.1500000000   0.3071749601
   4.1750000000   0.3077246141
   4.2000000000   0.3082694744
   4.2250000000   0.3088092663
   4.2500000000   0.3093437100
   4.2750000000   0.3098725295
   4.3000000000   0.3103954617
   4.3250000000   0.3109122641
   4.3500000000   0.3114227211
   4.3750000000   0.3119266498
   4.4000000000   0.3124239036
   4.4250000000   0.3129143745
   4.4500000000   0.3133979945
   4.4750000000   0.3138747352
   4.5000000000   0.3143446063
   4.5250000000   0.3148076528
   4.5500000000   0.3152639516
   4.5750000000   0.3157136071
   4.6000000000   0.3161567465
   4.6250000000   0.3165935146
   4.6500000000   0.3170240686
   4.6750000000   0.3174485734
   4.7000000000   0.3178671966
   4.7250000000   0.3182801045
   4.7500000000   0.3186874584
   4.7750000000   0.3190894121
   4.8000000000   0.3194861096
   4.8250000000   0.3198776840
   4.8500000000   0.3202642574
   4.8750000000   0.3206459407
   4.9000000000   0.3210228352
   4.9250000000   0.3213950339
   4.9500000000   0.3217626232
   4.9750000000   0.3221256860
   5.0000000000   0.3224843032
