   0.0000000000  -0.8447834039
   0.0250000000  -0.8414915102
   0.0500000000  -0.8316958926
   0.0750000000  -0.8156391806
   0.1000000000  -0.7937143507
   0.1250000000  -0.7664508496
   0.1500000000  -0.7344953468
   0.1750000000  -0.6985887537
   0.2000000000  -0.6595407275
   0.2250000000  -0.6182029001
   0.2500000000  -0.5754420648
   0.2750000000  -0.5321144604
   0.3000000000  -0.4890421460
   0.3250000000  -0.4469922625
   0.3500000000  -0.4066597589
   0.3750000000  -0.3686539300
   0.4000000000  -0.3334888970
   0.4250000000  -0.3015779627
   0.4500000000  -0.2732316093
   0.4750000000  -0.2486587763
   0.5000000000  -0.2279709697
   0.5250000000  -0.2111886972
   0.5500000000  -0.1982497081
   0.5750000000  -0.1890185256
   0.6000000000  -0.1832967903
   0.6250000000  -0.1808339855
   0.6500000000  -0.1813381699
   0.6750000000  -0.1844864124
   0.7000000000  -0.1899346853
   0.7250000000  -0.1973270368
   0.7500000000  -0.2063039212
   0.7750000000  -0.2165096143
   0.8000000000  -0.2275986837
   0.8250000000  -0.2392415181
   0.8500000000  -0.2511289442
   0.8750000000  -0.2629759770
   0.9000000000  -0.2745247613
   0.9250000000  -0.2855467648
   0.9500000000  -0.2958442869
   0.9750000000  -0.3052513418
   1.0000000000  -0.3136339717
   1.0250000000  -0.3208900395
   1.0500000000  -0.3269485442
   1.0750000000  -0.3317684998
   1.1000000000  -0.3353374121
   1.1250000000  -0.3376693872
   1.1500000000  -0.3388029066
   1.1750000000  -0.3387983028
   1.2000000000  -0.3377349744
   1.2250000000  -0.3357083842
   1.2500000000  -0.3328268860
   1.2750000000  -0.3292084363
   1.3000000000  -0.3249772459
   1.3250000000  -0.3202604380
   1.3500000000  -0.3151847764
   1.3750000000  -0.3098735346
   1.4000000000  -0.3044435734
   1.4250000000  -0.2990026943
   1.4500000000  -0.2936473318
   1.4750000000  -0.2884606396
   1.5000000000  -0.2835110185
   1.5250000000  -0.2788511217
   1.5500000000  -0.2745173593
   1.5750000000  -0.2705299105
   1.6000000000  -0.2668932346
   1.6250000000  -0.2635970562
   1.6500000000  -0.2606177848
   1.6750000000  -0.2579203113
   1.7000000000  -0.2554601140
   1.7250000000  -0.2531855917
   1.7500000000  -0.2510405377
   1.7750000000  -0.2489666607
   1.8000000000  -0.2469060592
   1.8250000000  -0.2448035606
   1.8500000000  -0.2426088411
   1.8750000000  -0.2402782540
   1.9000000000  -0.2377763095
   1.9250000000  -0.2350767613
   1.9500000000  -0.2321632766
   1.9750000000  -0.2290296808
   2.0000000000  -0.2256797884
   2.0250000000  -0.2221268472
   2.0500000000  -0.2183926364
   2.0750000000  -0.2145062733
   2.1000000000  -0.2105027911
   2.1250000000  -0.2064215565
   2.1500000000  -0.2023045979
   2.1750000000  -0.1981949155
   2.2000000000  -0.1941348392
   2.2250000000  -0.1901644949
   2.2500000000  -0.1863204318
   2.2750000000  -0.1826344533
   2.3000000000  -0.1791326815
   2.3250000000  -0.1758348766
   2.3500000000  -0.1727540214
   2.3750000000  -0.1698961663
   2.4000000000  -0.1672605275
   2.4250000000  -0.1648398156
   2.4500000000  -0.1626207715
   2.4750000000  -0.1605848746
   2.5000000000  -0.1587091909
   2.5250000000  -0.1569673209
   2.5500000000  -0.1553304103
   2.5750000000  -0.1537681856
   2.6000000000  -0.1522499783
   2.6250000000  -0.1507457050
   2.6500000000  -0.1492267739
   2.6750000000  -0.1476668929
   2.7000000000  -0.1460427594
   2.7250000000  -0.1443346165
   2.7500000000  -0.1425266652
   2.7750000000  -0.1406073290
   2.8000000000  -0.1385693707
   2.8250000000  -0.1364098653
   2.8500000000  -0.1341300399
   2.8750000000  -0.1317349914
   2.9000000000  -0.1292332996
   2.9250000000  -0.1266365527
   2.9500000000  -0.1239588058
   2.9750000000  -0.1212159939
   3.0000000000  -0.1184253196
   3.0250000000  -0.1156046389
   3.0500000000  -0.1127718620
   3.0750000000  -0.1099443912
   3.1000000000  -0.1071386095
   3.1250000000  -0.1043694352
   3.1500000000  -0.1016499531
   3.1750000000  -0.0989911295
   3.2000000000  -0.0964016172
   3.2250000000  -0.0938876489
   3.2500000000  -0.0914530199
   3.2750000000  -0.0890991537
   3.3000000000  -0.0868252429
   3.3250000000  -0.0846284561
   3.3500000000  -0.0825041987
   3.3750000000  -0.0804464162
   3.4000000000  -0.0784479238
   3.4250000000  -0.0765007514
   3.4500000000  -0.0745964889
   3.4750000000  -0.0727266200
   3.5000000000  -0.0708828323
   3.5250000000  -0.0690572961
   3.5500000000  -0.0672429012
   3.5750000000  -0.0654334488
   3.6000000000  -0.0636237927
   3.6250000000  -0.0618099300
   3.6500000000  -0.0599890412
   3.6750000000  -0.0581594816
   3.7000000000  -0.0563207293
   3.7250000000  -0.0544732949
   3.7500000000  -0.0526185989
   3.7750000000  -0.0507588248
   3.8000000000  -0.0488967550
   3.8250000000  -0.0470355977
   3.8500000000  -0.0451788122
   3.8750000000  -0.0433299386
   3.9000000000  -0.0414924403
   3.9250000000  -0.0396695614
   3.9500000000  -0.0378642067
   3.9750000000  -0.0360788444
   4.0000000000  -0.0343154354
   4.0250000000  -0.0325753891
   4.0500000000  -0.0308595457
   4.0750000000  -0.0291681833
   4.1000000000  -0.0275010479
   4.1250000000  -0.0258574041
   4.1500000000  -0.0242361012
   4.1750000000  -0.0226356524
   4.2000000000  -0.0210543231
   4.2250000000  -0.0194902227
   4.2500000000  -0.0179413971
   4.2750000000  -0.0164059180
   4.3000000000  -0.0148819649
   4.3250000000  -0.0133678976
   4.3500000000  -0.0118623168
   4.3750000000  -0.0103641100
   4.4000000000  -0.0088724832
   4.4250000000  -0.0073869770
   4.4500000000  -0.0059074673
   4.4750000000  -0.0044341519
   4.5000000000  -0.0029675237
   4.5250000000  -0.0015083332
   4.5500000000  -0.0000575412
   4.5750000000   0.0013837346
   4.6000000000   0.0028142773
   4.6250000000   0.0042328301
   4.6500000000   0.0056381549
   4.6750000000   0.0070290865
   4.7000000000   0.0084045825
   4.7250000000   0.0097637654
   4.7500000000   0.0111059555
   4.7750000000   0.0124306955
   4.8000000000   0.0137377633
   4.8250000000   0.0150271756
   4.8500000000   0.0162991814
   4.8750000000   0.0175542460
   4.9000000000   0.0187930270
   4.9250000000   0.0200163441
   4.9500000000   0.0212251427
   4.9750000000   0.0224204548
   5.0000000000   0.0236033584
