   0.0000000000  -0.8447834039
   0.0250000000  -0.8447772330
   0.0500000000  -0.8447605251
   0.0750000000  -0.8447345044
   0.1000000000  -0.8446999526
   0.1250000000  -0.8446580268
   0.1500000000  -0.8446104573
   0.1750000000  -0.8445597353
   0.2000000000  -0.8445093175
   0.2250000000  -0.8444638246
   0.2500000000  -0.8444292010
   0.2750000000  -0.8444127958
   0.3000000000  -0.8444233234
   0.3250000000  -0.8444706620
   0.3500000000  -0.8445654573
   0.3750000000  -0.8447185099
   0.4000000000  -0.8449399452
   0.4250000000  -0.8452381799
   0.4500000000  -0.8456187265
   0.4750000000  -0.8460828916
   0.5000000000  -0.8466264436
   0.5250000000  -0.8472383339
   0.5500000000  -0.8478995622
   0.5750000000  -0.8485822731
   0.6000000000  -0.8492491618
   0.6250000000  -0.8498532539
   0.6500000000  -0.8503381023
   0.6750000000  -0.8506384237
   0.7000000000  -0.8506811721
   0.7250000000  -0.8503870243
   0.7500000000  -0.8496722289
   0.7750000000  -0.8484507537
   0.8000000000  -0.8466366506
   0.8250000000  -0.8441465459
   0.8500000000  -0.8409021613
   0.8750000000  -0.8368327692
   0.9000000000  -0.8318774872
   0.9250000000  -0.8259873308
   0.9500000000  -0.8191269470
   0.9750000000  -0.8112759720
   1.0000000000  -0.8024299644
   1.0250000000  -0.7926008883
   1.0500000000  -0.7818171308
   1.0750000000  -0.7701230570
   1.1000000000  -0.7575781207
   1.1250000000  -0.7442555610
   1.1500000000  -0.7302407270
   1.1750000000  -0.7156290839
   1.2000000000  -0.7005239626
   1.2250000000  -0.6850341189
   1.2500000000  -0.6692711762
   1.2750000000  -0.6533470268
   1.3000000000  -0.6373712663
   1.3250000000  -0.6214487374
   1.3500000000  -0.6056772526
   1.3750000000  -0.5901455622
   1.4000000000  -0.5749316231
   1.4250000000  -0.5601012193
   1.4500000000  -0.5457069661
   1.4750000000  -0.5317877249
   1.5000000000  -0.5183684346
   1.5250000000  -0.5054603563
   1.5500000000  -0.4930617092
   1.5750000000  -0.4811586659
   1.6000000000  -0.4697266597
   1.6250000000  -0.4587319491
   1.6500000000  -0.4481333739
   1.6750000000  -0.4378842364
   1.7000000000  -0.4279342344
   1.7250000000  -0.4182313790
   1.7500000000  -0.4087238304
   1.7750000000  -0.3993615936
   1.8000000000  -0.3900980239
   1.8250000000  -0.3808911032
   1.8500000000  -0.3717044579
   1.8750000000  -0.3625081031
   1.9000000000  -0.3532789065
   1.9250000000  -0.3440007780
   1.9500000000  -0.3346646006
   1.9750000000  -0.3252679240
   2.0000000000  -0.3158144518
   2.0250000000  -0.3063133551
   2.0500000000  -0.2967784504
   2.0750000000  -0.2872272797
   2.1000000000  -0.2776801313
   2.1250000000  -0.2681590385
   2.1500000000  -0.2586867908
   2.1750000000  -0.2492859894
   2.2000000000  -0.2399781736
   2.2250000000  -0.2307830437
   2.2500000000  -0.2217177965
   2.2750000000  -0.2127965895
   2.3000000000  -0.2040301423
   2.3250000000  -0.1954254796
   2.3500000000  -0.1869858157
   2.3750000000  -0.1787105771
   2.4000000000  -0.1705955536
   2.4250000000  -0.1626331671
   2.4500000000  -0.1548128433
   2.4750000000  -0.1471214687
   2.5000000000  -0.1395439137
   2.5250000000  -0.1320636026
   2.5500000000  -0.1246631079
   2.5750000000  -0.1173247506
   2.6000000000  -0.1100311836
   2.6250000000  -0.1027659429
   2.6500000000  -0.0955139471
   2.6750000000  -0.0882619333
   2.7000000000  -0.0809988154
   2.7250000000  -0.0737159596
   2.7500000000  -0.0664073677
   2.7750000000  -0.0590697702
   2.8000000000  -0.0517026266
   2.8250000000  -0.0443080403
   2.8500000000  -0.0368905918
   2.8750000000  -0.0294571011
   2.9000000000  -0.0220163305
   2.9250000000  -0.0145786391
   2.9500000000  -0.0071556034
   2.9750000000   0.0002403820
   3.0000000000   0.0075965098
   3.0250000000   0.0148999583
   3.0500000000   0.0221382697
   3.0750000000   0.0292996974
   3.1000000000   0.0363735128
   3.1250000000   0.0433502637
   3.1500000000   0.0502219797
   3.1750000000   0.0569823200
   3.2000000000   0.0636266625
   3.2250000000   0.0701521362
   3.2500000000   0.0765575977
   3.2750000000   0.0828435574
   3.3000000000   0.0890120605
   3.3250000000   0.0950665303
   3.3500000000   0.1010115807
   3.3750000000   0.1068528065
   3.4000000000   0.1125965600
   3.4250000000   0.1182497214
   3.4500000000   0.1238194716
   3.4750000000   0.1293130746
   3.5000000000   0.1347376748
   3.5250000000   0.1401001152
   3.5500000000   0.1454067818
   3.5750000000   0.1506634747
   3.6000000000   0.1558753102
   3.6250000000   0.1610466537
   3.6500000000   0.1661810822
   3.6750000000   0.1712813764
   3.7000000000   0.1763495397
   3.7250000000   0.1813868401
   3.7500000000   0.1863938729
   3.7750000000   0.1913706391
   3.8000000000   0.1963166356
   3.8250000000   0.2012309532
   3.8500000000   0.2061123777
   3.8750000000   0.2109594897
   3.9000000000   0.2157707613
   3.9250000000   0.2205446433
   3.9500000000   0.2252796440
   3.9750000000   0.2299743943
   4.0000000000   0.2346276995
   4.0250000000   0.2392385769
   4.0500000000   0.2438062785
   4.0750000000   0.2483302994
   4.1000000000   0.2528103731
   4.1250000000   0.2572464556
   4.1500000000   0.2616386990
   4.1750000000   0.2659874175
   4.2000000000   0.2702930483
   4.2250000000   0.2745561086
   4.2500000000   0.2787771525
   4.2750000000   0.2829567291
   4.3000000000   0.2870953432
   4.3250000000   0.2911934222
   4.3500000000   0.2952512883
   4.3750000000   0.2992691388
   4.4000000000   0.3032470344
   4.4250000000   0.3071848949
   4.4500000000   0.3110825047
   4.4750000000   0.3149395238
   4.5000000000   0.3187555075
   4.5250000000   0.3225299306
   4.5500000000   0.3262622166
   4.5750000000   0.3299517699
   4.6000000000   0.3335980094
   4.6250000000   0.3372004025
   4.6500000000   0.3407584974
   4.6750000000   0.3442719531
   4.7000000000   0.3477405651
   4.7250000000   0.3511642873
   4.7500000000   0.3545432471
   4.7750000000   0.3578777556
   4.8000000000   0.3611683108
   4.8250000000   0.3644155954
   4.8500000000   0.3676204680
   4.8750000000   0.3707839493
   4.9000000000   0.3739072029
   4.9250000000   0.3769915130
   4.9500000000   0.3800382583
   4.9750000000   0.3830488843
   5.0000000000   0.3860248742
