   0.0000000000   0.2500000000
   0.0250000000   0.2495656274
   0.0500000000   0.2482692948
   0.0750000000   0.2461317350
   0.1000000000   0.2431869083
   0.1250000000   0.2394811311
   0.1500000000   0.2350719014
   0.1750000000   0.2300264633
   0.2000000000   0.2244201599
   0.2250000000   0.2183346327
   0.2500000000   0.2118559265
   0.2750000000   0.2050725619
   0.3000000000   0.1980736332
   0.3250000000   0.1909469888
   0.3500000000   0.1837775415
   0.3750000000   0.1766457515
   0.4000000000   0.1696263145
   0.4250000000   0.1627870788
   0.4500000000   0.1561882053
   0.4750000000   0.1498815746
   0.5000000000   0.1439104393
   0.5250000000   0.1383093081
   0.5500000000   0.1331040454
   0.5750000000   0.1283121630
   0.6000000000   0.1239432769
   0.6250000000   0.1199997014
   0.6500000000   0.1164771486
   0.6750000000   0.1133655051
   0.7000000000   0.1106496550
   0.7250000000   0.1083103249
   0.7500000000   0.1063249233
   0.7750000000   0.1046683561
   0.8000000000   0.1033137984
   0.8250000000   0.1022334092
   0.8500000000   0.1013989780
   0.8750000000   0.1007824954
   0.9000000000   0.1003566445
   0.9250000000   0.1000952105
   0.9500000000   0.0999734100
   0.9750000000   0.0999681432
   1.0000000000   0.1000581743
   1.0250000000   0.1002242444
   1.0500000000   0.1004491265
   1.0750000000   0.1007176280
   1.1000000000   0.1010165497
   1.1250000000   0.1013346087
   1.1500000000   0.1016623325
   1.1750000000   0.1019919324
   1.2000000000   0.1023171612
   1.2250000000   0.1026331628
   1.2500000000   0.1029363168
   1.2750000000   0.1032240849
   1.3000000000   0.1034948599
   1.3250000000   0.1037478227
   1.3500000000   0.1039828078
   1.3750000000   0.1042001798
   1.4000000000   0.1044007205
   1.4250000000   0.1045855296
   1.4500000000   0.1047559358
   1.4750000000   0.1049134210
   1.5000000000   0.1050595556
   1.5250000000   0.1051959434
   1.5500000000   0.1053241781
   1.5750000000   0.1054458069
   1.6000000000   0.1055623028
   1.6250000000   0.1056750442
   1.6500000000   0.1057852995
   1.6750000000   0.1058942174
   1.7000000000   0.1060028215
   1.7250000000   0.1061120084
   1.7500000000   0.1062225483
   1.7750000000   0.1063350882
   1.8000000000   0.1064501569
   1.8250000000   0.1065681713
   1.8500000000   0.1066894435
   1.8750000000   0.1068141887
   1.9000000000   0.1069425332
   1.9250000000   0.1070745238
   1.9500000000   0.1072101351
   1.9750000000   0.1073492791
   2.0000000000   0.1074918127
   2.0250000000   0.1076375464
   2.0500000000   0.1077862513
   2.0750000000   0.1079376672
   2.1000000000   0.1080915090
   2.1250000000   0.1082474734
   2.1500000000   0.1084052453
   2.1750000000   0.1085645028
   2.2000000000   0.1087249228
   2.2250000000   0.1088861855
   2.2500000000   0.1090479785
   2.2750000000   0.1092100006
   2.3000000000   0.1093719649
   2.3250000000   0.1095336011
   2.3500000000   0.1096946583
   2.3750000000   0.1098549062
   2.4000000000   0.1100141365
   2.4250000000   0.1101721636
   2.4500000000   0.1103288250
   2.4750000000   0.1104839813
   2.5000000000   0.1106375154
   2.5250000000   0.1107893325
   2.5500000000   0.1109393580
   2.5750000000   0.1110875371
   2.6000000000   0.1112338329
   2.6250000000   0.1113782245
   2.6500000000   0.1115207056
   2.6750000000   0.1116612822
   2.7000000000   0.1117999709
   2.7250000000   0.1119367969
   2.7500000000   0.1120717921
   2.7750000000   0.1122049931
   2.8000000000   0.1123364399
   2.8250000000   0.1124661737
   2.8500000000   0.1125942360
   2.8750000000   0.1127206670
   2.9000000000   0.1128455046
   2.9250000000   0.1129687835
   2.9500000000   0.1130905345
   2.9750000000   0.1132107838
   3.0000000000   0.1133295525
   3.0250000000   0.1134468571
   3.0500000000   0.1135627083
   3.0750000000   0.1136771122
   3.1000000000   0.1137900698
   3.1250000000   0.1139015775
   3.1500000000   0.1140116276
   3.1750000000   0.1141202084
   3.2000000000   0.1142273055
   3.2250000000   0.1143329012
   3.2500000000   0.1144369763
   3.2750000000   0.1145395098
   3.3000000000   0.1146404799
   3.3250000000   0.1147398644
   3.3500000000   0.1148376413
   3.3750000000   0.1149337895
   3.4000000000   0.1150282887
   3.4250000000   0.1151211207
   3.4500000000   0.1152122688
   3.4750000000   0.1153017190
   3.5000000000   0.1153894598
   3.5250000000   0.1154754824
   3.5500000000   0.1155597811
   3.5750000000   0.1156423533
   3.6000000000   0.1157231998
   3.6250000000   0.1158023245
   3.6500000000   0.1158797344
   3.6750000000   0.1159554401
   3.7000000000   0.1160294550
   3.7250000000   0.1161017958
   3.7500000000   0.1161724820
   3.7750000000   0.1162415359
   3.8000000000   0.1163089822
   3.8250000000   0.1163748482
   3.8500000000   0.1164391635
   3.8750000000   0.1165019593
   3.9000000000   0.1165632688
   3.9250000000   0.1166231268
   3.9500000000   0.1166815692
   3.9750000000   0.1167386331
   4.0000000000   0.1167943565
   4.0250000000   0.1168487780
   4.0500000000   0.1169019366
   4.0750000000   0.1169538715
   4.1000000000   0.1170046222
   4.1250000000   0.1170542278
   4.1500000000   0.1171027272
   4.1750000000   0.1171501589
   4.2000000000   0.1171965608
   4.2250000000   0.1172419700
   4.2500000000   0.1172864229
   4.2750000000   0.1173299550
   4.3000000000   0.1173726005
   4.3250000000   0.1174143928
   4.3500000000   0.1174553640
   4.3750000000   0.1174955450
   4.4000000000   0.1175349654
   4.4250000000   0.1175736536
   4.4500000000   0.1176116366
   4.4750000000   0.1176489401
   4.5000000000   0.1176855883
   4.5250000000   0.1177216043
   4.5500000000   0.1177570098
   4.5750000000   0.1177918250
   4.6000000000   0.1178260690
   4.6250000000   0.1178597594
   4.6500000000   0.1178929129
   4.6750000000   0.1179255447
   4.7000000000   0.1179576689
   4.7250000000   0.1179892984
   4.7500000000   0.1180204452
   4.7750000000   0.1180511201
   4.8000000000   0.1180813331
   4.8250000000   0.1181110930
   4.8500000000   0.1181404080
   4.8750000000   0.1181692853
   4.9000000000   0.1181977315
   4.9250000000   0.1182257525
   4.9500000000   0.1182533534
   4.9750000000   0.1182805388
   5.0000000000   0.1183073130
