   0.0000000000   0.0000000000
   0.0250000000  -0.0014334294
   0.0500000000  -0.0057113273
   0.0750000000  -0.0127652745
   0.1000000000  -0.0224832027
   0.1250000000  -0.0347122677
   0.1500000000  -0.0492627257
   0.1750000000  -0.0659126714
   0.2000000000  -0.0844134726
   0.2250000000  -0.1044957124
   0.2500000000  -0.1258754427
   0.2750000000  -0.1482605460
   0.3000000000  -0.1713570106
   0.3250000000  -0.1948749371
   0.3500000000  -0.2185341133
   0.3750000000  -0.2420690204
   0.4000000000  -0.2652331625
   0.4250000000  -0.2878026401
   0.4500000000  -0.3095789227
   0.4750000000  -0.3303908039
   0.5000000000  -0.3500955504
   0.5250000000  -0.3685792834
   0.5500000000  -0.3857566503
   0.5750000000  -0.4015698625
   0.6000000000  -0.4159871865
   0.6250000000  -0.4290009856
   0.6500000000  -0.4406254097
   0.6750000000  -0.4508938335
   0.7000000000  -0.4598561387
   0.7250000000  -0.4675759281
   0.7500000000  -0.4741277534
   0.7750000000  -0.4795944251
   0.8000000000  -0.4840644655
   0.8250000000  -0.4876297498
   0.8500000000  -0.4903833730
   0.8750000000  -0.4924177655
   0.9000000000  -0.4938230734
   0.9250000000  -0.4946858056
   0.9500000000  -0.4950877474
   0.9750000000  -0.4951051276
   1.0000000000  -0.4948080251
   1.0250000000  -0.4942599938
   1.0500000000  -0.4935178829
   1.0750000000  -0.4926318278
   1.1000000000  -0.4916453861
   1.1250000000  -0.4905957915
   1.1500000000  -0.4895143029
   1.1750000000  -0.4884266234
   1.2000000000  -0.4873533682
   1.2250000000  -0.4863105631
   1.2500000000  -0.4853101547
   1.2750000000  -0.4843605201
   1.3000000000  -0.4834669626
   1.3250000000  -0.4826321854
   1.3500000000  -0.4818567343
   1.3750000000  -0.4811394070
   1.4000000000  -0.4804776225
   1.4250000000  -0.4798677526
   1.4500000000  -0.4793054122
   1.4750000000  -0.4787857108
   1.5000000000  -0.4783034669
   1.5250000000  -0.4778533869
   1.5500000000  -0.4774302124
   1.5750000000  -0.4770288375
   1.6000000000  -0.4766444009
   1.6250000000  -0.4762723543
   1.6500000000  -0.4759085119
   1.6750000000  -0.4755490829
   1.7000000000  -0.4751906892
   1.7250000000  -0.4748303724
   1.7500000000  -0.4744655909
   1.7750000000  -0.4740942093
   1.8000000000  -0.4737144825
   1.8250000000  -0.4733250348
   1.8500000000  -0.4729248366
   1.8750000000  -0.4725131777
   1.9000000000  -0.4720896405
   1.9250000000  -0.4716540718
   1.9500000000  -0.4712065544
   1.9750000000  -0.4707473793
   2.0000000000  -0.4702770182
   2.0250000000  -0.4697960972
   2.0500000000  -0.4693053709
   2.0750000000  -0.4688056985
   2.1000000000  -0.4682980207
   2.1250000000  -0.4677833379
   2.1500000000  -0.4672626908
   2.1750000000  -0.4667371411
   2.2000000000  -0.4662077551
   2.2250000000  -0.4656755882
   2.2500000000  -0.4651416712
   2.2750000000  -0.4646069981
   2.3000000000  -0.4640725161
   2.3250000000  -0.4635391166
   2.3500000000  -0.4630076278
   2.3750000000  -0.4624788098
   2.4000000000  -0.4619533498
   2.4250000000  -0.4614318604
   2.4500000000  -0.4609148777
   2.4750000000  -0.4604028620
   2.5000000000  -0.4598961992
   2.5250000000  -0.4593952031
   2.5500000000  -0.4589001189
   2.5750000000  -0.4584111277
   2.6000000000  -0.4579283517
   2.6250000000  -0.4574518593
   2.6500000000  -0.4569816718
   2.6750000000  -0.4565177691
   2.7000000000  -0.4560600963
   2.7250000000  -0.4556085705
   2.7500000000  -0.4551630864
   2.7750000000  -0.4547235229
   2.8000000000  -0.4542897486
   2.8250000000  -0.4538616271
   2.8500000000  -0.4534390215
   2.8750000000  -0.4530217992
   2.9000000000  -0.4526098351
   2.9250000000  -0.4522030145
   2.9500000000  -0.4518012363
   2.9750000000  -0.4514044138
   3.0000000000  -0.4510124768
   3.0250000000  -0.4506253720
   3.0500000000  -0.4502430628
   3.0750000000  -0.4498655299
   3.1000000000  -0.4494927698
   3.1250000000  -0.4491247944
   3.1500000000  -0.4487616293
   3.1750000000  -0.4484033124
   3.2000000000  -0.4480498922
   3.2250000000  -0.4477014262
   3.2500000000  -0.4473579784
   3.2750000000  -0.4470196178
   3.3000000000  -0.4466864165
   3.3250000000  -0.4463584477
   3.3500000000  -0.4460357838
   3.3750000000  -0.4457184950
   3.4000000000  -0.4454066474
   3.4250000000  -0.4451003021
   3.4500000000  -0.4447995132
   3.4750000000  -0.4445043275
   3.5000000000  -0.4442147830
   3.5250000000  -0.4439309084
   3.5500000000  -0.4436527227
   3.5750000000  -0.4433802342
   3.6000000000  -0.4431134408
   3.6250000000  -0.4428523295
   3.6500000000  -0.4425968767
   3.6750000000  -0.4423470480
   3.7000000000  -0.4421027987
   3.7250000000  -0.4418640740
   3.7500000000  -0.4416308095
   3.7750000000  -0.4414029319
   3.8000000000  -0.4411803590
   3.8250000000  -0.4409630010
   3.8500000000  -0.4407507608
   3.8750000000  -0.4405435346
   3.9000000000  -0.4403412131
   3.9250000000  -0.4401436818
   3.9500000000  -0.4399508219
   3.9750000000  -0.4397625109
   4.0000000000  -0.4395786236
   4.0250000000  -0.4393990328
   4.0500000000  -0.4392236095
   4.0750000000  -0.4390522241
   4.1000000000  -0.4388847470
   4.1250000000  -0.4387210486
   4.1500000000  -0.4385610005
   4.1750000000  -0.4384044759
   4.2000000000  -0.4382513497
   4.2250000000  -0.4381014992
   4.2500000000  -0.4379548045
   4.2750000000  -0.4378111488
   4.3000000000  -0.4376704186
   4.3250000000  -0.4375325040
   4.3500000000  -0.4373972991
   4.3750000000  -0.4372647018
   4.4000000000  -0.4371346144
   4.4250000000  -0.4370069433
   4.4500000000  -0.4368815995
   4.4750000000  -0.4367584981
   4.5000000000  -0.4366375588
   4.5250000000  -0.4365187060
   4.5500000000  -0.4364018679
   4.5750000000  -0.4362869778
   4.6000000000  -0.4361739727
   4.6250000000  -0.4360627941
   4.6500000000  -0.4359533876
   4.6750000000  -0.4358457027
   4.7000000000  -0.4357396930
   4.7250000000  -0.4356353155
   4.7500000000  -0.4355325311
   4.7750000000  -0.4354313038
   4.8000000000  -0.4353316011
   4.8250000000  -0.4352333934
   4.8500000000  -0.4351366539
   4.8750000000  -0.4350413587
   4.9000000000  -0.4349474862
   4.9250000000  -0.4348550171
   4.9500000000  -0.4347639342
   4.9750000000  -0.4346742221
   5.0000000000  -0.4345858673
