   0.0000000000  -0.8447834039
   0.0250000000  -0.8433491005
   0.0500000000  -0.8390670624
   0.0750000000  -0.8320065866
   0.1000000000  -0.8222799336
   0.1250000000  -0.8100401807
   0.1500000000  -0.7954774212
   0.1750000000  -0.7788140616
   0.2000000000  -0.7602994290
   0.2250000000  -0.7402038718
   0.2500000000  -0.7188125497
   0.2750000000  -0.6964191117
   0.3000000000  -0.6733194515
   0.3250000000  -0.6498057210
   0.3500000000  -0.6261607590
   0.3750000000  -0.6026530687
   0.4000000000  -0.5795324504
   0.4250000000  -0.5570263654
   0.4500000000  -0.5353370765
   0.4750000000  -0.5146395830
   0.5000000000  -0.4950803406
   0.5250000000  -0.4767767315
   0.5500000000  -0.4598172341
   0.5750000000  -0.4442622206
   0.6000000000  -0.4301453037
   0.6250000000  -0.4174751427
   0.6500000000  -0.4062376180
   0.6750000000  -0.3963982804
   0.7000000000  -0.3879049873
   0.7250000000  -0.3806906396
   0.7500000000  -0.3746759437
   0.7750000000  -0.3697721294
   0.8000000000  -0.3658835643
   0.8250000000  -0.3629102172
   0.8500000000  -0.3607499304
   0.8750000000  -0.3593004722
   0.9000000000  -0.3584613509
   0.9250000000  -0.3581353781
   0.9500000000  -0.3582299785
   0.9750000000  -0.3586582493
   1.0000000000  -0.3593397790
   1.0250000000  -0.3602012380
   1.0500000000  -0.3611767588
   1.0750000000  -0.3622081252
   1.1000000000  -0.3632447933
   1.1250000000  -0.3642437637
   1.1500000000  -0.3651693312
   1.1750000000  -0.3659927308
   1.2000000000  -0.3666917034
   1.2250000000  -0.3672499999
   1.2500000000  -0.3676568431
   1.2750000000  -0.3679063623
   1.3000000000  -0.3679970170
   1.3250000000  -0.3679310217
   1.3500000000  -0.3677137819
   1.3750000000  -0.3673533508
   1.4000000000  -0.3668599142
   1.4250000000  -0.3662453079
   1.4500000000  -0.3655225724
   1.4750000000  -0.3647055472
   1.5000000000  -0.3638085065
   1.5250000000  -0.3628458359
   1.5500000000  -0.3618317506
   1.5750000000  -0.3607800544
   1.6000000000  -0.3597039356
   1.6250000000  -0.3586158016
   1.6500000000  -0.3575271459
   1.6750000000  -0.3564484478
   1.7000000000  -0.3553891009
   1.7250000000  -0.3543573684
   1.7500000000  -0.3533603611
   1.7750000000  -0.3524040372
   1.8000000000  -0.3514932202
   1.8250000000  -0.3506316328
   1.8500000000  -0.3498219440
   1.8750000000  -0.3490658275
   1.9000000000  -0.3483640292
   1.9250000000  -0.3477164422
   1.9500000000  -0.3471221862
   1.9750000000  -0.3465796915
   2.0000000000  -0.3460867840
   2.0250000000  -0.3456407720
   2.0500000000  -0.3452385318
   2.0750000000  -0.3448765909
   2.1000000000  -0.3445512102
   2.1250000000  -0.3442584611
   2.1500000000  -0.3439942990
   2.1750000000  -0.3437546317
   2.2000000000  -0.3435353827
   2.2250000000  -0.3433325485
   2.2500000000  -0.3431422497
   2.2750000000  -0.3429607761
   2.3000000000  -0.3427846257
   2.3250000000  -0.3426105367
   2.3500000000  -0.3424355136
   2.3750000000  -0.3422568480
   2.4000000000  -0.3420721319
   2.4250000000  -0.3418792674
   2.4500000000  -0.3416764694
   2.4750000000  -0.3414622648
   2.5000000000  -0.3412354868
   2.5250000000  -0.3409952650
   2.5500000000  -0.3407410128
   2.5750000000  -0.3404724111
   2.6000000000  -0.3401893900
   2.6250000000  -0.3398921084
   2.6500000000  -0.3395809321
   2.6750000000  -0.3392564106
   2.7000000000  -0.3389192543
   2.7250000000  -0.3385703100
   2.7500000000  -0.3382105378
   2.7750000000  -0.3378409883
   2.8000000000  -0.3374627803
   2.8250000000  -0.3370770798
   2.8500000000  -0.3366850803
   2.8750000000  -0.3362879849
   2.9000000000  -0.3358869893
   2.9250000000  -0.3354832672
   2.9500000000  -0.3350779572
   2.9750000000  -0.3346721514
   3.0000000000  -0.3342668861
   3.0250000000  -0.3338631337
   3.0500000000  -0.3334617969
   3.0750000000  -0.3330637040
   3.1000000000  -0.3326696060
   3.1250000000  -0.3322801745
   3.1500000000  -0.3318960021
   3.1750000000  -0.3315176021
   3.2000000000  -0.3311454110
   3.2250000000  -0.3307797905
   3.2500000000  -0.3304210307
   3.2750000000  -0.3300693542
   3.3000000000  -0.3297249200
   3.3250000000  -0.3293878283
   3.3500000000  -0.3290581253
   3.3750000000  -0.3287358079
   3.4000000000  -0.3284208289
   3.4250000000  -0.3281131022
   3.4500000000  -0.3278125072
   3.4750000000  -0.3275188938
   3.5000000000  -0.3272320871
   3.5250000000  -0.3269518912
   3.5500000000  -0.3266780939
   3.5750000000  -0.3264104697
   3.6000000000  -0.3261487841
   3.6250000000  -0.3258927960
   3.6500000000  -0.3256422608
   3.6750000000  -0.3253969332
   3.7000000000  -0.3251565688
   3.7250000000  -0.3249209268
   3.7500000000  -0.3246897711
   3.7750000000  -0.3244628717
   3.8000000000  -0.3242400063
   3.8250000000  -0.3240209610
   3.8500000000  -0.3238055307
   3.8750000000  -0.3235935203
   3.9000000000  -0.3233847447
   3.9250000000  -0.3231790290
   3.9500000000  -0.3229762088
   3.9750000000  -0.3227761304
   4.0000000000  -0.3225786503
   4.0250000000  -0.3223836353
   4.0500000000  -0.3221909625
   4.0750000000  -0.3220005186
   4.1000000000  -0.3218122001
   4.1250000000  -0.3216259126
   4.1500000000  -0.3214415707
   4.1750000000  -0.3212590976
   4.2000000000  -0.3210784246
   4.2250000000  -0.3208994911
   4.2500000000  -0.3207222437
   4.2750000000  -0.3205466364
   4.3000000000  -0.3203726297
   4.3250000000  -0.3202001908
   4.3500000000  -0.3200292927
   4.3750000000  -0.3198599141
   4.4000000000  -0.3196920391
   4.4250000000  -0.3195256566
   4.4500000000  -0.3193607603
   4.4750000000  -0.3191973478
   4.5000000000  -0.3190354209
   4.5250000000  -0.3188749847
   4.5500000000  -0.3187160475
   4.5750000000  -0.3185586202
   4.6000000000  -0.3184027164
   4.6250000000  -0.3182483516
   4.6500000000  -0.3180955430
   4.6750000000  -0.3179443093
   4.7000000000  -0.3177946701
   4.7250000000  -0.3176466459
   4.7500000000  -0.3175002573
   4.7750000000  -0.3173555254
   4.8000000000  -0.3172124708
   4.8250000000  -0.3170711138
   4.8500000000  -0.3169314740
   4.8750000000  -0.3167935699
   4.9000000000  -0.3166574191
   4.9250000000  -0.3165230376
   4.9500000000  -0.3163904402
   4.9750000000  -0.3162596397
   5.0000000000  -0.3161306472
