   0.0000000000  -0.8447834039
   0.0250000000  -0.8447825300
   0.0500000000  -0.8447783897
   0.0750000000  -0.8447718612
   0.1000000000  -0.8447631362
   0.1250000000  -0.8447524484
   0.1500000000  -0.8447401469
   0.1750000000  -0.8447267331
   0.2000000000  -0.8447129016
   0.2250000000  -0.8446995841
   0.2500000000  -0.8446879924
   0.2750000000  -0.8446796577
   0.3000000000  -0.8446764621
   0.3250000000  -0.8446806581
   0.3500000000  -0.8446948723
   0.3750000000  -0.8447220891
   0.4000000000  -0.8447656129
   0.4250000000  -0.8448290054
   0.4500000000  -0.8449159992
   0.4750000000  -0.8450303870
   0.5000000000  -0.8451758910
   0.5250000000  -0.8453560149
   0.5500000000  -0.8455738844
   0.5750000000  -0.8458320831
   0.6000000000  -0.8461324902
   0.6250000000  -0.8464761284
   0.6500000000  -0.8468630277
   0.6750000000  -0.8472921139
   0.7000000000  -0.8477611259
   0.7250000000  -0.8482665677
   0.7500000000  -0.8488036971
   0.7750000000  -0.8493665545
   0.8000000000  -0.8499480298
   0.8250000000  -0.8505399670
   0.8500000000  -0.8511333033
   0.8750000000  -0.8517182377
   0.9000000000  -0.8522844243
   0.9250000000  -0.8528211837
   0.9500000000  -0.8533177258
   0.9750000000  -0.8537633768
   1.0000000000  -0.8541478041
   1.0250000000  -0.8544612319
   1.0500000000  -0.8546946417
   1.0750000000  -0.8548399531
   1.1000000000  -0.8548901794
   1.1250000000  -0.8548395552
   1.1500000000  -0.8546836341
   1.1750000000  -0.8544193541
   1.2000000000  -0.8540450716
   1.2250000000  -0.8535605630
   1.2500000000  -0.8529669978
   1.2750000000  -0.8522668823
   1.3000000000  -0.8514639796
   1.3250000000  -0.8505632071
   1.3500000000  -0.8495705162
   1.3750000000  -0.8484927578
   1.4000000000  -0.8473375367
   1.4250000000  -0.8461130605
   1.4500000000  -0.8448279846
   1.4750000000  -0.8434912580
   1.5000000000  -0.8421119734
   1.5250000000  -0.8406992227
   1.5500000000  -0.8392619630
   1.5750000000  -0.8378088919
   1.6000000000  -0.8363483365
   1.6250000000  -0.8348881559
   1.6500000000  -0.8334356578
   1.6750000000  -0.8319975307
   1.7000000000  -0.8305797902
   1.7250000000  -0.8291877409
   1.7500000000  -0.8278259520
   1.7750000000  -0.8264982464
   1.8000000000  -0.8252077026
   1.8250000000  -0.8239566676
   1.8500000000  -0.8227467806
   1.8750000000  -0.8215790052
   1.9000000000  -0.8204536697
   1.9250000000  -0.8193705140
   1.9500000000  -0.8183287406
   1.9750000000  -0.8173270707
   2.0000000000  -0.8163638022
   2.0250000000  -0.8154368692
   2.0500000000  -0.8145439027
   2.0750000000  -0.8136822894
   2.1000000000  -0.8128492309
   2.1250000000  -0.8120417991
   2.1500000000  -0.8112569898
   2.1750000000  -0.8104917728
   2.2000000000  -0.8097431378
   2.2250000000  -0.8090081367
   2.2500000000  -0.8082839208
   2.2750000000  -0.8075677743
   2.3000000000  -0.8068571419
   2.3250000000  -0.8061496533
   2.3500000000  -0.8054431415
   2.3750000000  -0.8047356577
   2.4000000000  -0.8040254818
   2.4250000000  -0.8033111278
   2.4500000000  -0.8025913471
   2.4750000000  -0.8018651269
   2.5000000000  -0.8011316861
   2.5250000000  -0.8003904681
   2.5500000000  -0.7996411317
   2.5750000000  -0.7988835388
   2.6000000000  -0.7981177417
   2.6250000000  -0.7973439677
   2.6500000000  -0.7965626039
   2.6750000000  -0.7957741797
   2.7000000000  -0.7949793506
   2.7250000000  -0.7941788804
   2.7500000000  -0.7933736242
   2.7750000000  -0.7925645112
   2.8000000000  -0.7917525289
   2.8250000000  -0.7909387069
   2.8500000000  -0.7901241019
   2.8750000000  -0.7893097842
   2.9000000000  -0.7884968244
   2.9250000000  -0.7876862818
   2.9500000000  -0.7868791935
   2.9750000000  -0.7860765652
   3.0000000000  -0.7852793629
   3.0250000000  -0.7844885057
   3.0500000000  -0.7837048597
   3.0750000000  -0.7829292339
   3.1000000000  -0.7821623758
   3.1250000000  -0.7814049689
   3.1500000000  -0.7806576313
   3.1750000000  -0.7799209145
   3.2000000000  -0.7791953033
   3.2250000000  -0.7784812167
   3.2500000000  -0.7777790091
   3.2750000000  -0.7770889720
   3.3000000000  -0.7764113365
   3.3250000000  -0.7757462760
   3.3500000000  -0.7750939091
   3.3750000000  -0.7744543028
   3.4000000000  -0.7738274764
   3.4250000000  -0.7732134043
   3.4500000000  -0.7726120204
   3.4750000000  -0.7720232213
   3.5000000000  -0.7714468700
   3.5250000000  -0.7708827996
   3.5500000000  -0.7703308166
   3.5750000000  -0.7697907040
   3.6000000000  -0.7692622249
   3.6250000000  -0.7687451255
   3.6500000000  -0.7682391375
   3.6750000000  -0.7677439812
   3.7000000000  -0.7672593675
   3.7250000000  -0.7667850008
   3.7500000000  -0.7663205806
   3.7750000000  -0.7658658036
   3.8000000000  -0.7654203654
   3.8250000000  -0.7649839620
   3.8500000000  -0.7645562915
   3.8750000000  -0.7641370550
   3.9000000000  -0.7637259578
   3.9250000000  -0.7633227108
   3.9500000000  -0.7629270307
   3.9750000000  -0.7625386413
   4.0000000000  -0.7621572739
   4.0250000000  -0.7617826681
   4.0500000000  -0.7614145720
   4.0750000000  -0.7610527428
   4.1000000000  -0.7606969471
   4.1250000000  -0.7603469612
   4.1500000000  -0.7600025713
   4.1750000000  -0.7596635735
   4.2000000000  -0.7593297743
   4.2250000000  -0.7590009903
   4.2500000000  -0.7586770482
   4.2750000000  -0.7583577852
   4.3000000000  -0.7580430483
   4.3250000000  -0.7577326948
   4.3500000000  -0.7574265917
   4.3750000000  -0.7571246159
   4.4000000000  -0.7568266534
   4.4250000000  -0.7565325999
   4.4500000000  -0.7562423597
   4.4750000000  -0.7559558459
   4.5000000000  -0.7556729798
   4.5250000000  -0.7553936907
   4.5500000000  -0.7551179154
   4.5750000000  -0.7548455980
   4.6000000000  -0.7545766890
   4.6250000000  -0.7543111456
   4.6500000000  -0.7540489305
   4.6750000000  -0.7537900120
   4.7000000000  -0.7535343631
   4.7250000000  -0.7532819614
   4.7500000000  -0.7530327884
   4.7750000000  -0.7527868292
   4.8000000000  -0.7525440719
   4.8250000000  -0.7523045072
   4.8500000000  -0.7520681279
   4.8750000000  -0.7518349286
   4.9000000000  -0.7516049053
   4.9250000000  -0.7513780547
   4.9500000000  -0.7511543743
   4.9750000000  -0.7509338618
   5.0000000000  -0.7507165145
