   0.0000000000   0.2500000000
   0.0250000000   0.2489529613
   0.0500000000   0.2458604858
   0.0750000000   0.2408731876
   0.1000000000   0.2342313408
   0.1250000000   0.2262496668
   0.1500000000   0.2172979752
   0.1750000000   0.2077793058
   0.2000000000   0.1981073266
   0.2250000000   0.1886846637
   0.2500000000   0.1798835924
   0.2750000000   0.1720301658
   0.3000000000   0.1653924397
   0.3250000000   0.1601730358
   0.3500000000   0.1565059103
   0.3750000000   0.1544568989
   0.4000000000   0.1540274061
   0.4250000000   0.1551605058
   0.4500000000   0.1577487060
   0.4750000000   0.1616426878
   0.5000000000   0.1666604385
   0.5250000000   0.1725963315
   0.5500000000   0.1792298419
   0.5750000000   0.1863337088
   0.6000000000   0.1936814524
   0.6250000000   0.2010542140
   0.6500000000   0.2082469177
   0.6750000000   0.2150737509
   0.7000000000   0.2213729430
   0.7250000000   0.2270107860
   0.7500000000   0.2318848146
   0.7750000000   0.2359260332
   0.8000000000   0.2391000728
   0.8250000000   0.2414071644
   0.8500000000   0.2428808466
   0.8750000000   0.2435853684
   0.9000000000   0.2436118123
   0.9250000000   0.2430730355
   0.9500000000   0.2420976126
   0.9750000000   0.2408230409
   1.0000000000   0.2393885504
   1.0250000000   0.2379279156
   1.0500000000   0.2365627023
   1.0750000000   0.2353963813
   1.1000000000   0.2345097026
   1.1250000000   0.2339576459
   1.1500000000   0.2337681463
   1.1750000000   0.2339426589
   1.2000000000   0.2344584671
   1.2250000000   0.2352724994
   1.2500000000   0.2363262875
   1.2750000000   0.2375516140
   1.3000000000   0.2388763524
   1.3250000000   0.2402300140
   1.3500000000   0.2415485690
   1.3750000000   0.2427782100
   1.4000000000   0.2438778476
   1.4250000000   0.2448202624
   1.4500000000   0.2455919702
   1.4750000000   0.2461919670
   1.5000000000   0.2466296044
   1.5250000000   0.2469218964
   1.5500000000   0.2470905710
   1.5750000000   0.2471591626
   1.6000000000   0.2471503955
   1.6250000000   0.2470840518
   1.6500000000   0.2469754409
   1.6750000000   0.2468345234
   1.7000000000   0.2466656750
   1.7250000000   0.2464680232
   1.7500000000   0.2462362555
   1.7750000000   0.2459617668
   1.8000000000   0.2456340133
   1.8250000000   0.2452419346
   1.8500000000   0.2447753235
   1.8750000000   0.2442260402
   1.9000000000   0.2435889918
   1.9250000000   0.2428628214
   1.9500000000   0.2420502794
   1.9750000000   0.2411582702
   2.0000000000   0.2401975918
   2.0250000000   0.2391824012
   2.0500000000   0.2381294562
   2.0750000000   0.2370571914
   2.1000000000   0.2359846990
   2.1250000000   0.2349306817
   2.1500000000   0.2339124488
   2.1750000000   0.2329450202
   2.2000000000   0.2320403940
   2.2250000000   0.2312070213
   2.2500000000   0.2304495185
   2.2750000000   0.2297686284
   2.3000000000   0.2291614257
   2.3250000000   0.2286217444
   2.3500000000   0.2281407900
   2.3750000000   0.2277078869
   2.4000000000   0.2273113016
   2.4250000000   0.2269390830
   2.4500000000   0.2265798568
   2.4750000000   0.2262235220
   2.5000000000   0.2258618052
   2.5250000000   0.2254886433
   2.5500000000   0.2251003782
   2.5750000000   0.2246957655
   2.6000000000   0.2242758098
   2.6250000000   0.2238434554
   2.6500000000   0.2234031662
   2.6750000000   0.2229604362
   2.7000000000   0.2225212740
   2.7250000000   0.2220917004
   2.7500000000   0.2216772950
   2.7750000000   0.2212828209
   2.8000000000   0.2209119471
   2.8250000000   0.2205670786
   2.8500000000   0.2202492978
   2.8750000000   0.2199584093
   2.9000000000   0.2196930759
   2.9250000000   0.2194510292
   2.9500000000   0.2192293304
   2.9750000000   0.2190246617
   3.0000000000   0.2188336227
   3.0250000000   0.2186530126
   3.0500000000   0.2184800777
   3.0750000000   0.2183127110
   3.1000000000   0.2181495924
   3.1250000000   0.2179902641
   3.1500000000   0.2178351404
   3.1750000000   0.2176854555
   3.2000000000   0.2175431567
   3.2250000000   0.2174107555
   3.2500000000   0.2172911486
   3.2750000000   0.2171874255
   3.3000000000   0.2171026777
   3.3250000000   0.2170398239
   3.3500000000   0.2170014643
   3.3750000000   0.2169897746
   3.4000000000   0.2170064443
   3.4250000000   0.2170526648
   3.4500000000   0.2171291624
   3.4750000000   0.2172362735
   3.5000000000   0.2173740520
   3.5250000000   0.2175423989
   3.5500000000   0.2177412006
   3.5750000000   0.2179704643
   3.6000000000   0.2182304379
   3.6250000000   0.2185217054
   3.6500000000   0.2188452493
   3.6750000000   0.2192024768
   3.7000000000   0.2195952084
   3.7250000000   0.2200256319
   3.7500000000   0.2204962272
   3.7750000000   0.2210096684
   3.8000000000   0.2215687144
   3.8250000000   0.2221760956
   3.8500000000   0.2228344068
   3.8750000000   0.2235460154
   3.9000000000   0.2243129886
   3.9250000000   0.2251370474
   3.9500000000   0.2260195464
   3.9750000000   0.2269614793
   4.0000000000   0.2279635090
   4.0250000000   0.2290260149
   4.0500000000   0.2301491539
   4.0750000000   0.2313329269
   4.1000000000   0.2325772448
   4.1250000000   0.2338819865
   4.1500000000   0.2352470451
   4.1750000000   0.2366723565
   4.2000000000   0.2381579082
   4.2250000000   0.2397037287
   4.2500000000   0.2413098561
   4.2750000000   0.2429762913
   4.3000000000   0.2447029365
   4.3250000000   0.2464895271
   4.3500000000   0.2483355600
   4.3750000000   0.2502402260
   4.4000000000   0.2522023496
   4.4250000000   0.2542203431
   4.4500000000   0.2562921773
   4.4750000000   0.2584153706
   4.5000000000   0.2605869984
   4.5250000000   0.2628037207
   4.5500000000   0.2650618257
   4.5750000000   0.2673572863
   4.6000000000   0.2696858231
   4.6250000000   0.2720429712
   4.6500000000   0.2744241422
   4.6750000000   0.2768246789
   4.7000000000   0.2792398975
   4.7250000000   0.2816651133
   4.7500000000   0.2840956495
   4.7750000000   0.2865268273
   4.8000000000   0.2889539389
   4.8250000000   0.2913722070
   4.8500000000   0.2937767318
   4.8750000000   0.2961624320
   4.9000000000   0.2985239842
   4.9250000000   0.3008557641
   4.9500000000   0.3031517960
   4.9750000000   0.3054057127
   5.0000000000   0.3076107298
