   0.0000000000   0.0000000000
   0.0250000000  -0.0083763100
   0.0500000000  -0.0331161138
   0.0750000000  -0.0730144995
   0.1000000000  -0.1261492742
   0.1250000000  -0.1900026664
   0.1500000000  -0.2616161988
   0.1750000000  -0.3377655544
   0.2000000000  -0.4151413878
   0.2250000000  -0.4905226910
   0.2500000000  -0.5609312613
   0.2750000000  -0.6237586742
   0.3000000000  -0.6768604832
   0.3250000000  -0.7186157144
   0.3500000000  -0.7479527178
   0.3750000000  -0.7643448090
   0.4000000000  -0.7677807520
   0.4250000000  -0.7587159544
   0.4500000000  -0.7380103527
   0.4750000000  -0.7068584985
   0.5000000000  -0.6667164930
   0.5250000000  -0.6192293485
   0.5500000000  -0.5661612654
   0.5750000000  -0.5093303303
   0.6000000000  -0.4505483816
   0.6250000000  -0.3915662885
   0.6500000000  -0.3340246592
   0.6750000000  -0.2794099931
   0.7000000000  -0.2290164568
   0.7250000000  -0.1839137127
   0.7500000000  -0.1449214842
   0.7750000000  -0.1125917352
   0.8000000000  -0.0871994185
   0.8250000000  -0.0687426857
   0.8500000000  -0.0569532281
   0.8750000000  -0.0513170534
   0.9000000000  -0.0511055026
   0.9250000000  -0.0554157165
   0.9500000000  -0.0632190999
   0.9750000000  -0.0734156736
   1.0000000000  -0.0848915978
   1.0250000000  -0.0965766762
   1.0500000000  -0.1074983824
   1.0750000000  -0.1168289505
   1.1000000000  -0.1239223796
   1.1250000000  -0.1283388337
   1.1500000000  -0.1298548300
   1.1750000000  -0.1284587297
   1.2000000000  -0.1243322640
   1.2250000000  -0.1178200055
   1.2500000000  -0.1093897005
   1.2750000000  -0.0995870889
   1.3000000000  -0.0889891813
   1.3250000000  -0.0781598885
   1.3500000000  -0.0676114486
   1.3750000000  -0.0577743205
   1.4000000000  -0.0489772202
   1.4250000000  -0.0414379019
   1.4500000000  -0.0352642389
   1.4750000000  -0.0304642644
   1.5000000000  -0.0269631655
   1.5250000000  -0.0246248298
   1.5500000000  -0.0232754324
   1.5750000000  -0.0227267000
   1.6000000000  -0.0227968364
   1.6250000000  -0.0233275862
   1.6500000000  -0.0241964737
   1.6750000000  -0.0253238133
   1.7000000000  -0.0266746011
   1.7250000000  -0.0282558148
   1.7500000000  -0.0301099571
   1.7750000000  -0.0323058664
   1.8000000000  -0.0349278940
   1.8250000000  -0.0380645237
   1.8500000000  -0.0417974131
   1.8750000000  -0.0461916793
   1.9000000000  -0.0512880664
   1.9250000000  -0.0570974292
   1.9500000000  -0.0635977655
   1.9750000000  -0.0707338392
   2.0000000000  -0.0784192666
   2.0250000000  -0.0865407908
   2.0500000000  -0.0949643515
   2.0750000000  -0.1035424698
   2.1000000000  -0.1121224088
   2.1250000000  -0.1205545474
   2.1500000000  -0.1287004106
   2.1750000000  -0.1364398390
   2.2000000000  -0.1436768488
   2.2250000000  -0.1503438304
   2.2500000000  -0.1564038527
   2.2750000000  -0.1618509734
   2.3000000000  -0.1667085953
   2.3250000000  -0.1710260458
   2.3500000000  -0.1748736805
   2.3750000000  -0.1783369059
   2.4000000000  -0.1815095880
   2.4250000000  -0.1844873366
   2.4500000000  -0.1873611460
   2.4750000000  -0.1902118248
   2.5000000000  -0.1931055591
   2.5250000000  -0.1960908545
   2.5500000000  -0.1991969750
   2.5750000000  -0.2024338768
   2.6000000000  -0.2057935222
   2.6250000000  -0.2092523572
   2.6500000000  -0.2127746715
   2.6750000000  -0.2163165116
   2.7000000000  -0.2198298087
   2.7250000000  -0.2232663975
   2.7500000000  -0.2265816410
   2.7750000000  -0.2297374337
   2.8000000000  -0.2327044244
   2.8250000000  -0.2354633720
   2.8500000000  -0.2380056181
   2.8750000000  -0.2403327268
   2.9000000000  -0.2424553935
   2.9250000000  -0.2443917674
   2.9500000000  -0.2461653576
   2.9750000000  -0.2478027074
   3.0000000000  -0.2493310190
   3.0250000000  -0.2507758999
   3.0500000000  -0.2521593792
   3.0750000000  -0.2534983129
   3.1000000000  -0.2548032618
   3.1250000000  -0.2560778882
   3.1500000000  -0.2573188776
   3.1750000000  -0.2585163571
   3.2000000000  -0.2596547472
   3.2250000000  -0.2607139569
   3.2500000000  -0.2616708124
   3.2750000000  -0.2625005970
   3.3000000000  -0.2631785792
   3.3250000000  -0.2636814097
   3.3500000000  -0.2639882861
   3.3750000000  -0.2640818043
   3.4000000000  -0.2639484463
   3.4250000000  -0.2635786822
   3.4500000000  -0.2629667016
   3.4750000000  -0.2621098132
   3.5000000000  -0.2610075849
   3.5250000000  -0.2596608096
   3.5500000000  -0.2580703958
   3.5750000000  -0.2562362867
   3.6000000000  -0.2541564979
   3.6250000000  -0.2518263579
   3.6500000000  -0.2492380066
   3.6750000000  -0.2463801868
   3.7000000000  -0.2432383340
   3.7250000000  -0.2397949454
   3.7500000000  -0.2360301833
   3.7750000000  -0.2319226536
   3.8000000000  -0.2274502856
   3.8250000000  -0.2225912364
   3.8500000000  -0.2173247461
   3.8750000000  -0.2116318779
   3.9000000000  -0.2054960922
   3.9250000000  -0.1989036213
   3.9500000000  -0.1918436297
   3.9750000000  -0.1843081661
   4.0000000000  -0.1762919287
   4.0250000000  -0.1677918817
   4.0500000000  -0.1588067698
   4.0750000000  -0.1493365855
   4.1000000000  -0.1393820428
   4.1250000000  -0.1289441090
   4.1500000000  -0.1180236398
   4.1750000000  -0.1066211489
   4.2000000000  -0.0947367351
   4.2250000000  -0.0823701716
   4.2500000000  -0.0695211520
   4.2750000000  -0.0561896708
   4.3000000000  -0.0423765092
   4.3250000000  -0.0280837844
   4.3500000000  -0.0133155205
   4.3750000000   0.0019218072
   4.4000000000   0.0176187956
   4.4250000000   0.0337627438
   4.4500000000   0.0503374172
   4.4750000000   0.0673229638
   4.5000000000   0.0846959864
   4.5250000000   0.1024297648
   4.5500000000   0.1204946051
   4.5750000000   0.1388582893
   4.6000000000   0.1574865843
   4.6250000000   0.1763437689
   4.6500000000   0.1953931364
   4.6750000000   0.2145974301
   4.7000000000   0.2339191789
   4.7250000000   0.2533209057
   4.7500000000   0.2727651955
   4.7750000000   0.2922146172
   4.8000000000   0.3116315104
   4.8250000000   0.3309776552
   4.8500000000   0.3502138533
   4.8750000000   0.3692994553
   4.9000000000   0.3881918726
   4.9250000000   0.4068461117
   4.9500000000   0.4252143669
   4.9750000000   0.4432457010
   5.0000000000   0.4608858377
