   0.0000000000  -0.8447834039
   0.0250000000  -0.8363677680
   0.0500000000  -0.8115326236
   0.0750000000  -0.7714872889
   0.1000000000  -0.7181596547
   0.1250000000  -0.6540757737
   0.1500000000  -0.5822057978
   0.1750000000  -0.5057898610
   0.2000000000  -0.4281576187
   0.2250000000  -0.3525542976
   0.2500000000  -0.2819840974
   0.2750000000  -0.2190790036
   0.3000000000  -0.1659979899
   0.3250000000  -0.1243586399
   0.3500000000  -0.0952007149
   0.3750000000  -0.0789793259
   0.4000000000  -0.0755841724
   0.4250000000  -0.0843807333
   0.4500000000  -0.1042691945
   0.4750000000  -0.1337571133
   0.5000000000  -0.1710421695
   0.5250000000  -0.2141017125
   0.5500000000  -0.2607860745
   0.5750000000  -0.3089127416
   0.6000000000  -0.3563584606
   0.6250000000  -0.4011462594
   0.6500000000  -0.4415242447
   0.6750000000  -0.4760330124
   0.7000000000  -0.5035586420
   0.7250000000  -0.5233686215
   0.7500000000  -0.5351286920
   0.7750000000  -0.5388995088
   0.8000000000  -0.5351131296
   0.8250000000  -0.5245305798
   0.8500000000  -0.5081829939
   0.8750000000  -0.4872999598
   0.9000000000  -0.4632295986
   0.9250000000  -0.4373554843
   0.9500000000  -0.4110157052
   0.9750000000  -0.3854291522
   1.0000000000  -0.3616335260
   1.0250000000  -0.3404386260
   1.0500000000  -0.3223973093
   1.0750000000  -0.3077951870
   1.1000000000  -0.2966587608
   1.1250000000  -0.2887804072
   1.1500000000  -0.2837574842
   1.1750000000  -0.2810419469
   1.2000000000  -0.2799962716
   1.2250000000  -0.2799512418
   1.2500000000  -0.2802612461
   1.2750000000  -0.2803531639
   1.3000000000  -0.2797656167
   1.3250000000  -0.2781762861
   1.3500000000  -0.2754160513
   1.3750000000  -0.2714697919
   1.4000000000  -0.2664647487
   1.4250000000  -0.2606482460
   1.4500000000  -0.2543572890
   1.4750000000  -0.2479830139
   1.5000000000  -0.2419331598
   1.5250000000  -0.2365956576
   1.5500000000  -0.2323061177
   1.5750000000  -0.2293214868
   1.6000000000  -0.2278015001
   1.6250000000  -0.2277988338
   1.6500000000  -0.2292581367
   1.6750000000  -0.2320234403
   1.7000000000  -0.2358528616
   1.7250000000  -0.2404390603
   1.7500000000  -0.2454336057
   1.7750000000  -0.2504732595
   1.8000000000  -0.2552061839
   1.8250000000  -0.2593162187
   1.8500000000  -0.2625436241
   1.8750000000  -0.2647010257
   1.9000000000  -0.2656836940
   1.9250000000  -0.2654737209
   1.9500000000  -0.2641380848
   1.9750000000  -0.2618210036
   2.0000000000  -0.2587313329
   2.0250000000  -0.2551260613
   2.0500000000  -0.2512911716
   2.0750000000  -0.2475212541
   2.1000000000  -0.2440992956
   2.1250000000  -0.2412779975
   2.1500000000  -0.2392638293
   2.1750000000  -0.2382047961
   2.2000000000  -0.2381826142
   2.2250000000  -0.2392096670
   2.2500000000  -0.2412307688
   2.2750000000  -0.2441294399
   2.3000000000  -0.2477380860
   2.3250000000  -0.2518512331
   2.3500000000  -0.2562407823
   2.3750000000  -0.2606721487
   2.4000000000  -0.2649201328
   2.4250000000  -0.2687834372
   2.4500000000  -0.2720968863
   2.4750000000  -0.2747406083
   2.5000000000  -0.2766456905
   2.5250000000  -0.2777960885
   2.5500000000  -0.2782268442
   2.5750000000  -0.2780189238
   2.6000000000  -0.2772912031
   2.6250000000  -0.2761902987
   2.6500000000  -0.2748790481
   2.6750000000  -0.2735244907
   2.7000000000  -0.2722861822
   2.7250000000  -0.2713056048
   2.7500000000  -0.2706973129
   2.7750000000  -0.2705423032
   2.8000000000  -0.2708839181
   2.8250000000  -0.2717264101
   2.8500000000  -0.2730361129
   2.8750000000  -0.2747450017
   2.9000000000  -0.2767562836
   2.9250000000  -0.2789515555
   2.9500000000  -0.2811989903
   2.9750000000  -0.2833619824
   3.0000000000  -0.2853076861
   3.0250000000  -0.2869149197
   3.0500000000  -0.2880809778
   3.0750000000  -0.2887269881
   3.1000000000  -0.2888015603
   3.1250000000  -0.2882825971
   3.1500000000  -0.2871772587
   3.1750000000  -0.2855201899
   3.2000000000  -0.2833702221
   3.2250000000  -0.2808058470
   3.2500000000  -0.2779198197
   3.2750000000  -0.2748132806
   3.3000000000  -0.2715897937
   3.3250000000  -0.2683496769
   3.3500000000  -0.2651849524
   3.3750000000  -0.2621751853
   3.4000000000  -0.2593843944
   3.4250000000  -0.2568591357
   3.4500000000  -0.2546277716
   3.4750000000  -0.2527008548
   3.5000000000  -0.2510724886
   3.5250000000  -0.2497224694
   3.5500000000  -0.2486189813
   3.5750000000  -0.2477216010
   3.6000000000  -0.2469843730
   3.6250000000  -0.2463587398
   3.6500000000  -0.2457961517
   3.6750000000  -0.2452502249
   3.7000000000  -0.2446783727
   3.7250000000  -0.2440428879
   3.7500000000  -0.2433115020
   3.7750000000  -0.2424574900
   3.8000000000  -0.2414594155
   3.8250000000  -0.2403006340
   3.8500000000  -0.2389686689
   3.8750000000  -0.2374545736
   3.9000000000  -0.2357523703
   3.9250000000  -0.2338586331
   3.9500000000  -0.2317722516
   3.9750000000  -0.2294943824
   4.0000000000  -0.2270285632
   4.0250000000  -0.2243809449
   4.0500000000  -0.2215605750
   4.0750000000  -0.2185796606
   4.1000000000  -0.2154537346
   4.1250000000  -0.2122016604
   4.1500000000  -0.2088454228
   4.1750000000  -0.2054096740
   4.2000000000  -0.2019210301
   4.2250000000  -0.1984071359
   4.2500000000  -0.1948955429
   4.2750000000  -0.1914124677
   4.3000000000  -0.1879815101
   4.3250000000  -0.1846224244
   4.3500000000  -0.1813500364
   4.3750000000  -0.1781733945
   4.4000000000  -0.1750952269
   4.4250000000  -0.1721117616
   4.4500000000  -0.1692129359
   4.4750000000  -0.1663829989
   4.5000000000  -0.1636014777
   4.5250000000  -0.1608444554
   4.5500000000  -0.1580860801
   4.5750000000  -0.1553002123
   4.6000000000  -0.1524621017
   4.6250000000  -0.1495499855
   4.6500000000  -0.1465465043
   4.6750000000  -0.1434398422
   4.7000000000  -0.1402245228
   4.7250000000  -0.1369018103
   4.7500000000  -0.1334796997
   4.7750000000  -0.1299725045
   4.8000000000  -0.1264000790
   4.8250000000  -0.1227867376
   4.8500000000  -0.1191599527
   4.8750000000  -0.1155489242
   4.9000000000  -0.1119831223
   4.9250000000  -0.1084909011
   4.9500000000  -0.1050982746
   4.9750000000  -0.1018279298
   5.0000000000  -0.0986985344
