   0.0000000000  -0.8447834039
   0.0250000000  -0.8447440780
   0.0500000000  -0.8446487375
   0.0750000000  -0.8445017884
   0.1000000000  -0.8443089289
   0.1250000000  -0.8440784401
   0.1500000000  -0.8438219966
   0.1750000000  -0.8435554154
   0.2000000000  -0.8432990065
   0.2250000000  -0.8430769886
   0.2500000000  -0.8429153587
   0.2750000000  -0.8428376778
   0.3000000000  -0.8428584731
   0.3250000000  -0.8429743544
   0.3500000000  -0.8431534327
   0.3750000000  -0.8433241349
   0.4000000000  -0.8433649245
   0.4250000000  -0.8430966877
   0.4500000000  -0.8422795472
   0.4750000000  -0.8406156118
   0.5000000000  -0.8377586625
   0.5250000000  -0.8333310610
   0.5500000000  -0.8269473399
   0.5750000000  -0.8182430719
   0.6000000000  -0.8069068422
   0.6250000000  -0.7927125479
   0.6500000000  -0.7755489039
   0.6750000000  -0.7554430055
   0.7000000000  -0.7325750989
   0.7250000000  -0.7072823342
   0.7500000000  -0.6800501762
   0.7750000000  -0.6514912440
   0.8000000000  -0.6223125481
   0.8250000000  -0.5932732655
   0.8500000000  -0.5651362220
   0.8750000000  -0.5386170132
   0.9000000000  -0.5143351012
   0.9250000000  -0.4927712008
   0.9500000000  -0.4742348051
   0.9750000000  -0.4588448258
   1.0000000000  -0.4465251239
   1.0250000000  -0.4370153022
   1.0500000000  -0.4298956917
   1.0750000000  -0.4246241375
   1.1000000000  -0.4205811404
   1.1250000000  -0.4171192409
   1.1500000000  -0.4136123142
   1.1750000000  -0.4095006766
   1.2000000000  -0.4043285356
   1.2250000000  -0.3977712473
   1.2500000000  -0.3896509466
   1.2750000000  -0.3799402529
   1.3000000000  -0.3687547980
   1.3250000000  -0.3563361746
   1.3500000000  -0.3430275000
   1.3750000000  -0.3292441125
   1.4000000000  -0.3154419690
   1.4250000000  -0.3020861479
   1.4500000000  -0.2896215279
   1.4750000000  -0.2784472783
   1.5000000000  -0.2688963254
   1.5250000000  -0.2612204874
   1.5500000000  -0.2555815501
   1.5750000000  -0.2520481868
   1.6000000000  -0.2505983365
   1.6250000000  -0.2511264200
   1.6500000000  -0.2534546104
   1.6750000000  -0.2573472535
   1.7000000000  -0.2625274627
   1.7250000000  -0.2686948751
   1.7500000000  -0.2755435627
   1.7750000000  -0.2827791259
   1.8000000000  -0.2901340779
   1.8250000000  -0.2973807424
   1.8500000000  -0.3043410372
   1.8750000000  -0.3108927050
   1.9000000000  -0.3169717604
   1.9250000000  -0.3225711501
   1.9500000000  -0.3277358503
   1.9750000000  -0.3325548429
   2.0000000000  -0.3371505995
   2.0250000000  -0.3416668521
   2.0500000000  -0.3462555231
   2.0750000000  -0.3510637239
   2.1000000000  -0.3562217044
   2.1250000000  -0.3618325449
   2.1500000000  -0.3679642399
   2.1750000000  -0.3746446351
   2.2000000000  -0.3818594631
   2.2250000000  -0.3895534973
   2.2500000000  -0.3976346215
   2.2750000000  -0.4059804133
   2.3000000000  -0.4144466812
   2.3250000000  -0.4228772789
   2.3500000000  -0.4311144627
   2.3750000000  -0.4390090546
   2.4000000000  -0.4464297208
   2.4250000000  -0.4532707738
   2.4500000000  -0.4594580324
   2.4750000000  -0.4649524331
   2.5000000000  -0.4697512496
   2.5250000000  -0.4738869430
   2.5500000000  -0.4774238192
   2.5750000000  -0.4804528006
   2.6000000000  -0.4830847253
   2.6250000000  -0.4854426559
   2.6500000000  -0.4876537197
   2.6750000000  -0.4898410023
   2.7000000000  -0.4921159909
   2.7250000000  -0.4945720023
   2.7500000000  -0.4972789539
   2.7750000000  -0.5002797368
   2.8000000000  -0.5035883425
   2.8250000000  -0.5071897821
   2.8500000000  -0.5110417310
   2.8750000000  -0.5150777284
   2.9000000000  -0.5192116771
   2.9250000000  -0.5233433229
   2.9500000000  -0.5273643479
   2.9750000000  -0.5311646898
   3.0000000000  -0.5346387051
   3.0250000000  -0.5376908196
   3.0500000000  -0.5402403570
   3.0750000000  -0.5422253010
   3.1000000000  -0.5436048221
   3.1250000000  -0.5443604853
   3.1500000000  -0.5444961363
   3.1750000000  -0.5440365470
   3.2000000000  -0.5430249693
   3.2250000000  -0.5415198040
   3.2500000000  -0.5395906321
   3.2750000000  -0.5373138775
   3.3000000000  -0.5347683729
   3.3250000000  -0.5320310866
   3.3500000000  -0.5291732385
   3.3750000000  -0.5262569897
   3.4000000000  -0.5233328407
   3.4250000000  -0.5204378180
   3.4500000000  -0.5175944732
   3.4750000000  -0.5148106680
   3.5000000000  -0.5120800736
   3.5250000000  -0.5093832789
   3.5500000000  -0.5066893771
   3.5750000000  -0.5039578877
   3.6000000000  -0.5011408709
   3.6250000000  -0.4981850977
   3.6500000000  -0.4950341584
   3.6750000000  -0.4916304117
   3.7000000000  -0.4879167067
   3.7250000000  -0.4838378333
   3.7500000000  -0.4793416854
   3.7750000000  -0.4743801436
   3.8000000000  -0.4689097011
   3.8250000000  -0.4628918704
   3.8500000000  -0.4562934150
   3.8750000000  -0.4490864515
   3.9000000000  -0.4412484625
   3.9250000000  -0.4327622544
   3.9500000000  -0.4236158813
   3.9750000000  -0.4138025485
   4.0000000000  -0.4033204919
   4.0250000000  -0.3921728265
   4.0500000000  -0.3803673448
   4.0750000000  -0.3679162462
   4.1000000000  -0.3548357774
   4.1250000000  -0.3411457695
   4.1500000000  -0.3268690626
   4.1750000000  -0.3120308230
   4.2000000000  -0.2966577652
   4.2250000000  -0.2807773075
   4.2500000000  -0.2644166949
   4.2750000000  -0.2476021386
   4.3000000000  -0.2303580193
   4.3250000000  -0.2127062088
   4.3500000000  -0.1946655569
   4.3750000000  -0.1762515873
   4.4000000000  -0.1574764313
   4.4250000000  -0.1383490178
   4.4500000000  -0.1188755187
   4.4750000000  -0.0990600351
   4.5000000000  -0.0789054912
   4.5250000000  -0.0584146906
   4.5500000000  -0.0375914751
   4.5750000000  -0.0164419230
   4.6000000000   0.0050244826
   4.6250000000   0.0267937834
   4.6500000000   0.0488466322
   4.6750000000   0.0711575879
   4.7000000000   0.0936946560
   4.7250000000   0.1164190955
   4.7500000000   0.1392854958
   4.7750000000   0.1622421126
   4.8000000000   0.1852314314
   4.8250000000   0.2081909176
   4.8500000000   0.2310539006
   4.8750000000   0.2537505311
   4.9000000000   0.2762087503
   4.9250000000   0.2983552107
   4.9500000000   0.3201160924
   4.9750000000   0.3414177712
   5.0000000000   0.3621873033
