   0.0000000000   0.2500000000
   0.0250000000   0.2497365493
   0.0500000000   0.2489492576
   0.0750000000   0.2476473742
   0.1000000000   0.2458461296
   0.1250000000   0.2435664627
   0.1500000000   0.2408346486
   0.1750000000   0.2376818359
   0.2000000000   0.2341435039
   0.2250000000   0.2302588543
   0.2500000000   0.2260701501
   0.2750000000   0.2216220177
   0.3000000000   0.2169607273
   0.3250000000   0.2121334678
   0.3500000000   0.2071876305
   0.3750000000   0.2021701169
   0.4000000000   0.1971266828
   0.4250000000   0.1921013319
   0.4500000000   0.1871357668
   0.4750000000   0.1822689069
   0.5000000000   0.1775364800
   0.5250000000   0.1729706891
   0.5500000000   0.1685999592
   0.5750000000   0.1644487628
   0.6000000000   0.1605375229
   0.6250000000   0.1568825899
   0.6500000000   0.1534962877
   0.6750000000   0.1503870247
   0.7000000000   0.1475594595
   0.7250000000   0.1450147180
   0.7500000000   0.1427506500
   0.7750000000   0.1407621205
   0.8000000000   0.1390413246
   0.8250000000   0.1375781202
   0.8500000000   0.1363603696
   0.8750000000   0.1353742835
   0.9000000000   0.1346047602
   0.9250000000   0.1340357151
   0.9500000000   0.1336503948
   0.9750000000   0.1334316715
   1.0000000000   0.1333623152
   1.0250000000   0.1334252396
   1.0500000000   0.1336037213
   1.0750000000   0.1338815904
   1.1000000000   0.1342433927
   1.1250000000   0.1346745225
   1.1500000000   0.1351613284
   1.1750000000   0.1356911920
   1.2000000000   0.1362525815
   1.2250000000   0.1368350827
   1.2500000000   0.1374294079
   1.2750000000   0.1380273872
   1.3000000000   0.1386219424
   1.3250000000   0.1392070477
   1.3500000000   0.1397776778
   1.3750000000   0.1403297480
   1.4000000000   0.1408600455
   1.4250000000   0.1413661573
   1.4500000000   0.1418463935
   1.4750000000   0.1422997101
   1.5000000000   0.1427256315
   1.5250000000   0.1431241740
   1.5500000000   0.1434957728
   1.5750000000   0.1438412110
   1.6000000000   0.1441615544
   1.6250000000   0.1444580897
   1.6500000000   0.1447322684
   1.6750000000   0.1449856564
   1.7000000000   0.1452198883
   1.7250000000   0.1454366281
   1.7500000000   0.1456375348
   1.7750000000   0.1458242330
   1.8000000000   0.1459982895
   1.8250000000   0.1461611932
   1.8500000000   0.1463143406
   1.8750000000   0.1464590241
   1.9000000000   0.1465964251
   1.9250000000   0.1467276088
   1.9500000000   0.1468535234
   1.9750000000   0.1469749999
   2.0000000000   0.1470927556
   2.0250000000   0.1472073979
   2.0500000000   0.1473194305
   2.0750000000   0.1474292596
   2.1000000000   0.1475372017
   2.1250000000   0.1476434914
   2.1500000000   0.1477482897
   2.1750000000   0.1478516923
   2.2000000000   0.1479537380
   2.2250000000   0.1480544164
   2.2500000000   0.1481536763
   2.2750000000   0.1482514325
   2.3000000000   0.1483475729
   2.3250000000   0.1484419650
   2.3500000000   0.1485344615
   2.3750000000   0.1486249060
   2.4000000000   0.1487131373
   2.4250000000   0.1487989937
   2.4500000000   0.1488823166
   2.4750000000   0.1489629536
   2.5000000000   0.1490407613
   2.5250000000   0.1491156068
   2.5500000000   0.1491873698
   2.5750000000   0.1492559440
   2.6000000000   0.1493212374
   2.6250000000   0.1493831736
   2.6500000000   0.1494416913
   2.6750000000   0.1494967449
   2.7000000000   0.1495483042
   2.7250000000   0.1495963536
   2.7500000000   0.1496408919
   2.7750000000   0.1496819317
   2.8000000000   0.1497194982
   2.8250000000   0.1497536287
   2.8500000000   0.1497843715
   2.8750000000   0.1498117849
   2.9000000000   0.1498359363
   2.9250000000   0.1498569013
   2.9500000000   0.1498747624
   2.9750000000   0.1498896084
   3.0000000000   0.1499015332
   3.0250000000   0.1499106350
   3.0500000000   0.1499170155
   3.0750000000   0.1499207789
   3.1000000000   0.1499220315
   3.1250000000   0.1499208804
   3.1500000000   0.1499174337
   3.1750000000   0.1499117991
   3.2000000000   0.1499040838
   3.2250000000   0.1498943939
   3.2500000000   0.1498828340
   3.2750000000   0.1498695068
   3.3000000000   0.1498545130
   3.3250000000   0.1498379505
   3.3500000000   0.1498199147
   3.3750000000   0.1498004982
   3.4000000000   0.1497797904
   3.4250000000   0.1497578776
   3.4500000000   0.1497348429
   3.4750000000   0.1497107663
   3.5000000000   0.1496857242
   3.5250000000   0.1496597901
   3.5500000000   0.1496330341
   3.5750000000   0.1496055230
   3.6000000000   0.1495773206
   3.6250000000   0.1495484878
   3.6500000000   0.1495190822
   3.6750000000   0.1494891590
   3.7000000000   0.1494587704
   3.7250000000   0.1494279659
   3.7500000000   0.1493967928
   3.7750000000   0.1493652957
   3.8000000000   0.1493335172
   3.8250000000   0.1493014977
   3.8500000000   0.1492692756
   3.8750000000   0.1492368872
   3.9000000000   0.1492043674
   3.9250000000   0.1491717491
   3.9500000000   0.1491390639
   3.9750000000   0.1491063419
   4.0000000000   0.1490736116
   4.0250000000   0.1490409004
   4.0500000000   0.1490082347
   4.0750000000   0.1489756396
   4.1000000000   0.1489431390
   4.1250000000   0.1489107561
   4.1500000000   0.1488785131
   4.1750000000   0.1488464313
   4.2000000000   0.1488145311
   4.2250000000   0.1487828324
   4.2500000000   0.1487513541
   4.2750000000   0.1487201144
   4.3000000000   0.1486891309
   4.3250000000   0.1486584206
   4.3500000000   0.1486279995
   4.3750000000   0.1485978834
   4.4000000000   0.1485680872
   4.4250000000   0.1485386252
   4.4500000000   0.1485095112
   4.4750000000   0.1484807581
   4.5000000000   0.1484523786
   4.5250000000   0.1484243843
   4.5500000000   0.1483967866
   4.5750000000   0.1483695960
   4.6000000000   0.1483428224
   4.6250000000   0.1483164752
   4.6500000000   0.1482905630
   4.6750000000   0.1482650939
   4.7000000000   0.1482400752
   4.7250000000   0.1482155136
   4.7500000000   0.1481914153
   4.7750000000   0.1481677856
   4.8000000000   0.1481446293
   4.8250000000   0.1481219506
   4.8500000000   0.1480997529
   4.8750000000   0.1480780392
   4.9000000000   0.1480568115
   4.9250000000   0.1480360716
   4.9500000000   0.1480158205
   4.9750000000   0.1479960584
   5.0000000000   0.1479767853
