   0.0000000000   0.2500000000
   0.0250000000   0.2497365492
   0.0500000000   0.2489492572
   0.0750000000   0.2476473731
   0.1000000000   0.2458461275
   0.1250000000   0.2435664594
   0.1500000000   0.2408346440
   0.1750000000   0.2376818296
   0.2000000000   0.2341434958
   0.2250000000   0.2302588442
   0.2500000000   0.2260701380
   0.2750000000   0.2216220034
   0.3000000000   0.2169607108
   0.3250000000   0.2121334491
   0.3500000000   0.2071876096
   0.3750000000   0.2021700937
   0.4000000000   0.1971266574
   0.4250000000   0.1921013045
   0.4500000000   0.1871357373
   0.4750000000   0.1822688757
   0.5000000000   0.1775364471
   0.5250000000   0.1729706546
   0.5500000000   0.1685999234
   0.5750000000   0.1644487259
   0.6000000000   0.1605374851
   0.6250000000   0.1568825513
   0.6500000000   0.1534962487
   0.6750000000   0.1503869854
   0.7000000000   0.1475594202
   0.7250000000   0.1450146788
   0.7500000000   0.1427506112
   0.7750000000   0.1407620823
   0.8000000000   0.1390412872
   0.8250000000   0.1375780837
   0.8500000000   0.1363603343
   0.8750000000   0.1353742495
   0.9000000000   0.1346047276
   0.9250000000   0.1340356841
   0.9500000000   0.1336503655
   0.9750000000   0.1334316441
   1.0000000000   0.1333622897
   1.0250000000   0.1334252161
   1.0500000000   0.1336036999
   1.0750000000   0.1338815712
   1.1000000000   0.1342433757
   1.1250000000   0.1346745077
   1.1500000000   0.1351613159
   1.1750000000   0.1356911817
   1.2000000000   0.1362525736
   1.2250000000   0.1368350770
   1.2500000000   0.1374294045
   1.2750000000   0.1380273861
   1.3000000000   0.1386219436
   1.3250000000   0.1392070511
   1.3500000000   0.1397776835
   1.3750000000   0.1403297558
   1.4000000000   0.1408600555
   1.4250000000   0.1413661694
   1.4500000000   0.1418464076
   1.4750000000   0.1422997263
   1.5000000000   0.1427256497
   1.5250000000   0.1431241942
   1.5500000000   0.1434957948
   1.5750000000   0.1438412349
   1.6000000000   0.1441615801
   1.6250000000   0.1444581172
   1.6500000000   0.1447322977
   1.6750000000   0.1449856874
   1.7000000000   0.1452199210
   1.7250000000   0.1454366625
   1.7500000000   0.1456375707
   1.7750000000   0.1458242706
   1.8000000000   0.1459983286
   1.8250000000   0.1461612338
   1.8500000000   0.1463143826
   1.8750000000   0.1464590677
   1.9000000000   0.1465964700
   1.9250000000   0.1467276552
   1.9500000000   0.1468535711
   1.9750000000   0.1469750489
   2.0000000000   0.1470928059
   2.0250000000   0.1472074495
   2.0500000000   0.1473194834
   2.0750000000   0.1474293137
   2.1000000000   0.1475372570
   2.1250000000   0.1476435478
   2.1500000000   0.1477483472
   2.1750000000   0.1478517509
   2.2000000000   0.1479537976
   2.2250000000   0.1480544771
   2.2500000000   0.1481537380
   2.2750000000   0.1482514952
   2.3000000000   0.1483476365
   2.3250000000   0.1484420294
   2.3500000000   0.1485345268
   2.3750000000   0.1486249721
   2.4000000000   0.1487132042
   2.4250000000   0.1487990613
   2.4500000000   0.1488823849
   2.4750000000   0.1489630227
   2.5000000000   0.1490408309
   2.5250000000   0.1491156770
   2.5500000000   0.1491874406
   2.5750000000   0.1492560153
   2.6000000000   0.1493213093
   2.6250000000   0.1493832459
   2.6500000000   0.1494417640
   2.6750000000   0.1494968181
   2.7000000000   0.1495483777
   2.7250000000   0.1495964274
   2.7500000000   0.1496409660
   2.7750000000   0.1496820061
   2.8000000000   0.1497195728
   2.8250000000   0.1497537035
   2.8500000000   0.1497844465
   2.8750000000   0.1498118600
   2.9000000000   0.1498360116
   2.9250000000   0.1498569767
   2.9500000000   0.1498748379
   2.9750000000   0.1498896840
   3.0000000000   0.1499016088
   3.0250000000   0.1499107106
   3.0500000000   0.1499170911
   3.0750000000   0.1499208545
   3.1000000000   0.1499221069
   3.1250000000   0.1499209559
   3.1500000000   0.1499175091
   3.1750000000   0.1499118744
   3.2000000000   0.1499041590
   3.2250000000   0.1498944689
   3.2500000000   0.1498829089
   3.2750000000   0.1498695816
   3.3000000000   0.1498545876
   3.3250000000   0.1498380249
   3.3500000000   0.1498199889
   3.3750000000   0.1498005722
   3.4000000000   0.1497798642
   3.4250000000   0.1497579512
   3.4500000000   0.1497349163
   3.4750000000   0.1497108394
   3.5000000000   0.1496857972
   3.5250000000   0.1496598628
   3.5500000000   0.1496331065
   3.5750000000   0.1496055952
   3.6000000000   0.1495773926
   3.6250000000   0.1495485594
   3.6500000000   0.1495191537
   3.6750000000   0.1494892302
   3.7000000000   0.1494588413
   3.7250000000   0.1494280365
   3.7500000000   0.1493968631
   3.7750000000   0.1493653658
   3.8000000000   0.1493335870
   3.8250000000   0.1493015672
   3.8500000000   0.1492693448
   3.8750000000   0.1492369561
   3.9000000000   0.1492044360
   3.9250000000   0.1491718175
   3.9500000000   0.1491391320
   3.9750000000   0.1491064096
   4.0000000000   0.1490736790
   4.0250000000   0.1490409676
   4.0500000000   0.1490083016
   4.0750000000   0.1489757061
   4.1000000000   0.1489432053
   4.1250000000   0.1489108221
   4.1500000000   0.1488785788
   4.1750000000   0.1488464967
   4.2000000000   0.1488145963
   4.2250000000   0.1487828973
   4.2500000000   0.1487514187
   4.2750000000   0.1487201787
   4.3000000000   0.1486891950
   4.3250000000   0.1486584843
   4.3500000000   0.1486280630
   4.3750000000   0.1485979466
   4.4000000000   0.1485681501
   4.4250000000   0.1485386879
   4.4500000000   0.1485095736
   4.4750000000   0.1484808203
   4.5000000000   0.1484524405
   4.5250000000   0.1484244460
   4.5500000000   0.1483968480
   4.5750000000   0.1483696571
   4.6000000000   0.1483428833
   4.6250000000   0.1483165359
   4.6500000000   0.1482906235
   4.6750000000   0.1482651541
   4.7000000000   0.1482401352
   4.7250000000   0.1482155734
   4.7500000000   0.1481914749
   4.7750000000   0.1481678450
   4.8000000000   0.1481446885
   4.8250000000   0.1481220096
   4.8500000000   0.1480998117
   4.8750000000   0.1480780978
   4.9000000000   0.1480568700
   4.9250000000   0.1480361299
   4.9500000000   0.1480158786
   4.9750000000   0.1479961164
   5.0000000000   0.1479768431
