   0.0000000000   0.0000000000
   0.0250000000  -0.0005269014
   0.0500000000  -0.0021014848
   0.0750000000  -0.0047052516
   0.1000000000  -0.0083077409
   0.1250000000  -0.0128670747
   0.1500000000  -0.0183307028
   0.1750000000  -0.0246363282
   0.2000000000  -0.0317129923
   0.2250000000  -0.0394822915
   0.2500000000  -0.0478596999
   0.2750000000  -0.0567559647
   0.3000000000  -0.0660785454
   0.3250000000  -0.0757330643
   0.3500000000  -0.0856247389
   0.3750000000  -0.0956597662
   0.4000000000  -0.1057466343
   0.4250000000  -0.1157973361
   0.4500000000  -0.1257284664
   0.4750000000  -0.1354621861
   0.5000000000  -0.1449270399
   0.5250000000  -0.1540586218
   0.5500000000  -0.1628000816
   0.5750000000  -0.1711024743
   0.6000000000  -0.1789249541
   0.6250000000  -0.1862348202
   0.6500000000  -0.1930074245
   0.6750000000  -0.1992259506
   0.7000000000  -0.2048810809
   0.7250000000  -0.2099705640
   0.7500000000  -0.2144986998
   0.7750000000  -0.2184757589
   0.8000000000  -0.2219173507
   0.8250000000  -0.2248437595
   0.8500000000  -0.2272792607
   0.8750000000  -0.2292514330
   0.9000000000  -0.2307904796
   0.9250000000  -0.2319285698
   0.9500000000  -0.2326992105
   0.9750000000  -0.2331366569
   1.0000000000  -0.2332753695
   1.0250000000  -0.2331495208
   1.0500000000  -0.2327925575
   1.0750000000  -0.2322368192
   1.1000000000  -0.2315132146
   1.1250000000  -0.2306509550
   1.1500000000  -0.2296773432
   1.1750000000  -0.2286176161
   1.2000000000  -0.2274948370
   1.2250000000  -0.2263298347
   1.2500000000  -0.2251411842
   1.2750000000  -0.2239452257
   1.3000000000  -0.2227561152
   1.3250000000  -0.2215859047
   1.3500000000  -0.2204446444
   1.3750000000  -0.2193405041
   1.4000000000  -0.2182799090
   1.4250000000  -0.2172676854
   1.4500000000  -0.2163072130
   1.4750000000  -0.2154005798
   1.5000000000  -0.2145487371
   1.5250000000  -0.2137516520
   1.5500000000  -0.2130084545
   1.5750000000  -0.2123175781
   1.6000000000  -0.2116768912
   1.6250000000  -0.2110838207
   1.6500000000  -0.2105354632
   1.6750000000  -0.2100286873
   1.7000000000  -0.2095602234
   1.7250000000  -0.2091267437
   1.7500000000  -0.2087249305
   1.7750000000  -0.2083515340
   1.8000000000  -0.2080034211
   1.8250000000  -0.2076776136
   1.8500000000  -0.2073713189
   1.8750000000  -0.2070819518
   1.9000000000  -0.2068071499
   1.9250000000  -0.2065447823
   1.9500000000  -0.2062929532
   1.9750000000  -0.2060500002
   2.0000000000  -0.2058144889
   2.0250000000  -0.2055852042
   2.0500000000  -0.2053611390
   2.0750000000  -0.2051414808
   2.1000000000  -0.2049255966
   2.1250000000  -0.2047130172
   2.1500000000  -0.2045034206
   2.1750000000  -0.2042966153
   2.2000000000  -0.2040925240
   2.2250000000  -0.2038911671
   2.2500000000  -0.2036926473
   2.2750000000  -0.2034971349
   2.3000000000  -0.2033048541
   2.3250000000  -0.2031160700
   2.3500000000  -0.2029310769
   2.3750000000  -0.2027501879
   2.4000000000  -0.2025737254
   2.4250000000  -0.2024020127
   2.4500000000  -0.2022353669
   2.4750000000  -0.2020740927
   2.5000000000  -0.2019184774
   2.5250000000  -0.2017687864
   2.5500000000  -0.2016252603
   2.5750000000  -0.2014881120
   2.6000000000  -0.2013575251
   2.6250000000  -0.2012336528
   2.6500000000  -0.2011166174
   2.6750000000  -0.2010065101
   2.7000000000  -0.2009033916
   2.7250000000  -0.2008072928
   2.7500000000  -0.2007182162
   2.7750000000  -0.2006361366
   2.8000000000  -0.2005610036
   2.8250000000  -0.2004927426
   2.8500000000  -0.2004312571
   2.8750000000  -0.2003764303
   2.9000000000  -0.2003281274
   2.9250000000  -0.2002861974
   2.9500000000  -0.2002504752
   2.9750000000  -0.2002207832
   3.0000000000  -0.2001969336
   3.0250000000  -0.2001787300
   3.0500000000  -0.2001659690
   3.0750000000  -0.2001584422
   3.1000000000  -0.2001559371
   3.1250000000  -0.2001582391
   3.1500000000  -0.2001651325
   3.1750000000  -0.2001764017
   3.2000000000  -0.2001918324
   3.2250000000  -0.2002112122
   3.2500000000  -0.2002343320
   3.2750000000  -0.2002609863
   3.3000000000  -0.2002909740
   3.3250000000  -0.2003240990
   3.3500000000  -0.2003601705
   3.3750000000  -0.2003990036
   3.4000000000  -0.2004404193
   3.4250000000  -0.2004842449
   3.4500000000  -0.2005303142
   3.4750000000  -0.2005784675
   3.5000000000  -0.2006285515
   3.5250000000  -0.2006804197
   3.5500000000  -0.2007339318
   3.5750000000  -0.2007889541
   3.6000000000  -0.2008453588
   3.6250000000  -0.2009030245
   3.6500000000  -0.2009618355
   3.6750000000  -0.2010216819
   3.7000000000  -0.2010824592
   3.7250000000  -0.2011440681
   3.7500000000  -0.2012064144
   3.7750000000  -0.2012694086
   3.8000000000  -0.2013329655
   3.8250000000  -0.2013970045
   3.8500000000  -0.2014614489
   3.8750000000  -0.2015262256
   3.9000000000  -0.2015912652
   3.9250000000  -0.2016565017
   3.9500000000  -0.2017218721
   3.9750000000  -0.2017873163
   4.0000000000  -0.2018527769
   4.0250000000  -0.2019181991
   4.0500000000  -0.2019835305
   4.0750000000  -0.2020487209
   4.1000000000  -0.2021137221
   4.1250000000  -0.2021784878
   4.1500000000  -0.2022429739
   4.1750000000  -0.2023071375
   4.2000000000  -0.2023709377
   4.2250000000  -0.2024343352
   4.2500000000  -0.2024972918
   4.2750000000  -0.2025597712
   4.3000000000  -0.2026217381
   4.3250000000  -0.2026831589
   4.3500000000  -0.2027440009
   4.3750000000  -0.2028042332
   4.4000000000  -0.2028638256
   4.4250000000  -0.2029227496
   4.4500000000  -0.2029809777
   4.4750000000  -0.2030384838
   4.5000000000  -0.2030952429
   4.5250000000  -0.2031512314
   4.5500000000  -0.2032064268
   4.5750000000  -0.2032608080
   4.6000000000  -0.2033143552
   4.6250000000  -0.2033670496
   4.6500000000  -0.2034188739
   4.6750000000  -0.2034698122
   4.7000000000  -0.2035198496
   4.7250000000  -0.2035689728
   4.7500000000  -0.2036171694
   4.7750000000  -0.2036644288
   4.8000000000  -0.2037107414
   4.8250000000  -0.2037560988
   4.8500000000  -0.2038004941
   4.8750000000  -0.2038439217
   4.9000000000  -0.2038863769
   4.9250000000  -0.2039278567
   4.9500000000  -0.2039683591
   4.9750000000  -0.2040078832
   5.0000000000  -0.2040464294
