   0.0000000000  -0.8447834039
   0.0250000000  -0.8442569161
   0.0500000000  -0.8426812179
   0.0750000000  -0.8400756190
   0.1000000000  -0.8364706531
   0.1250000000  -0.8319082414
   0.1500000000  -0.8264409962
   0.1750000000  -0.8201312997
   0.2000000000  -0.8130502253
   0.2250000000  -0.8052763250
   0.2500000000  -0.7968943136
   0.2750000000  -0.7879936775
   0.3000000000  -0.7786672409
   0.3250000000  -0.7690097181
   0.3500000000  -0.7591162841
   0.3750000000  -0.7490811894
   0.4000000000  -0.7389964482
   0.4250000000  -0.7289506199
   0.4500000000  -0.7190277065
   0.4750000000  -0.7093061798
   0.5000000000  -0.6998581529
   0.5250000000  -0.6907487020
   0.5500000000  -0.6820353447
   0.5750000000  -0.6737676752
   0.6000000000  -0.6659871520
   0.6250000000  -0.6587270348
   0.6500000000  -0.6520124591
   0.6750000000  -0.6458606393
   0.7000000000  -0.6402811862
   0.7250000000  -0.6352765252
   0.7500000000  -0.6308423991
   0.7750000000  -0.6269684403
   0.8000000000  -0.6236387955
   0.8250000000  -0.6208327887
   0.8500000000  -0.6185256050
   0.8750000000  -0.6166889838
   0.9000000000  -0.6152919058
   0.9250000000  -0.6143012638
   0.9500000000  -0.6136825053
   0.9750000000  -0.6134002402
   1.0000000000  -0.6134188037
   1.0250000000  -0.6137027710
   1.0500000000  -0.6142174180
   1.0750000000  -0.6149291263
   1.1000000000  -0.6158057299
   1.1250000000  -0.6168168048
   1.1500000000  -0.6179339013
   1.1750000000  -0.6191307212
   1.2000000000  -0.6203832433
   1.2250000000  -0.6216697993
   1.2500000000  -0.6229711055
   1.2750000000  -0.6242702533
   1.3000000000  -0.6255526644
   1.3250000000  -0.6268060144
   1.3500000000  -0.6280201300
   1.3750000000  -0.6291868652
   1.4000000000  -0.6302999594
   1.4250000000  -0.6313548838
   1.4500000000  -0.6323486787
   1.4750000000  -0.6332797864
   1.5000000000  -0.6341478820
   1.5250000000  -0.6349537067
   1.5500000000  -0.6356989047
   1.5750000000  -0.6363858671
   1.6000000000  -0.6370175833
   1.6250000000  -0.6375975033
   1.6500000000  -0.6381294100
   1.6750000000  -0.6386173035
   1.7000000000  -0.6390652979
   1.7250000000  -0.6394775297
   1.7500000000  -0.6398580789
   1.7750000000  -0.6402109021
   1.8000000000  -0.6405397773
   1.8250000000  -0.6408482589
   1.8500000000  -0.6411396439
   1.8750000000  -0.6414169471
   1.9000000000  -0.6416828848
   1.9250000000  -0.6419398661
   1.9500000000  -0.6421899916
   1.9750000000  -0.6424350571
   2.0000000000  -0.6426765627
   2.0250000000  -0.6429157263
   2.0500000000  -0.6431534996
   2.0750000000  -0.6433905876
   2.1000000000  -0.6436274690
   2.1250000000  -0.6438644187
   2.1500000000  -0.6441015302
   2.1750000000  -0.6443387387
   2.2000000000  -0.6445758436
   2.2250000000  -0.6448125305
   2.2500000000  -0.6450483921
   2.2750000000  -0.6452829486
   2.3000000000  -0.6455156653
   2.3250000000  -0.6457459706
   2.3500000000  -0.6459732706
   2.3750000000  -0.6461969634
   2.4000000000  -0.6464164510
   2.4250000000  -0.6466311502
   2.4500000000  -0.6468405008
   2.4750000000  -0.6470439741
   2.5000000000  -0.6472410777
   2.5250000000  -0.6474313614
   2.5500000000  -0.6476144195
   2.5750000000  -0.6477898941
   2.6000000000  -0.6479574757
   2.6250000000  -0.6481169039
   2.6500000000  -0.6482679674
   2.6750000000  -0.6484105022
   2.7000000000  -0.6485443907
   2.7250000000  -0.6486695595
   2.7500000000  -0.6487859770
   2.7750000000  -0.6488936504
   2.8000000000  -0.6489926233
   2.8250000000  -0.6490829726
   2.8500000000  -0.6491648051
   2.8750000000  -0.6492382548
   2.9000000000  -0.6493034794
   2.9250000000  -0.6493606579
   2.9500000000  -0.6494099872
   2.9750000000  -0.6494516794
   3.0000000000  -0.6494859595
   3.0250000000  -0.6495130626
   3.0500000000  -0.6495332321
   3.0750000000  -0.6495467169
   3.1000000000  -0.6495537701
   3.1250000000  -0.6495546471
   3.1500000000  -0.6495496041
   3.1750000000  -0.6495388963
   3.2000000000  -0.6495227776
   3.2250000000  -0.6495014987
   3.2500000000  -0.6494753065
   3.2750000000  -0.6494444437
   3.3000000000  -0.6494091475
   3.3250000000  -0.6493696497
   3.3500000000  -0.6493261759
   3.3750000000  -0.6492789454
   3.4000000000  -0.6492281710
   3.4250000000  -0.6491740587
   3.4500000000  -0.6491168076
   3.4750000000  -0.6490566102
   3.5000000000  -0.6489936519
   3.5250000000  -0.6489281117
   3.5500000000  -0.6488601616
   3.5750000000  -0.6487899673
   3.6000000000  -0.6487176881
   3.6250000000  -0.6486434772
   3.6500000000  -0.6485674816
   3.6750000000  -0.6484898425
   3.7000000000  -0.6484106957
   3.7250000000  -0.6483301714
   3.7500000000  -0.6482483945
   3.7750000000  -0.6481654851
   3.8000000000  -0.6480815585
   3.8250000000  -0.6479967250
   3.8500000000  -0.6479110910
   3.8750000000  -0.6478247583
   3.9000000000  -0.6477378247
   3.9250000000  -0.6476503842
   3.9500000000  -0.6475625270
   3.9750000000  -0.6474743396
   4.0000000000  -0.6473859053
   4.0250000000  -0.6472973040
   4.0500000000  -0.6472086123
   4.0750000000  -0.6471199040
   4.1000000000  -0.6470312498
   4.1250000000  -0.6469427177
   4.1500000000  -0.6468543727
   4.1750000000  -0.6467662776
   4.2000000000  -0.6466784923
   4.2250000000  -0.6465910743
   4.2500000000  -0.6465040789
   4.2750000000  -0.6464175589
   4.3000000000  -0.6463315647
   4.3250000000  -0.6462461448
   4.3500000000  -0.6461613454
   4.3750000000  -0.6460772106
   4.4000000000  -0.6459937823
   4.4250000000  -0.6459111005
   4.4500000000  -0.6458292033
   4.4750000000  -0.6457481266
   4.5000000000  -0.6456679046
   4.5250000000  -0.6455885695
   4.5500000000  -0.6455101517
   4.5750000000  -0.6454326797
   4.6000000000  -0.6453561801
   4.6250000000  -0.6452806780
   4.6500000000  -0.6452061964
   4.6750000000  -0.6451327567
   4.7000000000  -0.6450603788
   4.7250000000  -0.6449890806
   4.7500000000  -0.6449188784
   4.7750000000  -0.6448497872
   4.8000000000  -0.6447818199
   4.8250000000  -0.6447149881
   4.8500000000  -0.6446493020
   4.8750000000  -0.6445847700
   4.9000000000  -0.6445213992
   4.9250000000  -0.6444591951
   4.9500000000  -0.6443981620
   4.9750000000  -0.6443383028
   5.0000000000  -0.6442796189
