   0.0000000000  -0.8447842552
   0.0250000000  -0.8442567045
   0.0500000000  -0.8426809618
   0.0750000000  -0.8400753632
   0.1000000000  -0.8364703978
   0.1250000000  -0.8319079868
   0.1500000000  -0.8264407424
   0.1750000000  -0.8201310469
   0.2000000000  -0.8130499736
   0.2250000000  -0.8052760744
   0.2500000000  -0.7968940641
   0.2750000000  -0.7879934291
   0.3000000000  -0.7786669936
   0.3250000000  -0.7690094718
   0.3500000000  -0.7591160386
   0.3750000000  -0.7490809445
   0.4000000000  -0.7389962037
   0.4250000000  -0.7289503756
   0.4500000000  -0.7190274620
   0.4750000000  -0.7093059349
   0.5000000000  -0.6998579072
   0.5250000000  -0.6907484551
   0.5500000000  -0.6820350964
   0.5750000000  -0.6737674249
   0.6000000000  -0.6659868995
   0.6250000000  -0.6587267797
   0.6500000000  -0.6520122010
   0.6750000000  -0.6458603779
   0.7000000000  -0.6402809211
   0.7250000000  -0.6352762561
   0.7500000000  -0.6308421258
   0.7750000000  -0.6269681623
   0.8000000000  -0.6236385127
   0.8250000000  -0.6208325008
   0.8500000000  -0.6185253118
   0.8750000000  -0.6166886851
   0.9000000000  -0.6152916016
   0.9250000000  -0.6143009538
   0.9500000000  -0.6136821895
   0.9750000000  -0.6133999185
   1.0000000000  -0.6134184760
   1.0250000000  -0.6137024373
   1.0500000000  -0.6142170783
   1.0750000000  -0.6149287806
   1.1000000000  -0.6158053783
   1.1250000000  -0.6168164473
   1.1500000000  -0.6179335380
   1.1750000000  -0.6191303522
   1.2000000000  -0.6203828687
   1.2250000000  -0.6216694192
   1.2500000000  -0.6229707199
   1.2750000000  -0.6242698624
   1.3000000000  -0.6255522683
   1.3250000000  -0.6268056133
   1.3500000000  -0.6280197241
   1.3750000000  -0.6291864545
   1.4000000000  -0.6302995440
   1.4250000000  -0.6313544639
   1.4500000000  -0.6323482544
   1.4750000000  -0.6332793578
   1.5000000000  -0.6341474493
   1.5250000000  -0.6349532700
   1.5500000000  -0.6356984642
   1.5750000000  -0.6363854227
   1.6000000000  -0.6370171353
   1.6250000000  -0.6375970517
   1.6500000000  -0.6381289548
   1.6750000000  -0.6386168449
   1.7000000000  -0.6390648360
   1.7250000000  -0.6394770646
   1.7500000000  -0.6398576106
   1.7750000000  -0.6402104308
   1.8000000000  -0.6405393030
   1.8250000000  -0.6408477816
   1.8500000000  -0.6411391638
   1.8750000000  -0.6414164643
   1.9000000000  -0.6416823992
   1.9250000000  -0.6419393779
   1.9500000000  -0.6421895008
   1.9750000000  -0.6424345638
   2.0000000000  -0.6426760669
   2.0250000000  -0.6429152281
   2.0500000000  -0.6431529991
   2.0750000000  -0.6433900848
   2.1000000000  -0.6436269640
   2.1250000000  -0.6438639116
   2.1500000000  -0.6441010211
   2.1750000000  -0.6443382276
   2.2000000000  -0.6445753305
   2.2250000000  -0.6448120155
   2.2500000000  -0.6450478754
   2.2750000000  -0.6452824301
   2.3000000000  -0.6455151452
   2.3250000000  -0.6457454489
   2.3500000000  -0.6459727474
   2.3750000000  -0.6461964388
   2.4000000000  -0.6464159251
   2.4250000000  -0.6466306230
   2.4500000000  -0.6468399724
   2.4750000000  -0.6470434445
   2.5000000000  -0.6472405471
   2.5250000000  -0.6474308298
   2.5500000000  -0.6476138870
   2.5750000000  -0.6477893607
   2.6000000000  -0.6479569415
   2.6250000000  -0.6481163691
   2.6500000000  -0.6482674319
   2.6750000000  -0.6484099661
   2.7000000000  -0.6485438541
   2.7250000000  -0.6486690225
   2.7500000000  -0.6487854395
   2.7750000000  -0.6488931125
   2.8000000000  -0.6489920852
   2.8250000000  -0.6490824342
   2.8500000000  -0.6491642665
   2.8750000000  -0.6492377160
   2.9000000000  -0.6493029406
   2.9250000000  -0.6493601190
   2.9500000000  -0.6494094482
   2.9750000000  -0.6494511405
   3.0000000000  -0.6494854206
   3.0250000000  -0.6495125239
   3.0500000000  -0.6495326935
   3.0750000000  -0.6495461785
   3.1000000000  -0.6495532319
   3.1250000000  -0.6495541092
   3.1500000000  -0.6495490664
   3.1750000000  -0.6495383589
   3.2000000000  -0.6495222405
   3.2250000000  -0.6495009619
   3.2500000000  -0.6494747702
   3.2750000000  -0.6494439077
   3.3000000000  -0.6494086119
   3.3250000000  -0.6493691145
   3.3500000000  -0.6493256412
   3.3750000000  -0.6492784112
   3.4000000000  -0.6492276373
   3.4250000000  -0.6491735255
   3.4500000000  -0.6491162749
   3.4750000000  -0.6490560780
   3.5000000000  -0.6489931203
   3.5250000000  -0.6489275806
   3.5500000000  -0.6488596311
   3.5750000000  -0.6487894374
   3.6000000000  -0.6487171588
   3.6250000000  -0.6486429485
   3.6500000000  -0.6485669535
   3.6750000000  -0.6484893151
   3.7000000000  -0.6484101689
   3.7250000000  -0.6483296452
   3.7500000000  -0.6482478690
   3.7750000000  -0.6481649603
   3.8000000000  -0.6480810342
   3.8250000000  -0.6479962015
   3.8500000000  -0.6479105681
   3.8750000000  -0.6478242360
   3.9000000000  -0.6477373031
   3.9250000000  -0.6476498633
   3.9500000000  -0.6475620067
   3.9750000000  -0.6474738200
   4.0000000000  -0.6473853864
   4.0250000000  -0.6472967857
   4.0500000000  -0.6472080947
   4.0750000000  -0.6471193871
   4.1000000000  -0.6470307335
   4.1250000000  -0.6469422020
   4.1500000000  -0.6468538578
   4.1750000000  -0.6467657633
   4.2000000000  -0.6466779786
   4.2250000000  -0.6465905613
   4.2500000000  -0.6465035665
   4.2750000000  -0.6464170471
   4.3000000000  -0.6463310536
   4.3250000000  -0.6462456343
   4.3500000000  -0.6461608356
   4.3750000000  -0.6460767013
   4.4000000000  -0.6459932736
   4.4250000000  -0.6459105924
   4.4500000000  -0.6458286958
   4.4750000000  -0.6457476197
   4.5000000000  -0.6456673983
   4.5250000000  -0.6455880638
   4.5500000000  -0.6455096465
   4.5750000000  -0.6454321750
   4.6000000000  -0.6453556760
   4.6250000000  -0.6452801744
   4.6500000000  -0.6452056933
   4.6750000000  -0.6451322541
   4.7000000000  -0.6450598767
   4.7250000000  -0.6449885790
   4.7500000000  -0.6449183773
   4.7750000000  -0.6448492865
   4.8000000000  -0.6447813197
   4.8250000000  -0.6447144884
   4.8500000000  -0.6446488027
   4.8750000000  -0.6445842711
   4.9000000000  -0.6445209007
   4.9250000000  -0.6444586970
   4.9500000000  -0.6443976643
   4.9750000000  -0.6443378054
   5.0000000000  -0.6442791219
