   0.0000000000  -0.8447837376
   0.0250000000  -0.8442563657
   0.0500000000  -0.8426806239
   0.0750000000  -0.8400750266
   0.1000000000  -0.8364700631
   0.1250000000  -0.8319076545
   0.1500000000  -0.8264404129
   0.1750000000  -0.8201307209
   0.2000000000  -0.8130496514
   0.2250000000  -0.8052757565
   0.2500000000  -0.7968937508
   0.2750000000  -0.7879931209
   0.3000000000  -0.7786666907
   0.3250000000  -0.7690091746
   0.3500000000  -0.7591157473
   0.3750000000  -0.7490806595
   0.4000000000  -0.7389959250
   0.4250000000  -0.7289501035
   0.4500000000  -0.7190271967
   0.4750000000  -0.7093056764
   0.5000000000  -0.6998576556
   0.5250000000  -0.6907482105
   0.5500000000  -0.6820348587
   0.5750000000  -0.6737671943
   0.6000000000  -0.6659866758
   0.6250000000  -0.6587265629
   0.6500000000  -0.6520119910
   0.6750000000  -0.6458601746
   0.7000000000  -0.6402807244
   0.7250000000  -0.6352760659
   0.7500000000  -0.6308419419
   0.7750000000  -0.6269679846
   0.8000000000  -0.6236383410
   0.8250000000  -0.6208323349
   0.8500000000  -0.6185251516
   0.8750000000  -0.6166885304
   0.9000000000  -0.6152914522
   0.9250000000  -0.6143008095
   0.9500000000  -0.6136820502
   0.9750000000  -0.6133997839
   1.0000000000  -0.6134183460
   1.0250000000  -0.6137023116
   1.0500000000  -0.6142169569
   1.0750000000  -0.6149286632
   1.1000000000  -0.6158052647
   1.1250000000  -0.6168163374
   1.1500000000  -0.6179334316
   1.1750000000  -0.6191302491
   1.2000000000  -0.6203827688
   1.2250000000  -0.6216693223
   1.2500000000  -0.6229706260
   1.2750000000  -0.6242697712
   1.3000000000  -0.6255521798
   1.3250000000  -0.6268055273
   1.3500000000  -0.6280196404
   1.3750000000  -0.6291863731
   1.4000000000  -0.6302994648
   1.4250000000  -0.6313543868
   1.4500000000  -0.6323481793
   1.4750000000  -0.6332792845
   1.5000000000  -0.6341473777
   1.5250000000  -0.6349532001
   1.5500000000  -0.6356983959
   1.5750000000  -0.6363853560
   1.6000000000  -0.6370170700
   1.6250000000  -0.6375969878
   1.6500000000  -0.6381288923
   1.6750000000  -0.6386167837
   1.7000000000  -0.6390647760
   1.7250000000  -0.6394770057
   1.7500000000  -0.6398575528
   1.7750000000  -0.6402103741
   1.8000000000  -0.6405392472
   1.8250000000  -0.6408477269
   1.8500000000  -0.6411391100
   1.8750000000  -0.6414164113
   1.9000000000  -0.6416823471
   1.9250000000  -0.6419393267
   1.9500000000  -0.6421894504
   1.9750000000  -0.6424345141
   2.0000000000  -0.6426760180
   2.0250000000  -0.6429151799
   2.0500000000  -0.6431529516
   2.0750000000  -0.6433900380
   2.1000000000  -0.6436269179
   2.1250000000  -0.6438638661
   2.1500000000  -0.6441009762
   2.1750000000  -0.6443381833
   2.2000000000  -0.6445752869
   2.2250000000  -0.6448119725
   2.2500000000  -0.6450478329
   2.2750000000  -0.6452823882
   2.3000000000  -0.6455151039
   2.3250000000  -0.6457454081
   2.3500000000  -0.6459727072
   2.3750000000  -0.6461963991
   2.4000000000  -0.6464158859
   2.4250000000  -0.6466305843
   2.4500000000  -0.6468399343
   2.4750000000  -0.6470434069
   2.5000000000  -0.6472405100
   2.5250000000  -0.6474307931
   2.5500000000  -0.6476138508
   2.5750000000  -0.6477893251
   2.6000000000  -0.6479569063
   2.6250000000  -0.6481163344
   2.6500000000  -0.6482673976
   2.6750000000  -0.6484099323
   2.7000000000  -0.6485438208
   2.7250000000  -0.6486689896
   2.7500000000  -0.6487854071
   2.7750000000  -0.6488930806
   2.8000000000  -0.6489920537
   2.8250000000  -0.6490824032
   2.8500000000  -0.6491642359
   2.8750000000  -0.6492376859
   2.9000000000  -0.6493029109
   2.9250000000  -0.6493600897
   2.9500000000  -0.6494094194
   2.9750000000  -0.6494511120
   3.0000000000  -0.6494853926
   3.0250000000  -0.6495124963
   3.0500000000  -0.6495326663
   3.0750000000  -0.6495461517
   3.1000000000  -0.6495532056
   3.1250000000  -0.6495540832
   3.1500000000  -0.6495490408
   3.1750000000  -0.6495383338
   3.2000000000  -0.6495222158
   3.2250000000  -0.6495009375
   3.2500000000  -0.6494747462
   3.2750000000  -0.6494438841
   3.3000000000  -0.6494085886
   3.3250000000  -0.6493690916
   3.3500000000  -0.6493256186
   3.3750000000  -0.6492783890
   3.4000000000  -0.6492276154
   3.4250000000  -0.6491735040
   3.4500000000  -0.6491162538
   3.4750000000  -0.6490560572
   3.5000000000  -0.6489930998
   3.5250000000  -0.6489275605
   3.5500000000  -0.6488596112
   3.5750000000  -0.6487894179
   3.6000000000  -0.6487171396
   3.6250000000  -0.6486429296
   3.6500000000  -0.6485669349
   3.6750000000  -0.6484892967
   3.7000000000  -0.6484101509
   3.7250000000  -0.6483296274
   3.7500000000  -0.6482478515
   3.7750000000  -0.6481649431
   3.8000000000  -0.6480810173
   3.8250000000  -0.6479961848
   3.8500000000  -0.6479105517
   3.8750000000  -0.6478242199
   3.9000000000  -0.6477372873
   3.9250000000  -0.6476498477
   3.9500000000  -0.6475619913
   3.9750000000  -0.6474738049
   4.0000000000  -0.6473853715
   4.0250000000  -0.6472967710
   4.0500000000  -0.6472080803
   4.0750000000  -0.6471193729
   4.1000000000  -0.6470307196
   4.1250000000  -0.6469421883
   4.1500000000  -0.6468538442
   4.1750000000  -0.6467657499
   4.2000000000  -0.6466779655
   4.2250000000  -0.6465905484
   4.2500000000  -0.6465035538
   4.2750000000  -0.6464170346
   4.3000000000  -0.6463310413
   4.3250000000  -0.6462456222
   4.3500000000  -0.6461608236
   4.3750000000  -0.6460766896
   4.4000000000  -0.6459932620
   4.4250000000  -0.6459105810
   4.4500000000  -0.6458286846
   4.4750000000  -0.6457476087
   4.5000000000  -0.6456673874
   4.5250000000  -0.6455880531
   4.5500000000  -0.6455096360
   4.5750000000  -0.6454321647
   4.6000000000  -0.6453556658
   4.6250000000  -0.6452801643
   4.6500000000  -0.6452056834
   4.6750000000  -0.6451322444
   4.7000000000  -0.6450598671
   4.7250000000  -0.6449885695
   4.7500000000  -0.6449183680
   4.7750000000  -0.6448492774
   4.8000000000  -0.6447813107
   4.8250000000  -0.6447144795
   4.8500000000  -0.6446487939
   4.8750000000  -0.6445842625
   4.9000000000  -0.6445208922
   4.9250000000  -0.6444586887
   4.9500000000  -0.6443976561
   4.9750000000  -0.6443377974
   5.0000000000  -0.6442791140
