   0.0000000000  -0.8447842552
   0.0250000000  -0.8447836059
   0.0500000000  -0.8447824465
   0.0750000000  -0.8447806147
   0.1000000000  -0.8447781387
   0.1250000000  -0.8447750615
   0.1500000000  -0.8447714451
   0.1750000000  -0.8447673751
   0.2000000000  -0.8447629658
   0.2250000000  -0.8447583659
   0.2500000000  -0.8447537640
   0.2750000000  -0.8447493938
   0.3000000000  -0.8447455390
   0.3250000000  -0.8447425362
   0.3500000000  -0.8447407775
   0.3750000000  -0.8447407108
   0.4000000000  -0.8447428380
   0.4250000000  -0.8447477117
   0.4500000000  -0.8447559285
   0.4750000000  -0.8447681210
   0.5000000000  -0.8447849471
   0.5250000000  -0.8448070769
   0.5500000000  -0.8448351780
   0.5750000000  -0.8448698993
   0.6000000000  -0.8449118536
   0.6250000000  -0.8449616000
   0.6500000000  -0.8450196256
   0.6750000000  -0.8450863285
   0.7000000000  -0.8451620021
   0.7250000000  -0.8452468202
   0.7500000000  -0.8453408257
   0.7750000000  -0.8454439212
   0.8000000000  -0.8455558635
   0.8250000000  -0.8456762603
   0.8500000000  -0.8458045725
   0.8750000000  -0.8459401181
   0.9000000000  -0.8460820812
   0.9250000000  -0.8462295236
   0.9500000000  -0.8463814000
   0.9750000000  -0.8465365754
   1.0000000000  -0.8466938456
   1.0250000000  -0.8468519581
   1.0500000000  -0.8470096358
   1.0750000000  -0.8471655998
   1.1000000000  -0.8473185929
   1.1250000000  -0.8474674023
   1.1500000000  -0.8476108812
   1.1750000000  -0.8477479683
   1.2000000000  -0.8478777056
   1.2250000000  -0.8479992538
   1.2500000000  -0.8481119041
   1.2750000000  -0.8482150880
   1.3000000000  -0.8483083835
   1.3250000000  -0.8483915180
   1.3500000000  -0.8484643684
   1.3750000000  -0.8485269585
   1.4000000000  -0.8485794530
   1.4250000000  -0.8486221493
   1.4500000000  -0.8486554674
   1.4750000000  -0.8486799376
   1.5000000000  -0.8486961863
   1.5250000000  -0.8487049219
   1.5500000000  -0.8487069186
   1.5750000000  -0.8487030008
   1.6000000000  -0.8486940265
   1.6250000000  -0.8486808723
   1.6500000000  -0.8486644180
   1.6750000000  -0.8486455322
   1.7000000000  -0.8486250594
   1.7250000000  -0.8486038083
   1.7500000000  -0.8485825411
   1.7750000000  -0.8485619648
   1.8000000000  -0.8485427240
   1.8250000000  -0.8485253953
   1.8500000000  -0.8485104827
   1.8750000000  -0.8484984160
   1.9000000000  -0.8484895491
   1.9250000000  -0.8484841602
   1.9500000000  -0.8484824541
   1.9750000000  -0.8484845640
   2.0000000000  -0.8484905558
   2.0250000000  -0.8485004323
   2.0500000000  -0.8485141381
   2.0750000000  -0.8485315656
   2.1000000000  -0.8485525606
   2.1250000000  -0.8485769288
   2.1500000000  -0.8486044416
   2.1750000000  -0.8486348429
   2.2000000000  -0.8486678546
   2.2250000000  -0.8487031826
   2.2500000000  -0.8487405227
   2.2750000000  -0.8487795651
   2.3000000000  -0.8488199994
   2.3250000000  -0.8488615190
   2.3500000000  -0.8489038244
   2.3750000000  -0.8489466267
   2.4000000000  -0.8489896505
   2.4250000000  -0.8490326356
   2.4500000000  -0.8490753393
   2.4750000000  -0.8491175372
   2.5000000000  -0.8491590246
   2.5250000000  -0.8491996163
   2.5500000000  -0.8492391474
   2.5750000000  -0.8492774728
   2.6000000000  -0.8493144667
   2.6250000000  -0.8493500220
   2.6500000000  -0.8493840493
   2.6750000000  -0.8494164762
   2.7000000000  -0.8494472457
   2.7250000000  -0.8494763153
   2.7500000000  -0.8495036557
   2.7750000000  -0.8495292492
   2.8000000000  -0.8495530888
   2.8250000000  -0.8495751769
   2.8500000000  -0.8495955236
   2.8750000000  -0.8496141463
   2.9000000000  -0.8496310680
   2.9250000000  -0.8496463164
   2.9500000000  -0.8496599234
   2.9750000000  -0.8496719236
   3.0000000000  -0.8496823542
   3.0250000000  -0.8496912539
   3.0500000000  -0.8496986625
   3.0750000000  -0.8497046206
   3.1000000000  -0.8497091690
   3.1250000000  -0.8497123483
   3.1500000000  -0.8497141989
   3.1750000000  -0.8497147607
   3.2000000000  -0.8497140729
   3.2250000000  -0.8497121742
   3.2500000000  -0.8497091022
   3.2750000000  -0.8497048940
   3.3000000000  -0.8496995860
   3.3250000000  -0.8496932135
   3.3500000000  -0.8496858117
   3.3750000000  -0.8496774148
   3.4000000000  -0.8496680565
   3.4250000000  -0.8496577703
   3.4500000000  -0.8496465891
   3.4750000000  -0.8496345455
   3.5000000000  -0.8496216719
   3.5250000000  -0.8496080003
   3.5500000000  -0.8495935629
   3.5750000000  -0.8495783915
   3.6000000000  -0.8495625176
   3.6250000000  -0.8495459730
   3.6500000000  -0.8495287890
   3.6750000000  -0.8495109970
   3.7000000000  -0.8494926281
   3.7250000000  -0.8494737133
   3.7500000000  -0.8494542834
   3.7750000000  -0.8494343688
   3.8000000000  -0.8494139997
   3.8250000000  -0.8493932060
   3.8500000000  -0.8493720170
   3.8750000000  -0.8493504616
   3.9000000000  -0.8493285684
   3.9250000000  -0.8493063650
   3.9500000000  -0.8492838788
   3.9750000000  -0.8492611363
   4.0000000000  -0.8492381632
   4.0250000000  -0.8492149848
   4.0500000000  -0.8491916252
   4.0750000000  -0.8491681080
   4.1000000000  -0.8491444556
   4.1250000000  -0.8491206899
   4.1500000000  -0.8490968316
   4.1750000000  -0.8490729008
   4.2000000000  -0.8490489163
   4.2250000000  -0.8490248965
   4.2500000000  -0.8490008583
   4.2750000000  -0.8489768183
   4.3000000000  -0.8489527917
   4.3250000000  -0.8489287932
   4.3500000000  -0.8489048365
   4.3750000000  -0.8488809345
   4.4000000000  -0.8488570992
   4.4250000000  -0.8488333420
   4.4500000000  -0.8488096734
   4.4750000000  -0.8487861034
   4.5000000000  -0.8487626412
   4.5250000000  -0.8487392951
   4.5500000000  -0.8487160733
   4.5750000000  -0.8486929831
   4.6000000000  -0.8486700312
   4.6250000000  -0.8486472239
   4.6500000000  -0.8486245672
   4.6750000000  -0.8486020663
   4.7000000000  -0.8485797263
   4.7250000000  -0.8485575517
   4.7500000000  -0.8485355468
   4.7750000000  -0.8485137153
   4.8000000000  -0.8484920610
   4.8250000000  -0.8484705872
   4.8500000000  -0.8484492968
   4.8750000000  -0.8484281927
   4.9000000000  -0.8484072776
   4.9250000000  -0.8483865537
   4.9500000000  -0.8483660234
   4.9750000000  -0.8483456886
   5.0000000000  -0.8483255513
