   0.0000000000  -0.8447837376
   0.0250000000  -0.8447832672
   0.0500000000  -0.8447821086
   0.0750000000  -0.8447802782
   0.1000000000  -0.8447778040
   0.1250000000  -0.8447747292
   0.1500000000  -0.8447711157
   0.1750000000  -0.8447670491
   0.2000000000  -0.8447626436
   0.2250000000  -0.8447580480
   0.2500000000  -0.8447534507
   0.2750000000  -0.8447490856
   0.3000000000  -0.8447452361
   0.3250000000  -0.8447422389
   0.3500000000  -0.8447404862
   0.3750000000  -0.8447404257
   0.4000000000  -0.8447425594
   0.4250000000  -0.8447474396
   0.4500000000  -0.8447556631
   0.4750000000  -0.8447678625
   0.5000000000  -0.8447846955
   0.5250000000  -0.8448068323
   0.5500000000  -0.8448349403
   0.5750000000  -0.8448696686
   0.6000000000  -0.8449116299
   0.6250000000  -0.8449613831
   0.6500000000  -0.8450194155
   0.6750000000  -0.8450861251
   0.7000000000  -0.8451618053
   0.7250000000  -0.8452466299
   0.7500000000  -0.8453406417
   0.7750000000  -0.8454437435
   0.8000000000  -0.8455556917
   0.8250000000  -0.8456760944
   0.8500000000  -0.8458044123
   0.8750000000  -0.8459399634
   0.9000000000  -0.8460819318
   0.9250000000  -0.8462293793
   0.9500000000  -0.8463812606
   0.9750000000  -0.8465364408
   1.0000000000  -0.8466937155
   1.0250000000  -0.8468518324
   1.0500000000  -0.8470095143
   1.0750000000  -0.8471654823
   1.1000000000  -0.8473184793
   1.1250000000  -0.8474672924
   1.1500000000  -0.8476107748
   1.1750000000  -0.8477478652
   1.2000000000  -0.8478776058
   1.2250000000  -0.8479991570
   1.2500000000  -0.8481118102
   1.2750000000  -0.8482149969
   1.3000000000  -0.8483082950
   1.3250000000  -0.8483914320
   1.3500000000  -0.8484642848
   1.3750000000  -0.8485268772
   1.4000000000  -0.8485793738
   1.4250000000  -0.8486220722
   1.4500000000  -0.8486553923
   1.4750000000  -0.8486798643
   1.5000000000  -0.8486961148
   1.5250000000  -0.8487048521
   1.5500000000  -0.8487068504
   1.5750000000  -0.8487029341
   1.6000000000  -0.8486939612
   1.6250000000  -0.8486808085
   1.6500000000  -0.8486643555
   1.6750000000  -0.8486454709
   1.7000000000  -0.8486249994
   1.7250000000  -0.8486037494
   1.7500000000  -0.8485824833
   1.7750000000  -0.8485619081
   1.8000000000  -0.8485426683
   1.8250000000  -0.8485253405
   1.8500000000  -0.8485104289
   1.8750000000  -0.8484983631
   1.9000000000  -0.8484894970
   1.9250000000  -0.8484841090
   1.9500000000  -0.8484824036
   1.9750000000  -0.8484845143
   2.0000000000  -0.8484905069
   2.0250000000  -0.8485003841
   2.0500000000  -0.8485140906
   2.0750000000  -0.8485315188
   2.1000000000  -0.8485525145
   2.1250000000  -0.8485768833
   2.1500000000  -0.8486043968
   2.1750000000  -0.8486347986
   2.2000000000  -0.8486678109
   2.2250000000  -0.8487031396
   2.2500000000  -0.8487404802
   2.2750000000  -0.8487795231
   2.3000000000  -0.8488199580
   2.3250000000  -0.8488614781
   2.3500000000  -0.8489037841
   2.3750000000  -0.8489465870
   2.4000000000  -0.8489896113
   2.4250000000  -0.8490325969
   2.4500000000  -0.8490753011
   2.4750000000  -0.8491174996
   2.5000000000  -0.8491589874
   2.5250000000  -0.8491995796
   2.5500000000  -0.8492391112
   2.5750000000  -0.8492774371
   2.6000000000  -0.8493144315
   2.6250000000  -0.8493499872
   2.6500000000  -0.8493840150
   2.6750000000  -0.8494164424
   2.7000000000  -0.8494472124
   2.7250000000  -0.8494762824
   2.7500000000  -0.8495036232
   2.7750000000  -0.8495292172
   2.8000000000  -0.8495530573
   2.8250000000  -0.8495751458
   2.8500000000  -0.8495954930
   2.8750000000  -0.8496141162
   2.9000000000  -0.8496310383
   2.9250000000  -0.8496462871
   2.9500000000  -0.8496598945
   2.9750000000  -0.8496718952
   3.0000000000  -0.8496823262
   3.0250000000  -0.8496912263
   3.0500000000  -0.8496986353
   3.0750000000  -0.8497045939
   3.1000000000  -0.8497091426
   3.1250000000  -0.8497123223
   3.1500000000  -0.8497141733
   3.1750000000  -0.8497147355
   3.2000000000  -0.8497140481
   3.2250000000  -0.8497121497
   3.2500000000  -0.8497090782
   3.2750000000  -0.8497048704
   3.3000000000  -0.8496995627
   3.3250000000  -0.8496931906
   3.3500000000  -0.8496857892
   3.3750000000  -0.8496773926
   3.4000000000  -0.8496680347
   3.4250000000  -0.8496577488
   3.4500000000  -0.8496465679
   3.4750000000  -0.8496345247
   3.5000000000  -0.8496216514
   3.5250000000  -0.8496079802
   3.5500000000  -0.8495935431
   3.5750000000  -0.8495783719
   3.6000000000  -0.8495624984
   3.6250000000  -0.8495459541
   3.6500000000  -0.8495287704
   3.6750000000  -0.8495109787
   3.7000000000  -0.8494926101
   3.7250000000  -0.8494736956
   3.7500000000  -0.8494542659
   3.7750000000  -0.8494343516
   3.8000000000  -0.8494139828
   3.8250000000  -0.8493931893
   3.8500000000  -0.8493720006
   3.8750000000  -0.8493504455
   3.9000000000  -0.8493285525
   3.9250000000  -0.8493063494
   3.9500000000  -0.8492838634
   3.9750000000  -0.8492611211
   4.0000000000  -0.8492381483
   4.0250000000  -0.8492149701
   4.0500000000  -0.8491916108
   4.0750000000  -0.8491680938
   4.1000000000  -0.8491444416
   4.1250000000  -0.8491206761
   4.1500000000  -0.8490968181
   4.1750000000  -0.8490728874
   4.2000000000  -0.8490489032
   4.2250000000  -0.8490248835
   4.2500000000  -0.8490008456
   4.2750000000  -0.8489768058
   4.3000000000  -0.8489527794
   4.3250000000  -0.8489287811
   4.3500000000  -0.8489048246
   4.3750000000  -0.8488809227
   4.4000000000  -0.8488570876
   4.4250000000  -0.8488333306
   4.4500000000  -0.8488096622
   4.4750000000  -0.8487860924
   4.5000000000  -0.8487626303
   4.5250000000  -0.8487392845
   4.5500000000  -0.8487160628
   4.5750000000  -0.8486929727
   4.6000000000  -0.8486700210
   4.6250000000  -0.8486472139
   4.6500000000  -0.8486245573
   4.6750000000  -0.8486020566
   4.7000000000  -0.8485797167
   4.7250000000  -0.8485575423
   4.7500000000  -0.8485355375
   4.7750000000  -0.8485137062
   4.8000000000  -0.8484920520
   4.8250000000  -0.8484705783
   4.8500000000  -0.8484492881
   4.8750000000  -0.8484281842
   4.9000000000  -0.8484072691
   4.9250000000  -0.8483865454
   4.9500000000  -0.8483660152
   4.9750000000  -0.8483456806
   5.0000000000  -0.8483255434
