   0.0000000000  -0.0000000000  -1.0000000000   0.0000000000   0.0000000000
   0.0250000000   0.0000000000  -0.9999219669   0.0000000000   0.0062426505
   0.0500000000  -0.0000000000  -0.9996882343  -0.0000000000   0.0124559581
   0.0750000000  -0.0000000000  -0.9992998998  -0.0000000000   0.0186108018
   0.1000000000  -0.0000000000  -0.9987587835  -0.0000000000   0.0246785019
   0.1250000000  -0.0000000000  -0.9980674143  -0.0000000000   0.0306310349
   0.1500000000  -0.0000000000  -0.9972290108  -0.0000000000   0.0364412414
   0.1750000000  -0.0000000000  -0.9962474575  -0.0000000000   0.0420830245
   0.2000000000  -0.0000000000  -0.9951272755  -0.0000000000   0.0475315376
   0.2250000000  -0.0000000000  -0.9938735893  -0.0000000000   0.0527633583
   0.2500000000  -0.0000000000  -0.9924920892  -0.0000000000   0.0577566489
   0.2750000000  -0.0000000000  -0.9909889898  -0.0000000000   0.0624912986
   0.3000000000  -0.0000000000  -0.9893709855  -0.0000000000   0.0669490507
   0.3250000000  -0.0000000000  -0.9876452022  -0.0000000000   0.0711136087
   0.3500000000  -0.0000000000  -0.9858191480  -0.0000000000   0.0749707255
   0.3750000000  -0.0000000000  -0.9839006606  -0.0000000000   0.0785082708
   0.4000000000  -0.0000000000  -0.9818978537  -0.0000000000   0.0817162794
   0.4250000000  -0.0000000000  -0.9798190630  -0.0000000000   0.0845869795
   0.4500000000  -0.0000000000  -0.9776727907  -0.0000000000   0.0871148005
   0.4750000000  -0.0000000000  -0.9754676512  -0.0000000000   0.0892963614
   0.5000000000  -0.0000000000  -0.9732123162  -0.0000000000   0.0911304410
   0.5250000000  -0.0000000000  -0.9709154615  -0.0000000000   0.0926179297
   0.5500000000  -0.0000000000  -0.9685857154  -0.0000000000   0.0937617643
   0.5750000000  -0.0000000000  -0.9662316077  -0.0000000000   0.0945668474
   0.6000000000  -0.0000000000  -0.9638615227  -0.0000000000   0.0950399524
   0.6250000000  -0.0000000000  -0.9614836531  -0.0000000000   0.0951896156
   0.6500000000  -0.0000000000  -0.9591059577  -0.0000000000   0.0950260170
   0.6750000000  -0.0000000000  -0.9567361218  -0.0000000000   0.0945608513
   0.7000000000  -0.0000000000  -0.9543815213  -0.0000000000   0.0938071906
   0.7250000000  -0.0000000000  -0.9520491897  -0.0000000000   0.0927793415
   0.7500000000  -0.0000000000  -0.9497457892  -0.0000000000   0.0914926965
   0.7750000000  -0.0000000000  -0.9474775857  -0.0000000000   0.0899635826
   0.8000000000  -0.0000000000  -0.9452504271  -0.0000000000   0.0882091088
   0.8250000000  -0.0000000000  -0.9430697255  -0.0000000000   0.0862470130
   0.8500000000  -0.0000000000  -0.9409404440  -0.0000000000   0.0840955107
   0.8750000000  -0.0000000000  -0.9388670858  -0.0000000000   0.0817731464
   0.9000000000  -0.0000000000  -0.9368536883  -0.0000000000   0.0792986492
   0.9250000000  -0.0000000000  -0.9349038203  -0.0000000000   0.0766907935
   0.9500000000  -0.0000000000  -0.9330205821  -0.0000000000   0.0739682660
   0.9750000000  -0.0000000000  -0.9312066095  -0.0000000000   0.0711495399
   1.0000000000  -0.0000000000  -0.9294640808  -0.0000000000   0.0682527570
   1.0250000000  -0.0000000000  -0.9277947261  -0.0000000000   0.0652956181
   1.0500000000  -0.0000000000  -0.9261998398  -0.0000000000   0.0622952837
   1.0750000000  -0.0000000000  -0.9246802952  -0.0000000000   0.0592682823
   1.1000000000  -0.0000000000  -0.9232365613  -0.0000000000   0.0562304307
   1.1250000000  -0.0000000000  -0.9218687214  -0.0000000000   0.0531967621
   1.1500000000  -0.0000000000  -0.9205764936  -0.0000000000   0.0501814664
   1.1750000000  -0.0000000000  -0.9193592522  -0.0000000000   0.0471978387
   1.2000000000  -0.0000000000  -0.9182160513  -0.0000000000   0.0442582386
   1.2250000000  -0.0000000000  -0.9171456476  -0.0000000000   0.0413740593
   1.2500000000  -0.0000000000  -0.9161465255  -0.0000000000   0.0385557052
   1.2750000000  -0.0000000000  -0.9152169219  -0.0000000000   0.0358125792
   1.3000000000  -0.0000000000  -0.9143548512  -0.0000000000   0.0331530780
   1.3250000000  -0.0000000000  -0.9135581303  -0.0000000000   0.0305845961
   1.3500000000  -0.0000000000  -0.9128244036  -0.0000000000   0.0281135365
   1.3750000000  -0.0000000000  -0.9121511678  -0.0000000000   0.0257453286
   1.4000000000  -0.0000000000  -0.9115357956  -0.0000000000   0.0234844528
   1.4250000000  -0.0000000000  -0.9109755590  -0.0000000000   0.0213344705
   1.4500000000  -0.0000000000  -0.9104676524  -0.0000000000   0.0192980589
   1.4750000000  -0.0000000000  -0.9100092135  -0.0000000000   0.0173770508
   1.5000000000  -0.0000000000  -0.9095973444  -0.0000000000   0.0155724779
   1.5250000000  -0.0000000000  -0.9092291307  -0.0000000000   0.0138846178
   1.5500000000  -0.0000000000  -0.9089016600  -0.0000000000   0.0123130426
   1.5750000000  -0.0000000000  -0.9086120386  -0.0000000000   0.0108566706
   1.6000000000  -0.0000000000  -0.9083574074  -0.0000000000   0.0095138191
   1.6250000000  -0.0000000000  -0.9081349565  -0.0000000000   0.0082822579
   1.6500000000  -0.0000000000  -0.9079419375  -0.0000000000   0.0071592633
   1.6750000000  -0.0000000000  -0.9077756758  -0.0000000000   0.0061416726
   1.7000000000  -0.0000000000  -0.9076335806  -0.0000000000   0.0052259374
   1.7250000000  -0.0000000000  -0.9075131542  -0.0000000000   0.0044081762
   1.7500000000  -0.0000000000  -0.9074119992  -0.0000000000   0.0036842262
   1.7750000000  -0.0000000000  -0.9073278252  -0.0000000000   0.0030496931
   1.8000000000  -0.0000000000  -0.9072584541  -0.0000000000   0.0024999986
   1.8250000000  -0.0000000000  -0.9072018237  -0.0000000000   0.0020304271
   1.8500000000  -0.0000000000  -0.9071559913  -0.0000000000   0.0016361686
   1.8750000000  -0.0000000000  -0.9071191347  -0.0000000000   0.0013123598
   1.9000000000  -0.0000000000  -0.9070895537  -0.0000000000   0.0010541225
   1.9250000000  -0.0000000000  -0.9070656696  -0.0000000000   0.0008565990
   1.9500000000  -0.0000000000  -0.9070460248  -0.0000000000   0.0007149849
   1.9750000000  -0.0000000000  -0.9070292805  -0.0000000000   0.0006245583
   2.0000000000  -0.0000000000  -0.9070142147  -0.0000000000   0.0005807069
   2.0250000000  -0.0000000000  -0.9069997190  -0.0000000000   0.0005789516
   2.0500000000  -0.0000000000  -0.9069847950  -0.0000000000   0.0006149674
   2.0750000000  -0.0000000000  -0.9069685504  -0.0000000000   0.0006846011
   2.1000000000  -0.0000000000  -0.9069501943  -0.0000000000   0.0007838866
   2.1250000000  -0.0000000000  -0.9069290325  -0.0000000000   0.0009090571
   2.1500000000  -0.0000000000  -0.9069044624  -0.0000000000   0.0010565552
   2.1750000000  -0.0000000000  -0.9068759674  -0.0000000000   0.0012230399
   2.2000000000  -0.0000000000  -0.9068431120  -0.0000000000   0.0014053914
   2.2250000000  -0.0000000000  -0.9068055357  -0.0000000000   0.0016007143
   2.2500000000  -0.0000000000  -0.9067629476  -0.0000000000   0.0018063379
   2.2750000000  -0.0000000000  -0.9067151206  -0.0000000000   0.0020198148
   2.3000000000  -0.0000000000  -0.9066618865  -0.0000000000   0.0022389184
   2.3250000000  -0.0000000000  -0.9066031295  -0.0000000000   0.0024616380
   2.3500000000  -0.0000000000  -0.9065387819  -0.0000000000   0.0026861731
   2.3750000000  -0.0000000000  -0.9064688181  -0.0000000000   0.0029109260
   2.4000000000  -0.0000000000  -0.9063932504  -0.0000000000   0.0031344937
   2.4250000000  -0.0000000000  -0.9063121235  -0.0000000000   0.0033556588
   2.4500000000  -0.0000000000  -0.9062255105  -0.0000000000   0.0035733797
   2.4750000000  -0.0000000000  -0.9061335085  -0.0000000000   0.0037867800
   2.5000000000  -0.0000000000  -0.9060362345  -0.0000000000   0.0039951377
   2.5250000000  -0.0000000000  -0.9059338219  -0.0000000000   0.0041978740
   2.5500000000  -0.0000000000  -0.9058264167  -0.0000000000   0.0043945420
   2.5750000000  -0.0000000000  -0.9057141747  -0.0000000000   0.0045848155
   2.6000000000  -0.0000000000  -0.9055972586  -0.0000000000   0.0047684770
   2.6250000000  -0.0000000000  -0.9054758350  -0.0000000000   0.0049454073
   2.6500000000  -0.0000000000  -0.9053500728  -0.0000000000   0.0051155742
   2.6750000000  -0.0000000000  -0.9052201403  -0.0000000000   0.0052790219
   2.7000000000  -0.0000000000  -0.9050862043  -0.0000000000   0.0054358609
   2.7250000000  -0.0000000000  -0.9049484278  -0.0000000000   0.0055862584
   2.7500000000  -0.0000000000  -0.9048069692  -0.0000000000   0.0057304289
   2.7750000000  -0.0000000000  -0.9046619810  -0.0000000000   0.0058686256
   2.8000000000  -0.0000000000  -0.9045136090  -0.0000000000   0.0060011324
   2.8250000000  -0.0000000000  -0.9043619917  -0.0000000000   0.0061282565
   2.8500000000  -0.0000000000  -0.9042072594  -0.0000000000   0.0062503213
   2.8750000000  -0.0000000000  -0.9040495347  -0.0000000000   0.0063676607
   2.9000000000  -0.0000000000  -0.9038889312  -0.0000000000   0.0064806130
   2.9250000000  -0.0000000000  -0.9037255546  -0.0000000000   0.0065895160
   2.9500000000  -0.0000000000  -0.9035595019  -0.0000000000   0.0066947029
   2.9750000000  -0.0000000000  -0.9033908619  -0.0000000000   0.0067964983
   3.0000000000  -0.0000000000  -0.9032197155  -0.0000000000   0.0068952151
   3.0250000000  -0.0000000000  -0.9030461359  -0.0000000000   0.0069911515
   3.0500000000  -0.0000000000  -0.9028701891  -0.0000000000   0.0070845891
   3.0750000000  -0.0000000000  -0.9026919344  -0.0000000000   0.0071757909
   3.1000000000  -0.0000000000  -0.9025114245  -0.0000000000   0.0072650003
   3.1250000000  -0.0000000000  -0.9023287065  -0.0000000000   0.0073524398
   3.1500000000  -0.0000000000  -0.9021438221  -0.0000000000   0.0074383104
   3.1750000000  -0.0000000000  -0.9019568083  -0.0000000000   0.0075227920
   3.2000000000  -0.0000000000  -0.9017676979  -0.0000000000   0.0076060424
   3.2250000000  -0.0000000000  -0.9015765199  -0.0000000000   0.0076881985
   3.2500000000  -0.0000000000  -0.9013833002  -0.0000000000   0.0077693764
   3.2750000000  -0.0000000000  -0.9011880621  -0.0000000000   0.0078496717
   3.3000000000  -0.0000000000  -0.9009908267  -0.0000000000   0.0079291612
   3.3250000000  -0.0000000000  -0.9007916134  -0.0000000000   0.0080079030
   3.3500000000  -0.0000000000  -0.9005904404  -0.0000000000   0.0080859382
   3.3750000000  -0.0000000000  -0.9003873250  -0.0000000000   0.0081632914
   3.4000000000  -0.0000000000  -0.9001822842  -0.0000000000   0.0082399724
   3.4250000000  -0.0000000000  -0.8999753348  -0.0000000000   0.0083159771
   3.4500000000  -0.0000000000  -0.8997664940  -0.0000000000   0.0083912890
   3.4750000000  -0.0000000000  -0.8995557794  -0.0000000000   0.0084658799
   3.5000000000  -0.0000000000  -0.8993432095  -0.0000000000   0.0085397117
   3.5250000000  -0.0000000000  -0.8991288039  -0.0000000000   0.0086127372
   3.5500000000  -0.0000000000  -0.8989125834  -0.0000000000   0.0086849015
   3.5750000000  -0.0000000000  -0.8986945704  -0.0000000000   0.0087561428
   3.6000000000  -0.0000000000  -0.8984747887  -0.0000000000   0.0088263937
   3.6250000000  -0.0000000000  -0.8982532640  -0.0000000000   0.0088955822
   3.6500000000  -0.0000000000  -0.8980300238  -0.0000000000   0.0089636328
   3.6750000000  -0.0000000000  -0.8978050975  -0.0000000000   0.0090304671
   3.7000000000  -0.0000000000  -0.8975785166  -0.0000000000   0.0090960048
   3.7250000000  -0.0000000000  -0.8973503145  -0.0000000000   0.0091601648
   3.7500000000  -0.0000000000  -0.8971205266  -0.0000000000   0.0092228654
   3.7750000000  -0.0000000000  -0.8968891905  -0.0000000000   0.0092840257
   3.8000000000  -0.0000000000  -0.8966563456  -0.0000000000   0.0093435658
   3.8250000000  -0.0000000000  -0.8964220334  -0.0000000000   0.0094014074
   3.8500000000  -0.0000000000  -0.8961862974  -0.0000000000   0.0094574747
   3.8750000000  -0.0000000000  -0.8959491828  -0.0000000000   0.0095116947
   3.9000000000  -0.0000000000  -0.8957107366  -0.0000000000   0.0095639978
   3.9250000000  -0.0000000000  -0.8954710077  -0.0000000000   0.0096143182
   3.9500000000  -0.0000000000  -0.8952300463  -0.0000000000   0.0096625944
   3.9750000000  -0.0000000000  -0.8949879042  -0.0000000000   0.0097087694
   4.0000000000  -0.0000000000  -0.8947446347  -0.0000000000   0.0097527912
   4.0250000000  -0.0000000000  -0.8945002922  -0.0000000000   0.0097946131
   4.0500000000  -0.0000000000  -0.8942549321  -0.0000000000   0.0098341940
   4.0750000000  -0.0000000000  -0.8940086109  -0.0000000000   0.0098714985
   4.1000000000  -0.0000000000  -0.8937613860  -0.0000000000   0.0099064972
   4.1250000000  -0.0000000000  -0.8935133152  -0.0000000000   0.0099391667
   4.1500000000  -0.0000000000  -0.8932644570  -0.0000000000   0.0099694902
   4.1750000000  -0.0000000000  -0.8930148701  -0.0000000000   0.0099974571
   4.2000000000  -0.0000000000  -0.8927646136  -0.0000000000   0.0100230631
   4.2250000000  -0.0000000000  -0.8925137464  -0.0000000000   0.0100463107
   4.2500000000  -0.0000000000  -0.8922623274  -0.0000000000   0.0100672085
   4.2750000000  -0.0000000000  -0.8920104152  -0.0000000000   0.0100857717
   4.3000000000  -0.0000000000  -0.8917580678  -0.0000000000   0.0101020219
   4.3250000000  -0.0000000000  -0.8915053427  -0.0000000000   0.0101159867
   4.3500000000  -0.0000000000  -0.8912522966  -0.0000000000   0.0101276998
   4.3750000000  -0.0000000000  -0.8909989853  -0.0000000000   0.0101372009
   4.4000000000  -0.0000000000  -0.8907454636  -0.0000000000   0.0101445353
   4.4250000000  -0.0000000000  -0.8904917850  -0.0000000000   0.0101497537
   4.4500000000  -0.0000000000  -0.8902380017  -0.0000000000   0.0101529119
   4.4750000000  -0.0000000000  -0.8899841644  -0.0000000000   0.0101540705
   4.5000000000  -0.0000000000  -0.8897303224  -0.0000000000   0.0101532946
   4.5250000000  -0.0000000000  -0.8894765230  -0.0000000000   0.0101506536
   4.5500000000  -0.0000000000  -0.8892228121  -0.0000000000   0.0101462204
   4.5750000000  -0.0000000000  -0.8889692334  -0.0000000000   0.0101400715
   4.6000000000  -0.0000000000  -0.8887158290  -0.0000000000   0.0101322863
   4.6250000000  -0.0000000000  -0.8884626385  -0.0000000000   0.0101229468
   4.6500000000  -0.0000000000  -0.8882097000  -0.0000000000   0.0101121370
   4.6750000000  -0.0000000000  -0.8879570490  -0.0000000000   0.0100999428
   4.7000000000  -0.0000000000  -0.8877047191  -0.0000000000   0.0100864514
   4.7250000000  -0.0000000000  -0.8874527415  -0.0000000000   0.0100717506
   4.7500000000  -0.0000000000  -0.8872011455  -0.0000000000   0.0100559289
   4.7750000000  -0.0000000000  -0.8869499580  -0.0000000000   0.0100390747
   4.8000000000  -0.0000000000  -0.8866992036  -0.0000000000   0.0100212763
   4.8250000000  -0.0000000000  -0.8864489049  -0.0000000000   0.0100026209
   4.8500000000  -0.0000000000  -0.8861990822  -0.0000000000   0.0099831948
   4.8750000000  -0.0000000000  -0.8859497537  -0.0000000000   0.0099630829
   4.9000000000  -0.0000000000  -0.8857009356  -0.0000000000   0.0099423681
   4.9250000000  -0.0000000000  -0.8854526419  -0.0000000000   0.0099211315
   4.9500000000  -0.0000000000  -0.8852048846  -0.0000000000   0.0098994517
   4.9750000000  -0.0000000000  -0.8849576739  -0.0000000000   0.0098774048
   5.0000000000  -0.0000000000  -0.8847110180  -0.0000000000   0.0098550641
