   0.0000000000   0.2500000000
   0.0250000000   0.2498682322
   0.0500000000   0.2494742297
   0.0750000000   0.2488218930
   0.1000000000   0.2479176638
   0.1250000000   0.2467704383
   0.1500000000   0.2453914469
   0.1750000000   0.2437941035
   0.2000000000   0.2419938268
   0.2250000000   0.2400078365
   0.2500000000   0.2378549280
   0.2750000000   0.2355552288
   0.3000000000   0.2331299418
   0.3250000000   0.2306010782
   0.3500000000   0.2279911853
   0.3750000000   0.2253230736
   0.4000000000   0.2226195461
   0.4250000000   0.2199031351
   0.4500000000   0.2171958498
   0.4750000000   0.2145189382
   0.5000000000   0.2118926665
   0.5250000000   0.2093361182
   0.5500000000   0.2068670164
   0.5750000000   0.2045015697
   0.6000000000   0.2022543447
   0.6250000000   0.2001381640
   0.6500000000   0.1981640320
   0.6750000000   0.1963410873
   0.7000000000   0.1946765816
   0.7250000000   0.1931758843
   0.7500000000   0.1918425108
   0.7750000000   0.1906781744
   0.8000000000   0.1896828583
   0.8250000000   0.1888549061
   0.8500000000   0.1881911294
   0.8750000000   0.1876869287
   0.9000000000   0.1873364254
   0.9250000000   0.1871326038
   0.9500000000   0.1870674581
   0.9750000000   0.1871321435
   1.0000000000   0.1873171293
   1.0250000000   0.1876123506
   1.0500000000   0.1880073566
   1.0750000000   0.1884914553
   1.1000000000   0.1890538500
   1.1250000000   0.1896837687
   1.1500000000   0.1903705845
   1.1750000000   0.1911039239
   1.2000000000   0.1918737662
   1.2250000000   0.1926705292
   1.2500000000   0.1934851439
   1.2750000000   0.1943091166
   1.3000000000   0.1951345791
   1.3250000000   0.1959543266
   1.3500000000   0.1967618446
   1.3750000000   0.1975513241
   1.4000000000   0.1983176678
   1.4250000000   0.1990564852
   1.4500000000   0.1997640802
   1.4750000000   0.2004374308
   1.5000000000   0.2010741614
   1.5250000000   0.2016725102
   1.5500000000   0.2022312907
   1.5750000000   0.2027498504
   1.6000000000   0.2032280258
   1.6250000000   0.2036660955
   1.6500000000   0.2040647323
   1.6750000000   0.2044249548
   1.7000000000   0.2047480794
   1.7250000000   0.2050356726
   1.7500000000   0.2052895060
   1.7750000000   0.2055115119
   1.8000000000   0.2057037428
   1.8250000000   0.2058683326
   1.8500000000   0.2060074611
   1.8750000000   0.2061233218
   1.9000000000   0.2062180931
   1.9250000000   0.2062939131
   1.9500000000   0.2063528570
   1.9750000000   0.2063969188
   2.0000000000   0.2064279956
   2.0250000000   0.2064478756
   2.0500000000   0.2064582285
   2.0750000000   0.2064605987
   2.1000000000   0.2064564017
   2.1250000000   0.2064469219
   2.1500000000   0.2064333131
   2.1750000000   0.2064166005
   2.2000000000   0.2063976845
   2.2250000000   0.2063773453
   2.2500000000   0.2063562496
   2.2750000000   0.2063349568
   2.3000000000   0.2063139270
   2.3250000000   0.2062935291
   2.3500000000   0.2062740485
   2.3750000000   0.2062556962
   2.4000000000   0.2062386164
   2.4250000000   0.2062228954
   2.4500000000   0.2062085687
   2.4750000000   0.2061956292
   2.5000000000   0.2061840339
   2.5250000000   0.2061737105
   2.5500000000   0.2061645636
   2.5750000000   0.2061564802
   2.6000000000   0.2061493347
   2.6250000000   0.2061429932
   2.6500000000   0.2061373172
   2.6750000000   0.2061321672
   2.7000000000   0.2061274054
   2.7250000000   0.2061228981
   2.7500000000   0.2061185172
   2.7750000000   0.2061141421
   2.8000000000   0.2061096608
   2.8250000000   0.2061049703
   2.8500000000   0.2060999774
   2.8750000000   0.2060945991
   2.9000000000   0.2060887623
   2.9250000000   0.2060824037
   2.9500000000   0.2060754697
   2.9750000000   0.2060679161
   3.0000000000   0.2060597073
   3.0250000000   0.2060508162
   3.0500000000   0.2060412231
   3.0750000000   0.2060309157
   3.1000000000   0.2060198881
   3.1250000000   0.2060081403
   3.1500000000   0.2059956779
   3.1750000000   0.2059825112
   3.2000000000   0.2059686548
   3.2250000000   0.2059541273
   3.2500000000   0.2059389507
   3.2750000000   0.2059231498
   3.3000000000   0.2059067522
   3.3250000000   0.2058897878
   3.3500000000   0.2058722884
   3.3750000000   0.2058542874
   3.4000000000   0.2058358198
   3.4250000000   0.2058169216
   3.4500000000   0.2057976300
   3.4750000000   0.2057779826
   3.5000000000   0.2057580179
   3.5250000000   0.2057377747
   3.5500000000   0.2057172921
   3.5750000000   0.2056966092
   3.6000000000   0.2056757654
   3.6250000000   0.2056547995
   3.6500000000   0.2056337502
   3.6750000000   0.2056126560
   3.7000000000   0.2055915547
   3.7250000000   0.2055704833
   3.7500000000   0.2055494785
   3.7750000000   0.2055285758
   3.8000000000   0.2055078100
   3.8250000000   0.2054872148
   3.8500000000   0.2054668228
   3.8750000000   0.2054466657
   3.9000000000   0.2054267735
   3.9250000000   0.2054071753
   3.9500000000   0.2053878987
   3.9750000000   0.2053689699
   4.0000000000   0.2053504135
   4.0250000000   0.2053322528
   4.0500000000   0.2053145096
   4.0750000000   0.2052972039
   4.1000000000   0.2052803542
   4.1250000000   0.2052639776
   4.1500000000   0.2052480893
   4.1750000000   0.2052327030
   4.2000000000   0.2052178308
   4.2250000000   0.2052034830
   4.2500000000   0.2051896687
   4.2750000000   0.2051763949
   4.3000000000   0.2051636675
   4.3250000000   0.2051514904
   4.3500000000   0.2051398664
   4.3750000000   0.2051287965
   4.4000000000   0.2051182805
   4.4250000000   0.2051083167
   4.4500000000   0.2050989020
   4.4750000000   0.2050900323
   4.5000000000   0.2050817019
   4.5250000000   0.2050739042
   4.5500000000   0.2050666314
   4.5750000000   0.2050598747
   4.6000000000   0.2050536244
   4.6250000000   0.2050478697
   4.6500000000   0.2050425993
   4.6750000000   0.2050378009
   4.7000000000   0.2050334617
   4.7250000000   0.2050295683
   4.7500000000   0.2050261068
   4.7750000000   0.2050230628
   4.8000000000   0.2050204215
   4.8250000000   0.2050181681
   4.8500000000   0.2050162872
   4.8750000000   0.2050147635
   4.9000000000   0.2050135816
   4.9250000000   0.2050127260
   4.9500000000   0.2050121813
   4.9750000000   0.2050119320
   5.0000000000   0.2050119629
