   0.0000000000   0.0000000000
   0.0250000000  -0.0001317678
   0.0500000000  -0.0005257703
   0.0750000000  -0.0011781071
   0.1000000000  -0.0020823363
   0.1250000000  -0.0032295618
   0.1500000000  -0.0046085532
   0.1750000000  -0.0062058966
   0.2000000000  -0.0080061733
   0.2250000000  -0.0099921636
   0.2500000000  -0.0121450721
   0.2750000000  -0.0144447712
   0.3000000000  -0.0168700582
   0.3250000000  -0.0193989219
   0.3500000000  -0.0220088147
   0.3750000000  -0.0246769264
   0.4000000000  -0.0273804540
   0.4250000000  -0.0300968650
   0.4500000000  -0.0328041503
   0.4750000000  -0.0354810618
   0.5000000000  -0.0381073335
   0.5250000000  -0.0406638818
   0.5500000000  -0.0431329837
   0.5750000000  -0.0454984303
   0.6000000000  -0.0477456553
   0.6250000000  -0.0498618360
   0.6500000000  -0.0518359680
   0.6750000000  -0.0536589127
   0.7000000000  -0.0553234184
   0.7250000000  -0.0568241158
   0.7500000000  -0.0581574893
   0.7750000000  -0.0593218256
   0.8000000000  -0.0603171418
   0.8250000000  -0.0611450939
   0.8500000000  -0.0618088706
   0.8750000000  -0.0623130714
   0.9000000000  -0.0626635746
   0.9250000000  -0.0628673962
   0.9500000000  -0.0629325420
   0.9750000000  -0.0628678566
   1.0000000000  -0.0626828708
   1.0250000000  -0.0623876495
   1.0500000000  -0.0619926434
   1.0750000000  -0.0615085447
   1.1000000000  -0.0609461501
   1.1250000000  -0.0603162313
   1.1500000000  -0.0596294156
   1.1750000000  -0.0588960761
   1.2000000000  -0.0581262338
   1.2250000000  -0.0573294708
   1.2500000000  -0.0565148562
   1.2750000000  -0.0556908835
   1.3000000000  -0.0548654210
   1.3250000000  -0.0540456734
   1.3500000000  -0.0532381555
   1.3750000000  -0.0524486759
   1.4000000000  -0.0516823322
   1.4250000000  -0.0509435149
   1.4500000000  -0.0502359199
   1.4750000000  -0.0495625693
   1.5000000000  -0.0489258386
   1.5250000000  -0.0483274899
   1.5500000000  -0.0477687094
   1.5750000000  -0.0472501496
   1.6000000000  -0.0467719743
   1.6250000000  -0.0463339046
   1.6500000000  -0.0459352678
   1.6750000000  -0.0455750452
   1.7000000000  -0.0452519206
   1.7250000000  -0.0449643274
   1.7500000000  -0.0447104941
   1.7750000000  -0.0444884882
   1.8000000000  -0.0442962572
   1.8250000000  -0.0441316674
   1.8500000000  -0.0439925390
   1.8750000000  -0.0438766783
   1.9000000000  -0.0437819069
   1.9250000000  -0.0437060870
   1.9500000000  -0.0436471431
   1.9750000000  -0.0436030813
   2.0000000000  -0.0435720045
   2.0250000000  -0.0435521244
   2.0500000000  -0.0435417716
   2.0750000000  -0.0435394014
   2.1000000000  -0.0435435984
   2.1250000000  -0.0435530782
   2.1500000000  -0.0435666870
   2.1750000000  -0.0435833995
   2.2000000000  -0.0436023156
   2.2250000000  -0.0436226547
   2.2500000000  -0.0436437505
   2.2750000000  -0.0436650433
   2.3000000000  -0.0436860731
   2.3250000000  -0.0437064710
   2.3500000000  -0.0437259516
   2.3750000000  -0.0437443039
   2.4000000000  -0.0437613836
   2.4250000000  -0.0437771047
   2.4500000000  -0.0437914313
   2.4750000000  -0.0438043708
   2.5000000000  -0.0438159662
   2.5250000000  -0.0438262896
   2.5500000000  -0.0438354365
   2.5750000000  -0.0438435199
   2.6000000000  -0.0438506653
   2.6250000000  -0.0438570069
   2.6500000000  -0.0438626829
   2.6750000000  -0.0438678329
   2.7000000000  -0.0438725946
   2.7250000000  -0.0438771020
   2.7500000000  -0.0438814829
   2.7750000000  -0.0438858579
   2.8000000000  -0.0438903393
   2.8250000000  -0.0438950298
   2.8500000000  -0.0439000226
   2.8750000000  -0.0439054009
   2.9000000000  -0.0439112378
   2.9250000000  -0.0439175964
   2.9500000000  -0.0439245304
   2.9750000000  -0.0439320840
   3.0000000000  -0.0439402927
   3.0250000000  -0.0439491839
   3.0500000000  -0.0439587770
   3.0750000000  -0.0439690844
   3.1000000000  -0.0439801120
   3.1250000000  -0.0439918598
   3.1500000000  -0.0440043222
   3.1750000000  -0.0440174889
   3.2000000000  -0.0440313453
   3.2250000000  -0.0440458727
   3.2500000000  -0.0440610494
   3.2750000000  -0.0440768503
   3.3000000000  -0.0440932479
   3.3250000000  -0.0441102122
   3.3500000000  -0.0441277117
   3.3750000000  -0.0441457126
   3.4000000000  -0.0441641802
   3.4250000000  -0.0441830784
   3.4500000000  -0.0442023701
   3.4750000000  -0.0442220175
   3.5000000000  -0.0442419822
   3.5250000000  -0.0442622254
   3.5500000000  -0.0442827080
   3.5750000000  -0.0443033908
   3.6000000000  -0.0443242347
   3.6250000000  -0.0443452006
   3.6500000000  -0.0443662498
   3.6750000000  -0.0443873440
   3.7000000000  -0.0444084454
   3.7250000000  -0.0444295168
   3.7500000000  -0.0444505216
   3.7750000000  -0.0444714243
   3.8000000000  -0.0444921901
   3.8250000000  -0.0445127853
   3.8500000000  -0.0445331772
   3.8750000000  -0.0445533344
   3.9000000000  -0.0445732266
   3.9250000000  -0.0445928247
   3.9500000000  -0.0446121014
   3.9750000000  -0.0446310302
   4.0000000000  -0.0446495866
   4.0250000000  -0.0446677473
   4.0500000000  -0.0446854905
   4.0750000000  -0.0447027962
   4.1000000000  -0.0447196459
   4.1250000000  -0.0447360225
   4.1500000000  -0.0447519108
   4.1750000000  -0.0447672971
   4.2000000000  -0.0447821693
   4.2250000000  -0.0447965170
   4.2500000000  -0.0448103314
   4.2750000000  -0.0448236051
   4.3000000000  -0.0448363326
   4.3250000000  -0.0448485097
   4.3500000000  -0.0448601337
   4.3750000000  -0.0448712036
   4.4000000000  -0.0448817196
   4.4250000000  -0.0448916834
   4.4500000000  -0.0449010980
   4.4750000000  -0.0449099678
   4.5000000000  -0.0449182981
   4.5250000000  -0.0449260958
   4.5500000000  -0.0449333686
   4.5750000000  -0.0449401253
   4.6000000000  -0.0449463757
   4.6250000000  -0.0449521304
   4.6500000000  -0.0449574008
   4.6750000000  -0.0449621992
   4.7000000000  -0.0449665384
   4.7250000000  -0.0449704317
   4.7500000000  -0.0449738933
   4.7750000000  -0.0449769373
   4.8000000000  -0.0449795785
   4.8250000000  -0.0449818320
   4.8500000000  -0.0449837129
   4.8750000000  -0.0449852365
   4.9000000000  -0.0449864184
   4.9250000000  -0.0449872741
   4.9500000000  -0.0449878188
   4.9750000000  -0.0449880681
   5.0000000000  -0.0449880371
