   0.0000000000   0.5000000000
   0.0250000000   0.5000000000
   0.0500000000   0.5000000001
   0.0750000000   0.5000000001
   0.1000000000   0.5000000001
   0.1250000000   0.5000000001
   0.1500000000   0.5000000001
   0.1750000000   0.5000000001
   0.2000000000   0.5000000001
   0.2250000000   0.5000000001
   0.2500000000   0.5000000001
   0.2750000000   0.5000000001
   0.3000000000   0.5000000001
   0.3250000000   0.5000000001
   0.3500000000   0.5000000001
   0.3750000000   0.5000000001
   0.4000000000   0.5000000001
   0.4250000000   0.5000000001
   0.4500000000   0.5000000001
   0.4750000000   0.5000000001
   0.5000000000   0.5000000001
   0.5250000000   0.5000000001
   0.5500000000   0.5000000001
   0.5750000000   0.5000000001
   0.6000000000   0.5000000001
   0.6250000000   0.5000000001
   0.6500000000   0.5000000001
   0.6750000000   0.5000000001
   0.7000000000   0.5000000001
   0.7250000000   0.5000000001
   0.7500000000   0.5000000001
   0.7750000000   0.5000000001
   0.8000000000   0.5000000001
   0.8250000000   0.5000000001
   0.8500000000   0.5000000001
   0.8750000000   0.5000000001
   0.9000000000   0.5000000001
   0.9250000000   0.5000000001
   0.9500000000   0.5000000001
   0.9750000000   0.5000000001
   1.0000000000   0.5000000001
   1.0250000000   0.5000000001
   1.0500000000   0.5000000001
   1.0750000000   0.5000000001
   1.1000000000   0.5000000001
   1.1250000000   0.5000000001
   1.1500000000   0.5000000001
   1.1750000000   0.5000000001
   1.2000000000   0.5000000001
   1.2250000000   0.5000000001
   1.2500000000   0.5000000001
   1.2750000000   0.5000000001
   1.3000000000   0.5000000001
   1.3250000000   0.5000000001
   1.3500000000   0.5000000001
   1.3750000000   0.5000000001
   1.4000000000   0.5000000001
   1.4250000000   0.5000000001
   1.4500000000   0.5000000001
   1.4750000000   0.5000000001
   1.5000000000   0.5000000001
   1.5250000000   0.5000000001
   1.5500000000   0.5000000001
   1.5750000000   0.5000000001
   1.6000000000   0.5000000001
   1.6250000000   0.5000000001
   1.6500000000   0.5000000001
   1.6750000000   0.5000000001
   1.7000000000   0.5000000001
   1.7250000000   0.5000000001
   1.7500000000   0.5000000001
   1.7750000000   0.5000000001
   1.8000000000   0.5000000001
   1.8250000000   0.5000000001
   1.8500000000   0.5000000001
   1.8750000000   0.5000000001
   1.9000000000   0.5000000001
   1.9250000000   0.5000000001
   1.9500000000   0.5000000001
   1.9750000000   0.5000000001
   2.0000000000   0.5000000001
   2.0250000000   0.5000000001
   2.0500000000   0.5000000001
   2.0750000000   0.5000000001
   2.1000000000   0.5000000001
   2.1250000000   0.5000000001
   2.1500000000   0.5000000001
   2.1750000000   0.5000000001
   2.2000000000   0.5000000001
   2.2250000000   0.5000000001
   2.2500000000   0.5000000001
   2.2750000000   0.5000000001
   2.3000000000   0.5000000001
   2.3250000000   0.5000000001
   2.3500000000   0.5000000001
   2.3750000000   0.5000000001
   2.4000000000   0.5000000001
   2.4250000000   0.5000000001
   2.4500000000   0.5000000001
   2.4750000000   0.5000000001
   2.5000000000   0.5000000001
   2.5250000000   0.5000000001
   2.5500000000   0.5000000001
   2.5750000000   0.5000000001
   2.6000000000   0.5000000001
   2.6250000000   0.5000000001
   2.6500000000   0.5000000001
   2.6750000000   0.5000000001
   2.7000000000   0.5000000001
   2.7250000000   0.5000000001
   2.7500000000   0.5000000001
   2.7750000000   0.5000000001
   2.8000000000   0.5000000001
   2.8250000000   0.5000000001
   2.8500000000   0.5000000001
   2.8750000000   0.5000000001
   2.9000000000   0.5000000001
   2.9250000000   0.5000000001
   2.9500000000   0.5000000001
   2.9750000000   0.5000000001
   3.0000000000   0.5000000001
   3.0250000000   0.5000000001
   3.0500000000   0.5000000001
   3.0750000000   0.5000000001
   3.1000000000   0.5000000001
   3.1250000000   0.5000000001
   3.1500000000   0.5000000001
   3.1750000000   0.5000000001
   3.2000000000   0.5000000001
   3.2250000000   0.5000000001
   3.2500000000   0.5000000001
   3.2750000000   0.5000000001
   3.3000000000   0.5000000001
   3.3250000000   0.5000000001
   3.3500000000   0.5000000001
   3.3750000000   0.5000000001
   3.4000000000   0.5000000001
   3.4250000000   0.5000000001
   3.4500000000   0.5000000001
   3.4750000000   0.5000000001
   3.5000000000   0.5000000001
   3.5250000000   0.5000000001
   3.5500000000   0.5000000001
   3.5750000000   0.5000000001
   3.6000000000   0.5000000001
   3.6250000000   0.5000000001
   3.6500000000   0.5000000001
   3.6750000000   0.5000000001
   3.7000000000   0.5000000001
   3.7250000000   0.5000000001
   3.7500000000   0.5000000001
   3.7750000000   0.5000000001
   3.8000000000   0.5000000001
   3.8250000000   0.5000000001
   3.8500000000   0.5000000001
   3.8750000000   0.5000000001
   3.9000000000   0.5000000001
   3.9250000000   0.5000000001
   3.9500000000   0.5000000001
   3.9750000000   0.5000000001
   4.0000000000   0.5000000001
   4.0250000000   0.5000000001
   4.0500000000   0.5000000001
   4.0750000000   0.5000000001
   4.1000000000   0.5000000001
   4.1250000000   0.5000000001
   4.1500000000   0.5000000001
   4.1750000000   0.5000000001
   4.2000000000   0.5000000001
   4.2250000000   0.5000000001
   4.2500000000   0.5000000001
   4.2750000000   0.5000000001
   4.3000000000   0.5000000001
   4.3250000000   0.5000000001
   4.3500000000   0.5000000001
   4.3750000000   0.5000000001
   4.4000000000   0.5000000001
   4.4250000000   0.5000000001
   4.4500000000   0.5000000001
   4.4750000000   0.5000000001
   4.5000000000   0.5000000001
   4.5250000000   0.5000000001
   4.5500000000   0.5000000001
   4.5750000000   0.5000000001
   4.6000000000   0.5000000001
   4.6250000000   0.5000000001
   4.6500000000   0.5000000001
   4.6750000000   0.5000000001
   4.7000000000   0.5000000001
   4.7250000000   0.5000000001
   4.7500000000   0.5000000001
   4.7750000000   0.5000000001
   4.8000000000   0.5000000001
   4.8250000000   0.5000000001
   4.8500000000   0.5000000001
   4.8750000000   0.5000000001
   4.9000000000   0.5000000001
   4.9250000000   0.5000000001
   4.9500000000   0.5000000001
   4.9750000000   0.5000000001
   5.0000000000   0.5000000001
