   0.0000000000  -0.8447834039
   0.0250000000  -0.8447838176
   0.0500000000  -0.8447827036
   0.0750000000  -0.8447808729
   0.1000000000  -0.8447783982
   0.1250000000  -0.8447753227
   0.1500000000  -0.8447717084
   0.1750000000  -0.8447676406
   0.2000000000  -0.8447632339
   0.2250000000  -0.8447586367
   0.2500000000  -0.8447540377
   0.2750000000  -0.8447496708
   0.3000000000  -0.8447458193
   0.3250000000  -0.8447428200
   0.3500000000  -0.8447410651
   0.3750000000  -0.8447410022
   0.4000000000  -0.8447431334
   0.4250000000  -0.8447480111
   0.4500000000  -0.8447562319
   0.4750000000  -0.8447684286
   0.5000000000  -0.8447852589
   0.5250000000  -0.8448073929
   0.5500000000  -0.8448354981
   0.5750000000  -0.8448702236
   0.6000000000  -0.8449121820
   0.6250000000  -0.8449619324
   0.6500000000  -0.8450199619
   0.6750000000  -0.8450866687
   0.7000000000  -0.8451623460
   0.7250000000  -0.8452471678
   0.7500000000  -0.8453411768
   0.7750000000  -0.8454442758
   0.8000000000  -0.8455562213
   0.8250000000  -0.8456766213
   0.8500000000  -0.8458049365
   0.8750000000  -0.8459404850
   0.9000000000  -0.8460824508
   0.9250000000  -0.8462298957
   0.9500000000  -0.8463817745
   0.9750000000  -0.8465369522
   1.0000000000  -0.8466942244
   1.0250000000  -0.8468523389
   1.0500000000  -0.8470100184
   1.0750000000  -0.8471659840
   1.1000000000  -0.8473189787
   1.1250000000  -0.8474677895
   1.1500000000  -0.8476112697
   1.1750000000  -0.8477483579
   1.2000000000  -0.8478780963
   1.2250000000  -0.8479996454
   1.2500000000  -0.8481122965
   1.2750000000  -0.8482154812
   1.3000000000  -0.8483087773
   1.3250000000  -0.8483919123
   1.3500000000  -0.8484647632
   1.3750000000  -0.8485273538
   1.4000000000  -0.8485798486
   1.4250000000  -0.8486225452
   1.4500000000  -0.8486558636
   1.4750000000  -0.8486803339
   1.5000000000  -0.8486965828
   1.5250000000  -0.8487053185
   1.5500000000  -0.8487073153
   1.5750000000  -0.8487033974
   1.6000000000  -0.8486944232
   1.6250000000  -0.8486812690
   1.6500000000  -0.8486648147
   1.6750000000  -0.8486459288
   1.7000000000  -0.8486254560
   1.7250000000  -0.8486042048
   1.7500000000  -0.8485829375
   1.7750000000  -0.8485623611
   1.8000000000  -0.8485431203
   1.8250000000  -0.8485257914
   1.8500000000  -0.8485108787
   1.8750000000  -0.8484988119
   1.9000000000  -0.8484899448
   1.9250000000  -0.8484845559
   1.9500000000  -0.8484828496
   1.9750000000  -0.8484849594
   2.0000000000  -0.8484909510
   2.0250000000  -0.8485008274
   2.0500000000  -0.8485145330
   2.0750000000  -0.8485319604
   2.1000000000  -0.8485529552
   2.1250000000  -0.8485773232
   2.1500000000  -0.8486048359
   2.1750000000  -0.8486352370
   2.2000000000  -0.8486682485
   2.2250000000  -0.8487035763
   2.2500000000  -0.8487409162
   2.2750000000  -0.8487799584
   2.3000000000  -0.8488203925
   2.3250000000  -0.8488619119
   2.3500000000  -0.8489042171
   2.3750000000  -0.8489470192
   2.4000000000  -0.8489900428
   2.4250000000  -0.8490330277
   2.4500000000  -0.8490757312
   2.4750000000  -0.8491179289
   2.5000000000  -0.8491594160
   2.5250000000  -0.8492000075
   2.5500000000  -0.8492395384
   2.5750000000  -0.8492778636
   2.6000000000  -0.8493148573
   2.6250000000  -0.8493504123
   2.6500000000  -0.8493844395
   2.6750000000  -0.8494168662
   2.7000000000  -0.8494476355
   2.7250000000  -0.8494767049
   2.7500000000  -0.8495040450
   2.7750000000  -0.8495296384
   2.8000000000  -0.8495534778
   2.8250000000  -0.8495755657
   2.8500000000  -0.8495959123
   2.8750000000  -0.8496145349
   2.9000000000  -0.8496314564
   2.9250000000  -0.8496467047
   2.9500000000  -0.8496603115
   2.9750000000  -0.8496723116
   3.0000000000  -0.8496827420
   3.0250000000  -0.8496916416
   3.0500000000  -0.8496990501
   3.0750000000  -0.8497050081
   3.1000000000  -0.8497095564
   3.1250000000  -0.8497127355
   3.1500000000  -0.8497145860
   3.1750000000  -0.8497151477
   3.2000000000  -0.8497144599
   3.2250000000  -0.8497125610
   3.2500000000  -0.8497094889
   3.2750000000  -0.8497052807
   3.3000000000  -0.8496999725
   3.3250000000  -0.8496936000
   3.3500000000  -0.8496861981
   3.3750000000  -0.8496778011
   3.4000000000  -0.8496684428
   3.4250000000  -0.8496581565
   3.4500000000  -0.8496469751
   3.4750000000  -0.8496349314
   3.5000000000  -0.8496220577
   3.5250000000  -0.8496083861
   3.5500000000  -0.8495939486
   3.5750000000  -0.8495787771
   3.6000000000  -0.8495629032
   3.6250000000  -0.8495463584
   3.6500000000  -0.8495291744
   3.6750000000  -0.8495113823
   3.7000000000  -0.8494930133
   3.7250000000  -0.8494740984
   3.7500000000  -0.8494546684
   3.7750000000  -0.8494347537
   3.8000000000  -0.8494143846
   3.8250000000  -0.8493935907
   3.8500000000  -0.8493724016
   3.8750000000  -0.8493508462
   3.9000000000  -0.8493289528
   3.9250000000  -0.8493067494
   3.9500000000  -0.8492842631
   3.9750000000  -0.8492615205
   4.0000000000  -0.8492385474
   4.0250000000  -0.8492153689
   4.0500000000  -0.8491920092
   4.0750000000  -0.8491684919
   4.1000000000  -0.8491448394
   4.1250000000  -0.8491210736
   4.1500000000  -0.8490972153
   4.1750000000  -0.8490732844
   4.2000000000  -0.8490492999
   4.2250000000  -0.8490252799
   4.2500000000  -0.8490012417
   4.2750000000  -0.8489772016
   4.3000000000  -0.8489531749
   4.3250000000  -0.8489291764
   4.3500000000  -0.8489052196
   4.3750000000  -0.8488813175
   4.4000000000  -0.8488574821
   4.4250000000  -0.8488337249
   4.4500000000  -0.8488100563
   4.4750000000  -0.8487864862
   4.5000000000  -0.8487630238
   4.5250000000  -0.8487396778
   4.5500000000  -0.8487164559
   4.5750000000  -0.8486933656
   4.6000000000  -0.8486704136
   4.6250000000  -0.8486476063
   4.6500000000  -0.8486249495
   4.6750000000  -0.8486024486
   4.7000000000  -0.8485801085
   4.7250000000  -0.8485579339
   4.7500000000  -0.8485359288
   4.7750000000  -0.8485140974
   4.8000000000  -0.8484924430
   4.8250000000  -0.8484709691
   4.8500000000  -0.8484496787
   4.8750000000  -0.8484285745
   4.9000000000  -0.8484076593
   4.9250000000  -0.8483869354
   4.9500000000  -0.8483664050
   4.9750000000  -0.8483460702
   5.0000000000  -0.8483259329
