   0.0000000000   0.8823114651
   0.0250000000   0.8823134645
   0.0500000000   0.8823173685
   0.0750000000   0.8823207295
   0.1000000000   0.8823211111
   0.1250000000   0.8823160855
   0.1500000000   0.8823032696
   0.1750000000   0.8822803217
   0.2000000000   0.8822449770
   0.2250000000   0.8821950429
   0.2500000000   0.8821284329
   0.2750000000   0.8820431609
   0.3000000000   0.8819373734
   0.3250000000   0.8818093412
   0.3500000000   0.8816574902
   0.3750000000   0.8814803912
   0.4000000000   0.8812767878
   0.4250000000   0.8810455841
   0.4500000000   0.8807858699
   0.4750000000   0.8804969067
   0.5000000000   0.8801781493
   0.5250000000   0.8798292299
   0.5500000000   0.8794499768
   0.5750000000   0.8790403956
   0.6000000000   0.8786006861
   0.6250000000   0.8781312201
   0.6500000000   0.8776325559
   0.6750000000   0.8771054144
   0.7000000000   0.8765506900
   0.7250000000   0.8759694251
   0.7500000000   0.8753628192
   0.7750000000   0.8747322004
   0.8000000000   0.8740790330
   0.8250000000   0.8734048878
   0.8500000000   0.8727114471
   0.8750000000   0.8720004744
   0.9000000000   0.8712738179
   0.9250000000   0.8705333793
   0.9500000000   0.8697811164
   0.9750000000   0.8690190115
   1.0000000000   0.8682490738
   1.0250000000   0.8674733074
   1.0500000000   0.8666937140
   1.0750000000   0.8659122618
   1.1000000000   0.8651308879
   1.1250000000   0.8643514689
   1.1500000000   0.8635758243
   1.1750000000   0.8628056878
   1.2000000000   0.8620427128
   1.2250000000   0.8612884457
   1.2500000000   0.8605443322
   1.2750000000   0.8598116936
   1.3000000000   0.8590917349
   1.3250000000   0.8583855235
   1.3500000000   0.8576939994
   1.3750000000   0.8570179565
   1.4000000000   0.8563580554
   1.4250000000   0.8557148070
   1.4500000000   0.8550885876
   1.4750000000   0.8544796254
   1.5000000000   0.8538880176
   1.5250000000   0.8533137191
   1.5500000000   0.8527565622
   1.5750000000   0.8522162471
   1.6000000000   0.8516923635
   1.6250000000   0.8511843828
   1.6500000000   0.8506916813
   1.6750000000   0.8502135341
   1.7000000000   0.8497491388
   1.7250000000   0.8492976112
   1.7500000000   0.8488580094
   1.7750000000   0.8484293296
   1.8000000000   0.8480105313
   1.8250000000   0.8476005329
   1.8500000000   0.8471982367
   1.8750000000   0.8468025246
   1.9000000000   0.8464122823
   1.9250000000   0.8460263944
   1.9500000000   0.8456437680
   1.9750000000   0.8452633270
   2.0000000000   0.8448840341
   2.0250000000   0.8445048842
   2.0500000000   0.8441249252
   2.0750000000   0.8437432499
   2.1000000000   0.8433590154
   2.1250000000   0.8429714335
   2.1500000000   0.8425797886
   2.1750000000   0.8421834262
   2.2000000000   0.8417817697
   2.2250000000   0.8413743077
   2.2500000000   0.8409606082
   2.2750000000   0.8405403055
   2.3000000000   0.8401131124
   2.3250000000   0.8396788061
   2.3500000000   0.8392372392
   2.3750000000   0.8387883239
   2.4000000000   0.8383320425
   2.4250000000   0.8378684307
   2.4500000000   0.8373975867
   2.4750000000   0.8369196541
   2.5000000000   0.8364348303
   2.5250000000   0.8359433492
   2.5500000000   0.8354454884
   2.5750000000   0.8349415522
   2.6000000000   0.8344318786
   2.6250000000   0.8339168221
   2.6500000000   0.8333967604
   2.6750000000   0.8328720777
   2.7000000000   0.8323431718
   2.7250000000   0.8318104367
   2.7500000000   0.8312742712
   2.7750000000   0.8307350614
   2.8000000000   0.8301931895
   2.8250000000   0.8296490178
   2.8500000000   0.8291028968
   2.8750000000   0.8285551510
   2.9000000000   0.8280060873
   2.9250000000   0.8274559810
   2.9500000000   0.8269050856
   2.9750000000   0.8263536196
   3.0000000000   0.8258017764
   3.0250000000   0.8252500822
   3.0500000000   0.8247007806
   3.0750000000   0.8241564422
   3.1000000000   0.8236195828
   3.1250000000   0.8230926510
   3.1500000000   0.8225780175
   3.1750000000   0.8220779633
   3.2000000000   0.8215946702
   3.2250000000   0.8211302106
   3.2500000000   0.8206865379
   3.2750000000   0.8202654788
   3.3000000000   0.8198687245
   3.3250000000   0.8194978240
   3.3500000000   0.8191541771
   3.3750000000   0.8188390290
   3.4000000000   0.8185534652
   3.4250000000   0.8182984069
   3.4500000000   0.8180746080
   3.4750000000   0.8178826523
   3.5000000000   0.8177229518
   3.5250000000   0.8175957461
   3.5500000000   0.8175011026
   3.5750000000   0.8174389171
   3.6000000000   0.8174089165
   3.6250000000   0.8174106612
   3.6500000000   0.8174435495
   3.6750000000   0.8175068221
   3.7000000000   0.8175995687
   3.7250000000   0.8177207337
   3.7500000000   0.8178691247
   3.7750000000   0.8180434208
   3.8000000000   0.8182421816
   3.8250000000   0.8184638578
   3.8500000000   0.8187068017
   3.8750000000   0.8189692783
   3.9000000000   0.8192494781
   3.9250000000   0.8195455285
   3.9500000000   0.8198555071
   3.9750000000   0.8201774547
   4.0000000000   0.8205093887
   4.0250000000   0.8208493156
   4.0500000000   0.8211952452
   4.0750000000   0.8215452032
   4.1000000000   0.8218972441
   4.1250000000   0.8222494637
   4.1500000000   0.8226000113
   4.1750000000   0.8229471008
   4.2000000000   0.8232890220
   4.2250000000   0.8236241504
   4.2500000000   0.8239509565
   4.2750000000   0.8242680144
   4.3000000000   0.8245740091
   4.3250000000   0.8248677427
   4.3500000000   0.8251481406
   4.3750000000   0.8254142546
   4.4000000000   0.8256652673
   4.4250000000   0.8259004935
   4.4500000000   0.8261193814
   4.4750000000   0.8263215125
   4.5000000000   0.8265066003
   4.5250000000   0.8266744883
   4.5500000000   0.8268251463
   4.5750000000   0.8269586666
   4.6000000000   0.8270752588
   4.6250000000   0.8271752436
   4.6500000000   0.8272590464
   4.6750000000   0.8273271895
   4.7000000000   0.8273802848
   4.7250000000   0.8274190241
   4.7500000000   0.8274441716
   4.7750000000   0.8274565533
   4.8000000000   0.8274570486
   4.8250000000   0.8274465797
   4.8500000000   0.8274261027
   4.8750000000   0.8273965973
   4.9000000000   0.8273590578
   4.9250000000   0.8273144834
   4.9500000000   0.8272638695
   4.9750000000   0.8272081988
   5.0000000000   0.8271484331
