   0.0000000000   0.1176885438
   0.0250000000   0.1176870281
   0.0500000000   0.1176836214
   0.0750000000   0.1176807533
   0.1000000000   0.1176808657
   0.1250000000   0.1176863810
   0.1500000000   0.1176996877
   0.1750000000   0.1177231218
   0.2000000000   0.1177589538
   0.2250000000   0.1178093706
   0.2500000000   0.1178764641
   0.2750000000   0.1179622147
   0.3000000000   0.1180684817
   0.3250000000   0.1181969884
   0.3500000000   0.1183493142
   0.3750000000   0.1185268829
   0.4000000000   0.1187309563
   0.4250000000   0.1189626247
   0.4500000000   0.1192228034
   0.4750000000   0.1195122256
   0.5000000000   0.1198314417
   0.5250000000   0.1201808141
   0.5500000000   0.1205605197
   0.5750000000   0.1209705474
   0.6000000000   0.1214107028
   0.6250000000   0.1218806086
   0.6500000000   0.1223797117
   0.6750000000   0.1229072861
   0.7000000000   0.1234624422
   0.7250000000   0.1240441326
   0.7500000000   0.1246511630
   0.7750000000   0.1252821999
   0.8000000000   0.1259357843
   0.8250000000   0.1266103404
   0.8500000000   0.1273041907
   0.8750000000   0.1280155669
   0.9000000000   0.1287426257
   0.9250000000   0.1294834606
   0.9500000000   0.1302361187
   0.9750000000   0.1309986130
   1.0000000000   0.1317689391
   1.0250000000   0.1325450883
   1.0500000000   0.1333250636
   1.0750000000   0.1341068924
   1.1000000000   0.1348886422
   1.1250000000   0.1356684319
   1.1500000000   0.1364444469
   1.1750000000   0.1372149487
   1.2000000000   0.1379782888
   1.2250000000   0.1387329165
   1.2500000000   0.1394773905
   1.2750000000   0.1402103853
   1.3000000000   0.1409307003
   1.3250000000   0.1416372639
   1.3500000000   0.1423291406
   1.3750000000   0.1430055323
   1.4000000000   0.1436657827
   1.4250000000   0.1443093768
   1.4500000000   0.1449359425
   1.4750000000   0.1455452476
   1.5000000000   0.1461371991
   1.5250000000   0.1467118379
   1.5500000000   0.1472693361
   1.5750000000   0.1478099891
   1.6000000000   0.1483342117
   1.6250000000   0.1488425281
   1.6500000000   0.1493355664
   1.6750000000   0.1498140472
   1.7000000000   0.1502787769
   1.7250000000   0.1507306358
   1.7500000000   0.1511705698
   1.7750000000   0.1515995785
   1.8000000000   0.1520187066
   1.8250000000   0.1524290314
   1.8500000000   0.1528316546
   1.8750000000   0.1532276904
   1.9000000000   0.1536182569
   1.9250000000   0.1540044655
   1.9500000000   0.1543874129
   1.9750000000   0.1547681713
   2.0000000000   0.1551477819
   2.0250000000   0.1555272456
   2.0500000000   0.1559075186
   2.0750000000   0.1562895039
   2.1000000000   0.1566740484
   2.1250000000   0.1570619362
   2.1500000000   0.1574538869
   2.1750000000   0.1578505509
   2.2000000000   0.1582525087
   2.2250000000   0.1586602679
   2.2500000000   0.1590742641
   2.2750000000   0.1594948593
   2.3000000000   0.1599223443
   2.3250000000   0.1603569382
   2.3500000000   0.1607987923
   2.3750000000   0.1612479904
   2.4000000000   0.1617045540
   2.4250000000   0.1621684437
   2.4500000000   0.1626395650
   2.4750000000   0.1631177707
   2.5000000000   0.1636028669
   2.5250000000   0.1640946163
   2.5500000000   0.1645927448
   2.5750000000   0.1650969446
   2.6000000000   0.1656068811
   2.6250000000   0.1661221967
   2.6500000000   0.1666425169
   2.6750000000   0.1671674541
   2.7000000000   0.1676966143
   2.7250000000   0.1682295997
   2.7500000000   0.1687660152
   2.7750000000   0.1693054713
   2.8000000000   0.1698475892
   2.8250000000   0.1703920034
   2.8500000000   0.1709383665
   2.8750000000   0.1714863510
   2.9000000000   0.1720356534
   2.9250000000   0.1725859949
   2.9500000000   0.1731371253
   2.9750000000   0.1736888231
   3.0000000000   0.1742408981
   3.0250000000   0.1747925363
   3.0500000000   0.1753417821
   3.0750000000   0.1758860654
   3.1000000000   0.1764228705
   3.1250000000   0.1769497490
   3.1500000000   0.1774643307
   3.1750000000   0.1779643344
   3.2000000000   0.1784475789
   3.2250000000   0.1789119919
   3.2500000000   0.1793556201
   3.2750000000   0.1797766372
   3.3000000000   0.1801733521
   3.3250000000   0.1805442159
   3.3500000000   0.1808878290
   3.3750000000   0.1812029462
   3.4000000000   0.1814884824
   3.4250000000   0.1817435163
   3.4500000000   0.1819672940
   3.4750000000   0.1821592321
   3.5000000000   0.1823189182
   3.5250000000   0.1824461130
   3.5500000000   0.1825407492
   3.5750000000   0.1826029307
   3.6000000000   0.1826329308
   3.6250000000   0.1826311890
   3.6500000000   0.1825983069
   3.6750000000   0.1825350437
   3.7000000000   0.1824423097
   3.7250000000   0.1823211602
   3.7500000000   0.1821727877
   3.7750000000   0.1819985128
   3.8000000000   0.1817997758
   3.8250000000   0.1815781258
   3.8500000000   0.1813352104
   3.8750000000   0.1810727642
   3.9000000000   0.1807925967
   3.9250000000   0.1804965803
   3.9500000000   0.1801866370
   3.9750000000   0.1798647259
   4.0000000000   0.1795328296
   4.0250000000   0.1791929410
   4.0500000000   0.1788470502
   4.0750000000   0.1784971313
   4.1000000000   0.1781451297
   4.1250000000   0.1777929492
   4.1500000000   0.1774424405
   4.1750000000   0.1770953893
   4.2000000000   0.1767535058
   4.2250000000   0.1764184142
   4.2500000000   0.1760916439
   4.2750000000   0.1757746206
   4.3000000000   0.1754686592
   4.3250000000   0.1751749573
   4.3500000000   0.1748945898
   4.3750000000   0.1746285045
   4.4000000000   0.1743775187
   4.4250000000   0.1741423178
   4.4500000000   0.1739234532
   4.4750000000   0.1737213437
   4.5000000000   0.1735362755
   4.5250000000   0.1733684055
   4.5500000000   0.1732177634
   4.5750000000   0.1730842573
   4.6000000000   0.1729676775
   4.6250000000   0.1728677034
   4.6500000000   0.1727839097
   4.6750000000   0.1727157740
   4.7000000000   0.1726626847
   4.7250000000   0.1726239499
   4.7500000000   0.1725988057
   4.7750000000   0.1725864259
   4.8000000000   0.1725859315
   4.8250000000   0.1725964002
   4.8500000000   0.1726168762
   4.8750000000   0.1726463797
   4.9000000000   0.1726839167
   4.9250000000   0.1727284879
   4.9500000000   0.1727790981
   4.9750000000   0.1728347648
   5.0000000000   0.1728945261
