   0.0000000000   0.7784735215
   0.0250000000   0.7784770492
   0.0500000000   0.7784832882
   0.0750000000   0.7784872719
   0.1000000000   0.7784841065
   0.1250000000   0.7784689160
   0.1500000000   0.7784370120
   0.1750000000   0.7783837746
   0.2000000000   0.7783048785
   0.2250000000   0.7781961084
   0.2500000000   0.7780536384
   0.2750000000   0.7778737815
   0.3000000000   0.7776533212
   0.3250000000   0.7773891946
   0.3500000000   0.7770788750
   0.3750000000   0.7767199881
   0.4000000000   0.7763107465
   0.4250000000   0.7758494981
   0.4500000000   0.7753352133
   0.4750000000   0.7747669663
   0.5000000000   0.7741444758
   0.5250000000   0.7734675195
   0.5500000000   0.7727365300
   0.5750000000   0.7719519428
   0.6000000000   0.7711148495
   0.6250000000   0.7702262799
   0.6500000000   0.7692879142
   0.6750000000   0.7683012997
   0.7000000000   0.7672686244
   0.7250000000   0.7661918679
   0.7500000000   0.7650736389
   0.7750000000   0.7639162604
   0.8000000000   0.7627226729
   0.8250000000   0.7614954536
   0.8500000000   0.7602377869
   0.8750000000   0.7589524177
   0.9000000000   0.7576426906
   0.9250000000   0.7563114359
   0.9500000000   0.7549620797
   0.9750000000   0.7535974616
   1.0000000000   0.7522210170
   1.0250000000   0.7508355249
   1.0500000000   0.7494443636
   1.0750000000   0.7480501883
   1.1000000000   0.7466562608
   1.1250000000   0.7452650551
   1.1500000000   0.7438796629
   1.1750000000   0.7425023258
   1.2000000000   0.7411359171
   1.2250000000   0.7397824007
   1.2500000000   0.7384443892
   1.2750000000   0.7371235288
   1.3000000000   0.7358221345
   1.3250000000   0.7345415009
   1.3500000000   0.7332836147
   1.3750000000   0.7320493914
   1.4000000000   0.7308404656
   1.4250000000   0.7296573535
   1.4500000000   0.7285013213
   1.4750000000   0.7273724737
   1.5000000000   0.7262717010
   1.5250000000   0.7251986937
   1.5500000000   0.7241539682
   1.5750000000   0.7231368078
   1.6000000000   0.7221473669
   1.6250000000   0.7211845399
   1.6500000000   0.7202481419
   1.6750000000   0.7193367062
   1.7000000000   0.7184497424
   1.7250000000   0.7175854613
   1.7500000000   0.7167431096
   1.7750000000   0.7159206237
   1.8000000000   0.7151170393
   1.8250000000   0.7143300734
   1.8500000000   0.7135586095
   1.8750000000   0.7128002066
   1.9000000000   0.7120536587
   1.9250000000   0.7113164314
   1.9500000000   0.7105872943
   1.9750000000   0.7098636851
   2.0000000000   0.7091444134
   2.0250000000   0.7084269518
   2.0500000000   0.7077102111
   2.0750000000   0.7069917575
   2.1000000000   0.7062706582
   2.1250000000   0.7055446242
   2.1500000000   0.7048129264
   2.1750000000   0.7040734629
   2.2000000000   0.7033257456
   2.2250000000   0.7025678918
   2.2500000000   0.7017996808
   2.2750000000   0.7010194695
   2.3000000000   0.7002273192
   2.3250000000   0.6994218353
   2.3500000000   0.6986033648
   2.3750000000   0.6977707587
   2.4000000000   0.6969246419
   2.4250000000   0.6960640981
   2.4500000000   0.6951900124
   2.4750000000   0.6943016789
   2.5000000000   0.6934002170
   2.5250000000   0.6924851011
   2.5500000000   0.6915576522
   2.5750000000   0.6906174896
   2.6000000000   0.6896660983
   2.6250000000   0.6887032032
   2.6500000000   0.6877304133
   2.6750000000   0.6867475178
   2.7000000000   0.6857562092
   2.7250000000   0.6847563002
   2.7500000000   0.6837495266
   2.7750000000   0.6827356861
   2.8000000000   0.6817165207
   2.8250000000   0.6806917774
   2.8500000000   0.6796631716
   2.8750000000   0.6786303689
   2.9000000000   0.6775950297
   2.9250000000   0.6765567128
   2.9500000000   0.6755170020
   2.9750000000   0.6744753298
   3.0000000000   0.6734331870
   3.0250000000   0.6723905505
   3.0500000000   0.6713528429
   3.0750000000   0.6703254283
   3.1000000000   0.6693136949
   3.1250000000   0.6683227170
   3.1500000000   0.6673575270
   3.1750000000   0.6664227801
   3.2000000000   0.6655230309
   3.2250000000   0.6646624024
   3.2500000000   0.6638448679
   3.2750000000   0.6630739250
   3.3000000000   0.6623528834
   3.3250000000   0.6616845445
   3.3500000000   0.6610714952
   3.3750000000   0.6605157938
   3.4000000000   0.6600192697
   3.4250000000   0.6595832153
   3.4500000000   0.6592086917
   3.4750000000   0.6588962263
   3.5000000000   0.6586461243
   3.5250000000   0.6584581711
   3.5500000000   0.6583319488
   3.5750000000   0.6582665438
   3.6000000000   0.6582608668
   3.6250000000   0.6583133649
   3.6500000000   0.6584223439
   3.6750000000   0.6585856849
   3.7000000000   0.6588011681
   3.7250000000   0.6590661919
   3.7500000000   0.6593780982
   3.7750000000   0.6597338937
   3.8000000000   0.6601305745
   3.8250000000   0.6605648501
   3.8500000000   0.6610334663
   3.8750000000   0.6615329305
   3.9000000000   0.6620598334
   3.9250000000   0.6626105744
   3.9500000000   0.6631816811
   3.9750000000   0.6637695354
   4.0000000000   0.6643706896
   4.0250000000   0.6649815928
   4.0500000000   0.6655989038
   4.0750000000   0.6662192166
   4.1000000000   0.6668393705
   4.1250000000   0.6674561742
   4.1500000000   0.6680667124
   4.1750000000   0.6686680694
   4.2000000000   0.6692576308
   4.2250000000   0.6698328069
   4.2500000000   0.6703913298
   4.2750000000   0.6709309755
   4.3000000000   0.6714498570
   4.3250000000   0.6719461452
   4.3500000000   0.6724183576
   4.3750000000   0.6728650773
   4.4000000000   0.6732852385
   4.4250000000   0.6736778434
   4.4500000000   0.6740422436
   4.4750000000   0.6743778561
   4.5000000000   0.6746844404
   4.5250000000   0.6749618133
   4.5500000000   0.6752101223
   4.5750000000   0.6754295594
   4.6000000000   0.6756206313
   4.6250000000   0.6757838716
   4.6500000000   0.6759201088
   4.6750000000   0.6760301777
   4.7000000000   0.6761151842
   4.7250000000   0.6761762172
   4.7500000000   0.6762146107
   4.7750000000   0.6762316558
   4.8000000000   0.6762288617
   4.8250000000   0.6762076668
   4.8500000000   0.6761696999
   4.8750000000   0.6761164914
   4.9000000000   0.6760497335
   4.9250000000   0.6759709929
   4.9500000000   0.6758819710
   4.9750000000   0.6757842173
   5.0000000000   0.6756793905
