   0.0000000000   0.0138505933
   0.0250000000   0.0138502366
   0.0500000000   0.0138487808
   0.0750000000   0.0138461597
   0.1000000000   0.0138423359
   0.1250000000   0.0138373142
   0.1500000000   0.0138311386
   0.1750000000   0.0138239151
   0.2000000000   0.0138157972
   0.2250000000   0.0138070142
   0.2500000000   0.0137978455
   0.2750000000   0.0137886526
   0.3000000000   0.0137798420
   0.3250000000   0.0137719017
   0.3500000000   0.0137653522
   0.3750000000   0.0137607875
   0.4000000000   0.0137588150
   0.4250000000   0.0137601013
   0.4500000000   0.0137653017
   0.4750000000   0.0137751119
   0.5000000000   0.0137901880
   0.5250000000   0.0138112053
   0.5500000000   0.0138387694
   0.5750000000   0.0138734835
   0.6000000000   0.0139158524
   0.6250000000   0.0139663586
   0.6500000000   0.0140253601
   0.6750000000   0.0140931776
   0.7000000000   0.0141699859
   0.7250000000   0.0142559131
   0.7500000000   0.0143509266
   0.7750000000   0.0144549450
   0.8000000000   0.0145677186
   0.8250000000   0.0146889543
   0.8500000000   0.0148181909
   0.8750000000   0.0149549367
   0.9000000000   0.0150985396
   0.9250000000   0.0152483367
   0.9500000000   0.0154035181
   0.9750000000   0.0155632891
   1.0000000000   0.0157267262
   1.0250000000   0.0158929507
   1.0500000000   0.0160609765
   1.0750000000   0.0162298938
   1.1000000000   0.0163987080
   1.1250000000   0.0165665324
   1.1500000000   0.0167324166
   1.1750000000   0.0168955482
   1.2000000000   0.0170550694
   1.2250000000   0.0172102866
   1.2500000000   0.0173604745
   1.2750000000   0.0175050936
   1.3000000000   0.0176435812
   1.3250000000   0.0177755757
   1.3500000000   0.0179006942
   1.3750000000   0.0180187646
   1.4000000000   0.0181295893
   1.4250000000   0.0182331844
   1.4500000000   0.0183295308
   1.4750000000   0.0184188203
   1.5000000000   0.0185011945
   1.5250000000   0.0185769991
   1.5500000000   0.0186465099
   1.5750000000   0.0187101965
   1.6000000000   0.0187684369
   1.6250000000   0.0188217901
   1.6500000000   0.0188707006
   1.6750000000   0.0189157804
   1.7000000000   0.0189575040
   1.7250000000   0.0189965009
   1.7500000000   0.0190332415
   1.7750000000   0.0190683402
   1.8000000000   0.0191022328
   1.8250000000   0.0191354911
   1.8500000000   0.0191684918
   1.8750000000   0.0192017428
   1.9000000000   0.0192355440
   1.9250000000   0.0192703248
   1.9500000000   0.0193062974
   1.9750000000   0.0193438054
   2.0000000000   0.0193829690
   2.0250000000   0.0194240455
   2.0500000000   0.0194670653
   2.0750000000   0.0195122038
   2.1000000000   0.0195594090
   2.1250000000   0.0196087839
   2.1500000000   0.0196602050
   2.1750000000   0.0197137152
   2.2000000000   0.0197691334
   2.2250000000   0.0198264568
   2.2500000000   0.0198854610
   2.2750000000   0.0199461125
   2.3000000000   0.0200081585
   2.3250000000   0.0200715489
   2.3500000000   0.0201360163
   2.3750000000   0.0202015072
   2.4000000000   0.0202677511
   2.4250000000   0.0203347019
   2.4500000000   0.0204020961
   2.4750000000   0.0204699035
   2.5000000000   0.0205378748
   2.5250000000   0.0206060017
   2.5500000000   0.0206740538
   2.5750000000   0.0207420487
   2.6000000000   0.0208097775
   2.6250000000   0.0208772851
   2.6500000000   0.0209443850
   2.6750000000   0.0210111489
   2.7000000000   0.0210774119
   2.7250000000   0.0211432714
   2.7500000000   0.0212085816
   2.7750000000   0.0212734632
   2.8000000000   0.0213377870
   2.8250000000   0.0214016939
   2.8500000000   0.0214650680
   2.8750000000   0.0215280674
   2.9000000000   0.0215905861
   2.9250000000   0.0216527962
   2.9500000000   0.0217145988
   2.9750000000   0.0217761767
   3.0000000000   0.0218374351
   3.0250000000   0.0218983484
   3.0500000000   0.0219593981
   3.0750000000   0.0220208173
   3.1000000000   0.0220829491
   3.1250000000   0.0221459808
   3.1500000000   0.0222101901
   3.1750000000   0.0222756804
   3.2000000000   0.0223426294
   3.2250000000   0.0224110266
   3.2500000000   0.0224809248
   3.2750000000   0.0225521798
   3.3000000000   0.0226247061
   3.3250000000   0.0226982187
   3.3500000000   0.0227724922
   3.3750000000   0.0228471066
   3.4000000000   0.0229217085
   3.4250000000   0.0229957600
   3.4500000000   0.0230688027
   3.4750000000   0.0231402093
   3.5000000000   0.0232094491
   3.5250000000   0.0232758415
   3.5500000000   0.0233388229
   3.5750000000   0.0233977011
   3.6000000000   0.0234519222
   3.6250000000   0.0235008256
   3.6500000000   0.0235439099
   3.6750000000   0.0235805879
   3.7000000000   0.0236104501
   3.7250000000   0.0236330194
   3.7500000000   0.0236480115
   3.7750000000   0.0236550885
   3.8000000000   0.0236541164
   3.8250000000   0.0236449163
   3.8500000000   0.0236275189
   3.8750000000   0.0236019139
   3.9000000000   0.0235683006
   3.9250000000   0.0235268360
   3.9500000000   0.0234778813
   3.9750000000   0.0234217489
   4.0000000000   0.0233589457
   4.0250000000   0.0232899191
   4.0500000000   0.0232152971
   4.0750000000   0.0231356341
   4.1000000000   0.0230516487
   4.1250000000   0.0229639695
   4.1500000000   0.0228733711
   4.1750000000   0.0227805209
   4.2000000000   0.0226862133
   4.2250000000   0.0225911186
   4.2500000000   0.0224960159
   4.2750000000   0.0224015440
   4.3000000000   0.0223084344
   4.3250000000   0.0222172639
   4.3500000000   0.0221286882
   4.3750000000   0.0220431969
   4.4000000000   0.0219613474
   4.4250000000   0.0218835232
   4.4500000000   0.0218101677
   4.4750000000   0.0217415457
   4.5000000000   0.0216779780
   4.5250000000   0.0216196055
   4.5500000000   0.0215666242
   4.5750000000   0.0215190526
   4.6000000000   0.0214769667
   4.6250000000   0.0214402698
   4.6500000000   0.0214089283
   4.6750000000   0.0213827430
   4.7000000000   0.0213615856
   4.7250000000   0.0213451715
   4.7500000000   0.0213332960
   4.7750000000   0.0213256086
   4.8000000000   0.0213218492
   4.8250000000   0.0213216225
   4.8500000000   0.0213246344
   4.8750000000   0.0213304667
   4.9000000000   0.0213388123
   4.9250000000   0.0213492503
   4.9500000000   0.0213614806
   4.9750000000   0.0213750984
   5.0000000000   0.0213898274
