   0.0000000000   0.0000000000
   0.0250000000   0.0012180267
   0.0500000000   0.0024360860
   0.0750000000   0.0036541352
   0.1000000000   0.0048720490
   0.1250000000   0.0060896222
   0.1500000000   0.0073065725
   0.1750000000   0.0085225463
   0.2000000000   0.0097371229
   0.2250000000   0.0109498233
   0.2500000000   0.0121601151
   0.2750000000   0.0133674235
   0.3000000000   0.0145711360
   0.3250000000   0.0157706156
   0.3500000000   0.0169652044
   0.3750000000   0.0181542381
   0.4000000000   0.0193370478
   0.4250000000   0.0205129759
   0.4500000000   0.0216813748
   0.4750000000   0.0228416237
   0.5000000000   0.0239931244
   0.5250000000   0.0251353185
   0.5500000000   0.0262676791
   0.5750000000   0.0273897294
   0.6000000000   0.0285010299
   0.6250000000   0.0296011979
   0.6500000000   0.0306898905
   0.6750000000   0.0317668256
   0.7000000000   0.0328317602
   0.7250000000   0.0338845136
   0.7500000000   0.0349249409
   0.7750000000   0.0359529591
   0.8000000000   0.0369685158
   0.8250000000   0.0379716188
   0.8500000000   0.0389623001
   0.8750000000   0.0399406495
   0.9000000000   0.0409067742
   0.9250000000   0.0418608368
   0.9500000000   0.0428030098
   0.9750000000   0.0437335197
   1.0000000000   0.0446525957
   1.0250000000   0.0455605197
   1.0500000000   0.0464575695
   1.0750000000   0.0473440755
   1.1000000000   0.0482203575
   1.1250000000   0.0490867877
   1.1500000000   0.0499437217
   1.1750000000   0.0507915681
   1.2000000000   0.0516307122
   1.2250000000   0.0524615928
   1.2500000000   0.0532846183
   1.2750000000   0.0541002511
   1.3000000000   0.0549089151
   1.3250000000   0.0557110877
   1.3500000000   0.0565071991
   1.3750000000   0.0572977315
   1.4000000000   0.0580831097
   1.4250000000   0.0588638086
   1.4500000000   0.0596402343
   1.4750000000   0.0604128399
   1.5000000000   0.0611819977
   1.5250000000   0.0619481236
   1.5500000000   0.0627115398
   1.5750000000   0.0634726089
   1.6000000000   0.0642315868
   1.6250000000   0.0649887669
   1.6500000000   0.0657443238
   1.6750000000   0.0664984677
   1.7000000000   0.0672512787
   1.7250000000   0.0680028725
   1.7500000000   0.0687532252
   1.7750000000   0.0695023507
   1.8000000000   0.0702501157
   1.8250000000   0.0709964296
   1.8500000000   0.0717410496
   1.8750000000   0.0724837828
   1.9000000000   0.0732242818
   1.9250000000   0.0739622598
   1.9500000000   0.0746972749
   1.9750000000   0.0754289591
   2.0000000000   0.0761567914
   2.0250000000   0.0768803399
   2.0500000000   0.0775990236
   2.0750000000   0.0783123674
   2.1000000000   0.0790197525
   2.1250000000   0.0797206838
   2.1500000000   0.0804145279
   2.1750000000   0.0811007941
   2.2000000000   0.0817788581
   2.2250000000   0.0824482568
   2.2500000000   0.0831083977
   2.2750000000   0.0837588670
   2.3000000000   0.0843991242
   2.3250000000   0.0850288233
   2.3500000000   0.0856474922
   2.3750000000   0.0862548675
   2.4000000000   0.0868505577
   2.4250000000   0.0874343920
   2.4500000000   0.0880060671
   2.4750000000   0.0885655096
   2.5000000000   0.0891125066
   2.5250000000   0.0896470827
   2.5500000000   0.0901691127
   2.5750000000   0.0906787144
   2.6000000000   0.0911758436
   2.6250000000   0.0916607024
   2.6500000000   0.0921333168
   2.6750000000   0.0925939612
   2.7000000000   0.0930427179
   2.7250000000   0.0934799185
   2.7500000000   0.0939056858
   2.7750000000   0.0943203925
   2.8000000000   0.0947241846
   2.8250000000   0.0951174586
   2.8500000000   0.0955003664
   2.8750000000   0.0958733115
   2.9000000000   0.0962364350
   2.9250000000   0.0965901313
   2.9500000000   0.0969345156
   2.9750000000   0.0972699589
   3.0000000000   0.0975965370
   3.0250000000   0.0971058121
   3.0500000000   0.0966176159
   3.0750000000   0.0961347519
   3.1000000000   0.0956600786
   3.1250000000   0.0951962318
   3.1500000000   0.0947458595
   3.1750000000   0.0943113460
   3.2000000000   0.0938950505
   3.2250000000   0.0934990347
   3.2500000000   0.0931253046
   3.2750000000   0.0927755426
   3.3000000000   0.0924513540
   3.3250000000   0.0921540027
   3.3500000000   0.0918846632
   3.3750000000   0.0916441604
   3.4000000000   0.0914332261
   3.4250000000   0.0912522437
   3.4500000000   0.0911015087
   3.4750000000   0.0909809772
   3.5000000000   0.0908905308
   3.5250000000   0.0908297285
   3.5500000000   0.0907980737
   3.5750000000   0.0907947704
   3.6000000000   0.0908189913
   3.6250000000   0.0908696365
   3.6500000000   0.0909456029
   3.6750000000   0.0910455442
   3.7000000000   0.0911681405
   3.7250000000   0.0913118591
   3.7500000000   0.0914752238
   3.7750000000   0.0916565757
   3.8000000000   0.0918543406
   3.8250000000   0.0920667905
   3.8500000000   0.0922923085
   3.8750000000   0.0925291497
   3.9000000000   0.0927757039
   3.9250000000   0.0930302557
   3.9500000000   0.0932912442
   3.9750000000   0.0935570230
   4.0000000000   0.0938261161
   4.0250000000   0.0940969781
   4.0500000000   0.0943682469
   4.0750000000   0.0946385028
   4.1000000000   0.0949065190
   4.1250000000   0.0951710203
   4.1500000000   0.0954309306
   4.1750000000   0.0956851315
   4.2000000000   0.0959327075
   4.2250000000   0.0961727043
   4.2500000000   0.0964043720
   4.2750000000   0.0966269235
   4.3000000000   0.0968397752
   4.3250000000   0.0970423066
   4.3500000000   0.0972340983
   4.3750000000   0.0974146924
   4.4000000000   0.0975838287
   4.4250000000   0.0977412054
   4.4500000000   0.0978867145
   4.4750000000   0.0980202020
   4.5000000000   0.0981417025
   4.5250000000   0.0982512000
   4.5500000000   0.0983488608
   4.5750000000   0.0984347953
   4.6000000000   0.0985092892
   4.6250000000   0.0985725664
   4.6500000000   0.0986250186
   4.6750000000   0.0986669690
   4.7000000000   0.0986989009
   4.7250000000   0.0987212216
   4.7500000000   0.0987344903
   4.7750000000   0.0987391827
   4.8000000000   0.0987359177
   4.8250000000   0.0987252223
   4.8500000000   0.0987077583
   4.8750000000   0.0986840870
   4.9000000000   0.0986548956
   4.9250000000   0.0986207624
   4.9500000000   0.0985823825
   4.9750000000   0.0985403336
   5.0000000000   0.0984953013
