   0.0000000000   0.0000000000
   0.0250000000   0.0012180299
   0.0500000000   0.0024360987
   0.0750000000   0.0036541636
   0.1000000000   0.0048720998
   0.1250000000   0.0060897013
   0.1500000000   0.0073066871
   0.1750000000   0.0085227014
   0.2000000000   0.0097373268
   0.2250000000   0.0109500799
   0.2500000000   0.0121604338
   0.2750000000   0.0133678069
   0.3000000000   0.0145715948
   0.3250000000   0.0157711508
   0.3500000000   0.0169658282
   0.3750000000   0.0181549496
   0.4000000000   0.0193378612
   0.4250000000   0.0205138878
   0.4500000000   0.0216824015
   0.4750000000   0.0228427594
   0.5000000000   0.0239943877
   0.5250000000   0.0251367007
   0.5500000000   0.0262692014
   0.5750000000   0.0273913799
   0.6000000000   0.0285028327
   0.6250000000   0.0296031375
   0.6500000000   0.0306919943
   0.6750000000   0.0317690742
   0.7000000000   0.0328341847
   0.7250000000   0.0338870903
   0.7500000000   0.0349277049
   0.7750000000   0.0359558822
   0.8000000000   0.0369716373
   0.8250000000   0.0379749056
   0.8500000000   0.0389657963
   0.8750000000   0.0399443168
   0.9000000000   0.0409106618
   0.9250000000   0.0418649008
   0.9500000000   0.0428073051
   0.9750000000   0.0437379963
   1.0000000000   0.0446573144
   1.0250000000   0.0455654243
   1.0500000000   0.0464627273
   1.0750000000   0.0473494237
   1.1000000000   0.0482259700
   1.1250000000   0.0490925948
   1.1500000000   0.0499498048
   1.1750000000   0.0507978499
   1.2000000000   0.0516372817
   1.2250000000   0.0524683650
   1.2500000000   0.0532916904
   1.2750000000   0.0541075300
   1.3000000000   0.0549165065
   1.3250000000   0.0557188900
   1.3500000000   0.0565153269
   1.3750000000   0.0573060743
   1.4000000000   0.0580917914
   1.4250000000   0.0588727096
   1.4500000000   0.0596494879
   1.4750000000   0.0604223171
   1.5000000000   0.0611918417
   1.5250000000   0.0619581955
   1.5500000000   0.0627219931
   1.5750000000   0.0634832943
   1.6000000000   0.0642426685
   1.6250000000   0.0650000851
   1.6500000000   0.0657560533
   1.6750000000   0.0665104378
   1.7000000000   0.0672636754
   1.7250000000   0.0680155138
   1.7500000000   0.0687663085
   1.7750000000   0.0695156823
   1.8000000000   0.0702639048
   1.8250000000   0.0710104705
   1.8500000000   0.0717555632
   1.8750000000   0.0724985513
   1.9000000000   0.0732395384
   1.9250000000   0.0739777738
   1.9500000000   0.0747132921
   1.9750000000   0.0754452358
   2.0000000000   0.0761735862
   2.0250000000   0.0768973957
   2.0500000000   0.0776166121
   2.0750000000   0.0783302178
   2.1000000000   0.0790381500
   2.1250000000   0.0797393434
   2.1500000000   0.0804337488
   2.1750000000   0.0811202766
   2.2000000000   0.0817989157
   2.2250000000   0.0824685749
   2.2500000000   0.0831293045
   2.2750000000   0.0837800327
   2.3000000000   0.0844208919
   2.3250000000   0.0850508476
   2.3500000000   0.0856701318
   2.3750000000   0.0862777609
   2.4000000000   0.0868740796
   2.4250000000   0.0874581645
   2.4500000000   0.0880304810
   2.4750000000   0.0885901705
   2.5000000000   0.0891378222
   2.5250000000   0.0896726412
   2.5500000000   0.0901953393
   2.5750000000   0.0907051796
   2.6000000000   0.0912029904
   2.6250000000   0.0916880835
   2.6500000000   0.0921613934
   2.6750000000   0.0926222674
   2.7000000000   0.0930717337
   2.7250000000   0.0935091593
   2.7500000000   0.0939356508
   2.7750000000   0.0943505778
   2.8000000000   0.0947551091
   2.8250000000   0.0951485987
   2.8500000000   0.0955322610
   2.8750000000   0.0959054171
   2.9000000000   0.0962693110
   2.9250000000   0.0966232136
   2.9500000000   0.0969683844
   2.9750000000   0.0973040293
   3.0000000000   0.0976314106
   3.0250000000   0.0971404683
   3.0500000000   0.0966520623
   3.0750000000   0.0961689861
   3.1000000000   0.0956941121
   3.1250000000   0.0952300660
   3.1500000000   0.0947795096
   3.1750000000   0.0943448169
   3.2000000000   0.0939283607
   3.2250000000   0.0935321919
   3.2500000000   0.0931583300
   3.2750000000   0.0928084462
   3.3000000000   0.0924841589
   3.3250000000   0.0921867205
   3.3500000000   0.0919173181
   3.3750000000   0.0916767647
   3.4000000000   0.0914658045
   3.4250000000   0.0912848083
   3.4500000000   0.0911340836
   3.4750000000   0.0910135741
   3.5000000000   0.0909231725
   3.5250000000   0.0908624250
   3.5500000000   0.0908308461
   3.5750000000   0.0908276267
   3.6000000000   0.0908519503
   3.6250000000   0.0909027037
   3.6500000000   0.0909787944
   3.6750000000   0.0910788628
   3.7000000000   0.0912015994
   3.7250000000   0.0913454582
   3.7500000000   0.0915089735
   3.7750000000   0.0916904729
   3.8000000000   0.0918883929
   3.8250000000   0.0921009923
   3.8500000000   0.0923266646
   3.8750000000   0.0925636522
   3.9000000000   0.0928103553
   3.9250000000   0.0930650460
   3.9500000000   0.0933261740
   3.9750000000   0.0935920806
   4.0000000000   0.0938613010
   4.0250000000   0.0941322773
   4.0500000000   0.0944036586
   4.0750000000   0.0946740134
   4.1000000000   0.0949421263
   4.1250000000   0.0952067104
   4.1500000000   0.0954667011
   4.1750000000   0.0957209686
   4.2000000000   0.0959686088
   4.2250000000   0.0962086566
   4.2500000000   0.0964403733
   4.2750000000   0.0966629611
   4.3000000000   0.0968758480
   4.3250000000   0.0970784025
   4.3500000000   0.0972702170
   4.3750000000   0.0974508228
   4.4000000000   0.0976199712
   4.4250000000   0.0977773499
   4.4500000000   0.0979228622
   4.4750000000   0.0980563436
   4.5000000000   0.0981778401
   4.5250000000   0.0982873250
   4.5500000000   0.0983849760
   4.5750000000   0.0984708929
   4.6000000000   0.0985453725
   4.6250000000   0.0986086280
   4.6500000000   0.0986610624
   4.6750000000   0.0987029881
   4.7000000000   0.0987348995
   4.7250000000   0.0987571930
   4.7500000000   0.0987704392
   4.7750000000   0.0987751025
   4.8000000000   0.0987718131
   4.8250000000   0.0987610871
   4.8500000000   0.0987435973
   4.8750000000   0.0987198941
   4.9000000000   0.0986906757
   4.9250000000   0.0986565095
   4.9500000000   0.0986181015
   4.9750000000   0.0985760186
   5.0000000000   0.0985309574
