   0.0000000000  -0.6066015119
   0.0250000000  -0.6066015119
   0.0500000000  -0.6065926055
   0.0750000000  -0.6065881005
   0.1000000000  -0.6065857746
   0.1250000000  -0.6065973158
   0.1500000000  -0.6066202979
   0.1750000000  -0.6066661111
   0.2000000000  -0.6067320110
   0.2250000000  -0.6068289836
   0.2500000000  -0.6069538672
   0.2750000000  -0.6071171530
   0.3000000000  -0.6073151797
   0.3250000000  -0.6075578694
   0.3500000000  -0.6078409960
   0.3750000000  -0.6081738551
   0.4000000000  -0.6085516069
   0.4250000000  -0.6089828806
   0.4500000000  -0.6094621901
   0.4750000000  -0.6099974743
   0.5000000000  -0.6105825847
   0.5250000000  -0.6112247615
   0.5500000000  -0.6119171937
   0.5750000000  -0.6126664304
   0.6000000000  -0.6134650130
   0.6250000000  -0.6143188219
   0.6500000000  -0.6152197810
   0.6750000000  -0.6161731397
   0.7000000000  -0.6171702494
   0.7250000000  -0.6182157806
   0.7500000000  -0.6193005709
   0.7750000000  -0.6204287781
   0.8000000000  -0.6215907990
   0.8250000000  -0.6227903573
   0.8500000000  -0.6240174936
   0.8750000000  -0.6252755884
   0.9000000000  -0.6265544216
   0.9250000000  -0.6278571299
   0.9500000000  -0.6291733361
   0.9750000000  -0.6305060403
   1.0000000000  -0.6318448168
   1.0250000000  -0.6331926389
   1.0500000000  -0.6345391431
   1.0750000000  -0.6358873862
   1.1000000000  -0.6372271751
   1.1250000000  -0.6385617558
   1.1500000000  -0.6398812078
   1.1750000000  -0.6411890639
   1.2000000000  -0.6424757676
   1.2250000000  -0.6437452238
   1.2500000000  -0.6449883179
   1.2750000000  -0.6462093961
   1.3000000000  -0.6473998460
   1.3250000000  -0.6485645058
   1.3500000000  -0.6496953061
   1.3750000000  -0.6507976069
   1.4000000000  -0.6518639009
   1.4250000000  -0.6529000790
   1.4500000000  -0.6538991936
   1.4750000000  -0.6548676534
   1.5000000000  -0.6557990475
   1.5250000000  -0.6567002697
   1.5500000000  -0.6575654033
   1.5750000000  -0.6584017765
   1.6000000000  -0.6592039085
   1.6250000000  -0.6599794966
   1.6500000000  -0.6607234246
   1.6750000000  -0.6614436827
   1.7000000000  -0.6621354393
   1.7250000000  -0.6628068949
   1.7500000000  -0.6634534178
   1.7750000000  -0.6640833335
   1.8000000000  -0.6646921256
   1.8250000000  -0.6652881613
   1.8500000000  -0.6658669581
   1.8750000000  -0.6664368470
   1.9000000000  -0.6669933053
   1.9250000000  -0.6675445584
   1.9500000000  -0.6680859792
   1.9750000000  -0.6686256290
   2.0000000000  -0.6691587238
   2.0250000000  -0.6696931147
   2.0500000000  -0.6702238213
   2.0750000000  -0.6707584520
   2.1000000000  -0.6712918039
   2.1250000000  -0.6718312228
   2.1500000000  -0.6723712702
   2.1750000000  -0.6729190226
   2.2000000000  -0.6734688048
   2.2250000000  -0.6740274280
   2.2500000000  -0.6745889897
   2.2750000000  -0.6751600504
   2.3000000000  -0.6757344978
   2.3250000000  -0.6763186636
   2.3500000000  -0.6769062512
   2.3750000000  -0.6775033908
   2.4000000000  -0.6781036312
   2.4250000000  -0.6787129326
   2.4500000000  -0.6793247219
   2.4750000000  -0.6799448228
   2.5000000000  -0.6805665737
   2.5250000000  -0.6811956958
   2.5500000000  -0.6818254724
   2.5750000000  -0.6824615546
   2.6000000000  -0.6830972020
   2.6250000000  -0.6837380259
   2.6500000000  -0.6843772913
   2.6750000000  -0.6850205969
   2.7000000000  -0.6856612379
   2.7250000000  -0.6863048241
   2.7500000000  -0.6869447025
   2.7750000000  -0.6875865129
   2.8000000000  -0.6882236712
   2.8250000000  -0.6888618623
   2.8500000000  -0.6894945838
   2.8750000000  -0.6901275765
   2.9000000000  -0.6907544281
   2.9250000000  -0.6913809417
   2.9500000000  -0.6920007999
   2.9750000000  -0.6926198709
   3.0000000000  -0.6932319326
   3.0250000000  -0.6938425875
   3.0500000000  -0.6944507212
   3.0750000000  -0.6950544806
   3.1000000000  -0.6956512029
   3.1250000000  -0.6962391102
   3.1500000000  -0.6968156204
   3.1750000000  -0.6973790385
   3.2000000000  -0.6979268728
   3.2250000000  -0.6984575232
   3.2500000000  -0.6989686028
   3.2750000000  -0.6994586239
   3.3000000000  -0.6999253257
   3.3250000000  -0.7003673577
   3.3500000000  -0.7007826135
   3.3750000000  -0.7011699117
   3.4000000000  -0.7015273354
   3.4250000000  -0.7018539101
   3.4500000000  -0.7021479486
   3.4750000000  -0.7024087253
   3.5000000000  -0.7026348256
   3.5250000000  -0.7028258159
   3.5500000000  -0.7029805963
   3.5750000000  -0.7030990660
   3.6000000000  -0.7031804783
   3.6250000000  -0.7032250998
   3.6500000000  -0.7032325673
   3.6750000000  -0.7032035403
   3.7000000000  -0.7031380587
   3.7250000000  -0.7030371876
   3.7500000000  -0.7029013756
   3.7750000000  -0.7027320916
   3.8000000000  -0.7025301829
   3.8250000000  -0.7022975043
   3.8500000000  -0.7020352758
   3.8750000000  -0.7017457036
   3.9000000000  -0.7014303384
   3.9250000000  -0.7010916881
   3.9500000000  -0.7007315772
   3.9750000000  -0.7003527525
   4.0000000000  -0.6999572435
   4.0250000000  -0.6995479619
   4.0500000000  -0.6991270645
   4.0750000000  -0.6986975470
   4.1000000000  -0.6982616102
   4.1250000000  -0.6978222497
   4.1500000000  -0.6973816260
   4.1750000000  -0.6969426507
   4.2000000000  -0.6965073623
   4.2250000000  -0.6960785095
   4.2500000000  -0.6956579332
   4.2750000000  -0.6952481485
   4.3000000000  -0.6948507328
   4.3250000000  -0.6944679077
   4.3500000000  -0.6941009340
   4.3750000000  -0.6937516930
   4.4000000000  -0.6934210898
   4.4250000000  -0.6931106342
   4.4500000000  -0.6928208520
   4.4750000000  -0.6925528656
   4.5000000000  -0.6923068133
   4.5250000000  -0.6920834303
   4.5500000000  -0.6918824753
   4.5750000000  -0.6917043109
   4.6000000000  -0.6915483379
   4.6250000000  -0.6914145749
   4.6500000000  -0.6913020991
   4.6750000000  -0.6912106251
   4.7000000000  -0.6911389515
   4.7250000000  -0.6910865378
   4.7500000000  -0.6910519570
   4.7750000000  -0.6910344690
   4.8000000000  -0.6910324788
   4.8250000000  -0.6910451064
   4.8500000000  -0.6910706489
   4.8750000000  -0.6911081467
   4.9000000000  -0.6911558487
   4.9250000000  -0.6912127742
   4.9500000000  -0.6912771810
   4.9750000000  -0.6913481217
   5.0000000000  -0.6914239144
