   0.0		-0.6065995216
   0.0250000000  -0.6065995216
   0.0500000000  -0.6065926030
   0.0750000000  -0.6065861127
   0.1000000000  -0.6065857696
   0.1250000000  -0.6065953306
   0.1500000000  -0.6066202907
   0.1750000000  -0.6066641289
   0.2000000000  -0.6067320021
   0.2250000000  -0.6068270048
   0.2500000000  -0.6069538573
   0.2750000000  -0.6071151784
   0.3000000000  -0.6073151695
   0.3250000000  -0.6075559000
   0.3500000000  -0.6078409864
   0.3750000000  -0.6081718916
   0.4000000000  -0.6085515989
   0.4250000000  -0.6089809241
   0.4500000000  -0.6094621848
   0.4750000000  -0.6099955258
   0.5000000000  -0.6105825830
   0.5250000000  -0.6112228221
   0.5500000000  -0.6119171968
   0.5750000000  -0.6126645010
   0.6000000000  -0.6134650217
   0.6250000000  -0.6143169033
   0.6500000000  -0.6152197961
   0.6750000000  -0.6161712328
   0.7000000000  -0.6171702716
   0.7250000000  -0.6182138858
   0.7500000000  -0.6193006007
   0.7750000000  -0.6204268960
   0.8000000000  -0.6215908367
   0.8250000000  -0.6227884880
   0.8500000000  -0.6240175394
   0.8750000000  -0.6252737319
   0.9000000000  -0.6265544753
   0.9250000000  -0.6278552860
   0.9500000000  -0.6291733976
   0.9750000000  -0.6305042086
   1.0000000000  -0.6318448854
   1.0250000000  -0.6331908188
   1.0500000000  -0.6345392183
   1.0750000000  -0.6358855770
   1.1000000000  -0.6372272560
   1.1250000000  -0.6385599567
   1.1500000000  -0.6398812936
   1.1750000000  -0.6411872738
   1.2000000000  -0.6424758573
   1.2250000000  -0.6437434417
   1.2500000000  -0.6449884105
   1.2750000000  -0.6462076211
   1.3000000000  -0.6473999405
   1.3250000000  -0.6485627369
   1.3500000000  -0.6496954014
   1.3750000000  -0.6507958430
   1.4000000000  -0.6518639962
   1.4250000000  -0.6528983194
   1.4500000000  -0.6538992881
   1.4750000000  -0.6548658974
   1.5000000000  -0.6557991407
   1.5250000000  -0.6566985166
   1.5500000000  -0.6575654946
   1.5750000000  -0.6584000260
   1.6000000000  -0.6592039976
   1.6250000000  -0.6599777485
   1.6500000000  -0.6607235115
   1.6750000000  -0.6614419369
   1.7000000000  -0.6621355241
   1.7250000000  -0.6628051516
   1.7500000000  -0.6634535006
   1.7750000000  -0.6640815930
   1.8000000000  -0.6646922069
   1.8250000000  -0.6652864241
   1.8500000000  -0.6658670384
   1.8750000000  -0.6664351137
   1.9000000000  -0.6669933853
   1.9250000000  -0.6675428297
   1.9500000000  -0.6680860597
   1.9750000000  -0.6686239056
   2.0000000000  -0.6691588055
   2.0250000000  -0.6696913974
   2.0500000000  -0.6702239051
   2.0750000000  -0.6707567417
   2.1000000000  -0.6712918905
   2.1250000000  -0.6718295202
   2.1500000000  -0.6723713604
   2.1750000000  -0.6729173285
   2.2000000000  -0.6734688993
   2.2250000000  -0.6740257430
   2.2500000000  -0.6745890892
   2.2750000000  -0.6751583750
   2.3000000000  -0.6757346027
   2.3250000000  -0.6763169984
   2.3500000000  -0.6769063620
   2.3750000000  -0.6775017361
   2.4000000000  -0.6781037481
   2.4250000000  -0.6787112885
   2.4500000000  -0.6793248451
   2.4750000000  -0.6799431894
   2.5000000000  -0.6805667033
   2.5250000000  -0.6811940732
   2.5500000000  -0.6818256083
   2.5750000000  -0.6824599426
   2.6000000000  -0.6830973441
   2.6250000000  -0.6837364244
   2.6500000000  -0.6843774394
   2.6750000000  -0.6850190055
   2.7000000000  -0.6856613917
   2.7250000000  -0.6863032427
   2.7500000000  -0.6869448616
   2.7750000000  -0.6875849409
   2.8000000000  -0.6882238353
   2.8250000000  -0.6888602995
   2.8500000000  -0.6894947526
   2.8750000000  -0.6901260225
   2.9000000000  -0.6907546012
   2.9250000000  -0.6913793963
   2.9500000000  -0.6920009771
   2.9750000000  -0.6926183337
   3.0000000000  -0.6932321136
   3.0250000000  -0.6938427515
   3.0500000000  -0.6944509007
   3.0750000000  -0.6950546415
   3.1000000000  -0.6956513777
   3.1250000000  -0.6962392649
   3.1500000000  -0.6968157875
   3.1750000000  -0.6973791841
   3.2000000000  -0.6979270295
   3.2250000000  -0.6984576571
   3.2500000000  -0.6989687464
   3.2750000000  -0.6994587436
   3.3000000000  -0.6999254541
   3.3250000000  -0.7003674613
   3.3500000000  -0.7007827248
   3.3750000000  -0.7011699975
   3.4000000000  -0.7015274282
   3.4250000000  -0.7018539768
   3.4500000000  -0.7021480218
   3.4750000000  -0.7024087722
   3.5000000000  -0.7026348787
   3.5250000000  -0.7028258425
   3.5500000000  -0.7029806290
   3.5750000000  -0.7030990723
   3.6000000000  -0.7031804909
   3.6250000000  -0.7032250862
   3.6500000000  -0.7032325604
   3.6750000000  -0.7032035078
   3.7000000000  -0.7031380333
   3.7250000000  -0.7030371374
   3.7500000000  -0.7029013332
   3.7750000000  -0.7027320251
   3.8000000000  -0.7025301252
   3.8250000000  -0.7022974236
   3.8500000000  -0.7020352048
   3.8750000000  -0.7017456107
   3.9000000000  -0.7014302562
   3.9250000000  -0.7010915853
   3.9500000000  -0.7007314863
   3.9750000000  -0.7003526422
   4.0000000000  -0.6999571463
   4.0250000000  -0.6995478466
   4.0500000000  -0.6991269636
   4.0750000000  -0.6986974292
   4.1000000000  -0.6982615080
   4.1250000000  -0.6978221319
   4.1500000000  -0.6973815248
   4.1750000000  -0.6969425351
   4.2000000000  -0.6965072643
   4.2250000000  -0.6960783981
   4.2500000000  -0.6956578404
   4.2750000000  -0.6952480432
   4.3000000000  -0.6948506469
   4.3250000000  -0.6944678101
   4.3500000000  -0.6941008563
   4.3750000000  -0.6937516043
   4.4000000000  -0.6934210216
   4.4250000000  -0.6931105555
   4.4500000000  -0.6928207940
   4.4750000000  -0.6925527973
   4.5000000000  -0.6923067659
   4.5250000000  -0.6920833728
   4.5500000000  -0.6918824387
   4.5750000000  -0.6917042642
   4.6000000000  -0.6915483119
   4.6250000000  -0.6914145385
   4.6500000000  -0.6913020831
   4.6750000000  -0.6912105985
   4.7000000000  -0.6911389449
   4.7250000000  -0.6910865203
   4.7500000000  -0.6910519589
   4.7750000000  -0.6910344594
   4.8000000000  -0.6910324881
   4.8250000000  -0.6910451037
   4.8500000000  -0.6910706644
   4.8750000000  -0.6911081496
   4.9000000000  -0.6911558692
   4.9250000000  -0.6912127816
   4.9500000000  -0.6912772053
   4.9750000000  -0.6913481323
   5.0000000000  -0.6914239413
