   0.0000000000  -0.1421818293
   0.0250000000  -0.1421819176
   0.0500000000  -0.1421793441
   0.0750000000  -0.1421823852
   0.1000000000  -0.1421852802
   0.1250000000  -0.1421962736
   0.1500000000  -0.1422096211
   0.1750000000  -0.1422335616
   0.2000000000  -0.1422623928
   0.2250000000  -0.1423043725
   0.2500000000  -0.1423538630
   0.2750000000  -0.1424191616
   0.3000000000  -0.1424947126
   0.3250000000  -0.1425888666
   0.3500000000  -0.1426961607
   0.3750000000  -0.1428250052
   0.4000000000  -0.1429700311
   0.4250000000  -0.1431397059
   0.4500000000  -0.1433287467
   0.4750000000  -0.1435456651
   0.5000000000  -0.1437852468
   0.5250000000  -0.1440560250
   0.5500000000  -0.1443528265
   0.5750000000  -0.1446841743
   0.6000000000  -0.1450449005
   0.6250000000  -0.1454434785
   0.6500000000  -0.1458747026
   0.6750000000  -0.1463469508
   0.7000000000  -0.1468549316
   0.7250000000  -0.1474068781
   0.7500000000  -0.1479973624
   0.7750000000  -0.1486344217
   0.8000000000  -0.1493124406
   0.8250000000  -0.1500392104
   0.8500000000  -0.1508088798
   0.8750000000  -0.1516289476
   0.9000000000  -0.1524932826
   0.9250000000  -0.1534090505
   0.9500000000  -0.1543698029
   0.9750000000  -0.1553823395
   1.0000000000  -0.1564398659
   1.0250000000  -0.1575487916
   1.0500000000  -0.1587019576
   1.0750000000  -0.1599053694
   1.1000000000  -0.1611514948
   1.1250000000  -0.1624459325
   1.1500000000  -0.1637807794
   1.1750000000  -0.1651612355
   1.2000000000  -0.1665790402
   1.2250000000  -0.1680390131
   1.2500000000  -0.1695325595
   1.2750000000  -0.1710641475
   1.3000000000  -0.1726248814
   1.3250000000  -0.1742189150
   1.3500000000  -0.1758370934
   1.3750000000  -0.1774833017
   1.4000000000  -0.1791481743
   1.4250000000  -0.1808353797
   1.4500000000  -0.1825353964
   1.4750000000  -0.1842517334
   1.5000000000  -0.1859747724
   1.5250000000  -0.1877079237
   1.5500000000  -0.1894415344
   1.5750000000  -0.1911789790
   1.6000000000  -0.1929106334
   1.6250000000  -0.1946399000
   1.6500000000  -0.1963572467
   1.6750000000  -0.1980661667
   1.7000000000  -0.1997572816
   1.7250000000  -0.2014342357
   1.7500000000  -0.2030878629
   1.7750000000  -0.2047220152
   1.8000000000  -0.2063277926
   1.8250000000  -0.2079093061
   1.8500000000  -0.2094579702
   1.8750000000  -0.2109781996
   1.9000000000  -0.2124617640
   1.9250000000  -0.2139134187
   1.9500000000  -0.2153253218
   1.9750000000  -0.2167025974
   2.0000000000  -0.2180378151
   2.0250000000  -0.2193364870
   2.0500000000  -0.2205916078
   2.0750000000  -0.2218090861
   2.1000000000  -0.2229823455
   2.1250000000  -0.2241176895
   2.1500000000  -0.2252089637
   2.1750000000  -0.2262628545
   2.2000000000  -0.2272736126
   2.2250000000  -0.2282482859
   2.2500000000  -0.2291815039
   2.2750000000  -0.2300806450
   2.3000000000  -0.2309406824
   2.3250000000  -0.2317692867
   2.3500000000  -0.2325617321
   2.3750000000  -0.2333259357
   2.4000000000  -0.2340574249
   2.4250000000  -0.2347643126
   2.4500000000  -0.2354423264
   2.4750000000  -0.2360997212
   2.5000000000  -0.2367323698
   2.5250000000  -0.2373486131
   2.5500000000  -0.2379444135
   2.5750000000  -0.2385281424
   2.6000000000  -0.2390957967
   2.6250000000  -0.2396557252
   2.6500000000  -0.2402039072
   2.6750000000  -0.2407486186
   2.7000000000  -0.2412857737
   2.7250000000  -0.2418235305
   2.7500000000  -0.2423576959
   2.7750000000  -0.2428962710
   2.8000000000  -0.2434349199
   2.8250000000  -0.2439814549
   2.8500000000  -0.2445313688
   2.8750000000  -0.2450922607
   2.9000000000  -0.2456594312
   2.9250000000  -0.2462402496
   2.9500000000  -0.2468298117
   2.9750000000  -0.2474352475
   3.0000000000  -0.2480514424
   3.0250000000  -0.2486849838
   3.0500000000  -0.2493327462
   3.0750000000  -0.2499947176
   3.1000000000  -0.2506699213
   3.1250000000  -0.2513581021
   3.1500000000  -0.2520580280
   3.1750000000  -0.2527691745
   3.2000000000  -0.2534900329
   3.2250000000  -0.2542197928
   3.2500000000  -0.2549566585
   3.2750000000  -0.2556995299
   3.3000000000  -0.2564463265
   3.3250000000  -0.2571956679
   3.3500000000  -0.2579452046
   3.3750000000  -0.2586932986
   3.4000000000  -0.2594373615
   3.4250000000  -0.2601755338
   3.4500000000  -0.2609050308
   3.4750000000  -0.2616238199
   3.5000000000  -0.2623289738
   3.5250000000  -0.2630183458
   3.5500000000  -0.2636889286
   3.5750000000  -0.2643385277
   3.6000000000  -0.2649641249
   3.6250000000  -0.2655635491
   3.6500000000  -0.2661338436
   3.6750000000  -0.2666729330
   3.7000000000  -0.2671779945
   3.7250000000  -0.2676471194
   3.7500000000  -0.2680776877
   3.7750000000  -0.2684680238
   3.8000000000  -0.2688157737
   3.8250000000  -0.2691195542
   3.8500000000  -0.2693773316
   3.8750000000  -0.2695880646
   3.9000000000  -0.2697500848
   3.9250000000  -0.2698627315
   3.9500000000  -0.2699247340
   3.9750000000  -0.2699358394
   4.0000000000  -0.2698951956
   4.0250000000  -0.2698029719
   4.0500000000  -0.2696587432
   4.0750000000  -0.2694631039
   4.1000000000  -0.2692160528
   4.1250000000  -0.2689186005
   4.1500000000  -0.2685711558
   4.1750000000  -0.2681751266
   4.2000000000  -0.2677313083
   4.2250000000  -0.2672414786
   4.2500000000  -0.2667067877
   4.2750000000  -0.2661293481
   4.3000000000  -0.2655106271
   4.3250000000  -0.2648530312
   4.3500000000  -0.2641583019
   4.3750000000  -0.2634290950
   4.4000000000  -0.2626673801
   4.4250000000  -0.2618760150
   4.4500000000  -0.2610571491
   4.4750000000  -0.2602137937
   4.5000000000  -0.2593482293
   4.5250000000  -0.2584635718
   4.5500000000  -0.2575621840
   4.5750000000  -0.2566472388
   4.6000000000  -0.2557211341
   4.6250000000  -0.2547870529
   4.6500000000  -0.2538473828
   4.6750000000  -0.2529052729
   4.7000000000  -0.2519630573
   4.7250000000  -0.2510238090
   4.7500000000  -0.2500897686
   4.7750000000  -0.2491638945
   4.8000000000  -0.2482482962
   4.8250000000  -0.2473457817
   4.8500000000  -0.2464582958
   4.8750000000  -0.2455884640
   4.9000000000  -0.2447380362
   4.9250000000  -0.2439094271
   4.9500000000  -0.2431041651
   4.9750000000  -0.2423244301
   5.0000000000  -0.2415715066
