   0.0000000000  -0.1421818705
   0.0250000000  -0.1421819024
   0.0500000000  -0.1421833046
   0.0750000000  -0.1421863408
   0.1000000000  -0.1421931917
   0.1250000000  -0.1422041654
   0.1500000000  -0.1422214393
   0.1750000000  -0.1422453356
   0.2000000000  -0.1422780539
   0.2250000000  -0.1423199554
   0.2500000000  -0.1423732845
   0.2750000000  -0.1424384617
   0.3000000000  -0.1425177939
   0.3250000000  -0.1426117751
   0.3500000000  -0.1427227852
   0.3750000000  -0.1428513976
   0.4000000000  -0.1430000673
   0.4250000000  -0.1431694445
   0.4500000000  -0.1433620509
   0.4750000000  -0.1435786008
   0.5000000000  -0.1438216653
   0.5250000000  -0.1440920000
   0.5500000000  -0.1443921981
   0.5750000000  -0.1447230249
   0.6000000000  -0.1450870597
   0.6250000000  -0.1454850379
   0.6500000000  -0.1459194821
   0.6750000000  -0.1463910520
   0.7000000000  -0.1469021654
   0.7250000000  -0.1474533567
   0.7500000000  -0.1480468885
   0.7750000000  -0.1486831188
   0.8000000000  -0.1493641038
   0.8250000000  -0.1500899750
   0.8500000000  -0.1508625339
   0.8750000000  -0.1516816391
   0.9000000000  -0.1525487931
   0.9250000000  -0.1534635407
   0.9500000000  -0.1544270486
   0.9750000000  -0.1554385145
   1.0000000000  -0.1564987403
   1.0250000000  -0.1576065528
   1.0500000000  -0.1587623702
   1.0750000000  -0.1599646345
   1.1000000000  -0.1612133718
   1.1250000000  -0.1625066360
   1.1500000000  -0.1638440638
   1.1750000000  -0.1652233289
   1.2000000000  -0.1666436914
   1.2250000000  -0.1681024637
   1.2500000000  -0.1695985529
   1.2750000000  -0.1711289383
   1.3000000000  -0.1726922071
   1.3250000000  -0.1742850429
   1.3500000000  -0.1759057547
   1.3750000000  -0.1775507759
   1.4000000000  -0.1792181859
   1.4250000000  -0.1809042198
   1.4500000000  -0.1826067823
   1.4750000000  -0.1843219672
   1.5000000000  -0.1860475635
   1.5250000000  -0.1877795846
   1.5500000000  -0.1895157661
   1.5750000000  -0.1912521038
   1.6000000000  -0.1929863431
   1.6250000000  -0.1947145259
   1.6500000000  -0.1964344712
   1.6750000000  -0.1981423296
   1.7000000000  -0.1998360550
   1.7250000000  -0.2015119672
   1.7500000000  -0.2031682141
   1.7750000000  -0.2048013409
   1.8000000000  -0.2064097433
   1.8250000000  -0.2079902436
   1.8500000000  -0.2095415334
   1.8750000000  -0.2110607568
   1.9000000000  -0.2125469424
   1.9250000000  -0.2139975930
   1.9500000000  -0.2154121070
   1.9750000000  -0.2167883744
   2.0000000000  -0.2181261868
   2.0250000000  -0.2194238401
   2.0500000000  -0.2206815332
   2.0750000000  -0.2218979766
   2.1000000000  -0.2230737799
   2.1250000000  -0.2242080666
   2.1500000000  -0.2253018503
   2.1750000000  -0.2263546556
   2.2000000000  -0.2273678836
   2.2250000000  -0.2283414380
   2.2500000000  -0.2292770811
   2.2750000000  -0.2301750652
   2.3000000000  -0.2310374785
   2.3250000000  -0.2318648835
   2.3500000000  -0.2326596520
   2.3750000000  -0.2334226108
   2.4000000000  -0.2341563672
   2.4250000000  -0.2348619618
   2.4500000000  -0.2355421848
   2.4750000000  -0.2361982364
   2.5000000000  -0.2368330345
   2.5250000000  -0.2374478835
   2.5500000000  -0.2380457731
   2.5750000000  -0.2386280560
   2.6000000000  -0.2391977393
   2.6250000000  -0.2397561705
   2.6500000000  -0.2403063218
   2.6750000000  -0.2408494856
   2.7000000000  -0.2413885516
   2.7250000000  -0.2419247119
   2.7500000000  -0.2424607314
   2.7750000000  -0.2429976631
   2.8000000000  -0.2435381117
   2.8250000000  -0.2440829586
   2.8500000000  -0.2446346201
   2.8750000000  -0.2451937819
   2.9000000000  -0.2457626508
   2.9250000000  -0.2463417000
   2.9500000000  -0.2469329140
   2.9750000000  -0.2475365443
   3.0000000000  -0.2481543478
   3.0250000000  -0.2487860503
   3.0500000000  -0.2494319991
   3.0750000000  -0.2500921196
   3.1000000000  -0.2507655061
   3.1250000000  -0.2514518406
   3.1500000000  -0.2521499620
   3.1750000000  -0.2528592831
   3.2000000000  -0.2535783655
   3.2250000000  -0.2543063363
   3.2500000000  -0.2550414698
   3.2750000000  -0.2557826032
   3.3000000000  -0.2565277256
   3.3250000000  -0.2572753936
   3.3500000000  -0.2580233271
   3.3750000000  -0.2587698250
   3.4000000000  -0.2595123675
   3.4250000000  -0.2602490319
   3.4500000000  -0.2609771014
   3.4750000000  -0.2616944801
   3.5000000000  -0.2623983080
   3.5250000000  -0.2630863745
   3.5500000000  -0.2637557391
   3.5750000000  -0.2644041429
   3.6000000000  -0.2650286340
   3.6250000000  -0.2656269764
   3.6500000000  -0.2661962787
   3.6750000000  -0.2667344004
   3.7000000000  -0.2672385832
   3.7250000000  -0.2677068529
   3.7500000000  -0.2681366532
   3.7750000000  -0.2685262426
   3.8000000000  -0.2688733301
   3.8250000000  -0.2691764660
   3.8500000000  -0.2694336791
   3.8750000000  -0.2696438615
   3.9000000000  -0.2698054062
   3.9250000000  -0.2699175860
   3.9500000000  -0.2699791912
   3.9750000000  -0.2699899018
   4.0000000000  -0.2699489265
   4.0250000000  -0.2698563675
   4.0500000000  -0.2697118602
   4.0750000000  -0.2695159319
   4.1000000000  -0.2692686415
   4.1250000000  -0.2689709329
   4.1500000000  -0.2686232750
   4.1750000000  -0.2682270091
   4.2000000000  -0.2677829906
   4.2250000000  -0.2672929311
   4.2500000000  -0.2667580411
   4.2750000000  -0.2661803672
   4.3000000000  -0.2655614371
   4.3250000000  -0.2649035922
   4.3500000000  -0.2642086344
   4.3750000000  -0.2634791552
   4.4000000000  -0.2627171847
   4.4250000000  -0.2619255170
   4.4500000000  -0.2611063625
   4.4750000000  -0.2602626693
   4.5000000000  -0.2593967791
   4.5250000000  -0.2585117452
   4.5500000000  -0.2576099922
   4.5750000000  -0.2566946306
   4.6000000000  -0.2557681205
   4.6250000000  -0.2548335831
   4.6500000000  -0.2538934684
   4.6750000000  -0.2529508640
   4.7000000000  -0.2520081666
   4.7250000000  -0.2510683884
   4.7500000000  -0.2501338325
   4.7750000000  -0.2492073968
   4.8000000000  -0.2482912532
   4.8250000000  -0.2473881498
   4.8500000000  -0.2465000937
   4.8750000000  -0.2456296507
   4.9000000000  -0.2447786328
   4.9250000000  -0.2439493953
   4.9500000000  -0.2431435286
   4.9750000000  -0.2423631531
   5.0000000000  -0.2416096155
