   0.0000000000  -0.1421818705
   0.0250000000  -0.6053814949
   0.0500000000  -0.6041565170
   0.0750000000  -0.6029319775
   0.1000000000  -0.6017137206
   0.1250000000  -0.6005057084
   0.1500000000  -0.5993137182
   0.1750000000  -0.5981415826
   0.2000000000  -0.5969948792
   0.2250000000  -0.5958771815
   0.2500000000  -0.5947937421
   0.2750000000  -0.5937477550
   0.3000000000  -0.5927440334
   0.3250000000  -0.5917852843
   0.3500000000  -0.5908757819
   0.3750000000  -0.5900176536
   0.4000000000  -0.5892145511
   0.4250000000  -0.5884679483
   0.4500000000  -0.5877808100
   0.4750000000  -0.5871539022
   0.5000000000  -0.5865894586
   0.5250000000  -0.5860875036
   0.5500000000  -0.5856495177
   0.5750000000  -0.5852747716
   0.6000000000  -0.5849639918
   0.6250000000  -0.5847157054
   0.6500000000  -0.5845299056
   0.6750000000  -0.5844044072
   0.7000000000  -0.5843385114
   0.7250000000  -0.5843293722
   0.7500000000  -0.5843756598
   0.7750000000  -0.5844739369
   0.8000000000  -0.5846223209
   0.8250000000  -0.5848168691
   0.8500000000  -0.5850552394
   0.8750000000  -0.5853330824
   0.9000000000  -0.5856477011
   0.9250000000  -0.5859944492
   0.9500000000  -0.5863703878
   0.9750000000  -0.5867706889
   1.0000000000  -0.5871922897
   1.0250000000  -0.5876302991
   1.0500000000  -0.5880816488
   1.0750000000  -0.5885415015
   1.1000000000  -0.5890068986
   1.1250000000  -0.5894731690
   1.1500000000  -0.5899375719
   1.1750000000  -0.5903957056
   1.2000000000  -0.5908451451
   1.2250000000  -0.5912818490
   1.2500000000  -0.5917037922
   1.2750000000  -0.5921073700
   1.3000000000  -0.5924910254
   1.3250000000  -0.5928516492
   1.3500000000  -0.5931882023
   1.3750000000  -0.5934981116
   1.4000000000  -0.5937808865
   1.4250000000  -0.5940345108
   1.4500000000  -0.5942590538
   1.4750000000  -0.5944530575
   1.5000000000  -0.5946171430
   1.5250000000  -0.5947503930
   1.5500000000  -0.5948539548
   1.5750000000  -0.5949274171
   1.6000000000  -0.5949724109
   1.6250000000  -0.5949889815
   1.6500000000  -0.5949791876
   1.6750000000  -0.5949434692
   1.7000000000  -0.5948842454
   1.7250000000  -0.5948022792
   1.7500000000  -0.5947002754
   1.7750000000  -0.5945792424
   1.8000000000  -0.5944420911
   1.8250000000  -0.5942899945
   1.8500000000  -0.5941259888
   1.8750000000  -0.5939513309
   1.9000000000  -0.5937691035
   1.9250000000  -0.5935805699
   1.9500000000  -0.5933887848
   1.9750000000  -0.5931949466
   2.0000000000  -0.5930020140
   2.0250000000  -0.5928110575
   2.0500000000  -0.5926248815
   2.0750000000  -0.5924443743
   2.1000000000  -0.5922721380
   2.1250000000  -0.5921088364
   2.1500000000  -0.5919568324
   2.1750000000  -0.5918165344
   2.2000000000  -0.5916900412
   2.2250000000  -0.5915774863
   2.2500000000  -0.5914806915
   2.2750000000  -0.5913995080
   2.3000000000  -0.5913354785
   2.3250000000  -0.5912881751
   2.3500000000  -0.5912588698
   2.3750000000  -0.5912468686
   2.4000000000  -0.5912531904
   2.4250000000  -0.5912768965
   2.4500000000  -0.5913187780
   2.4750000000  -0.5913776798
   2.5000000000  -0.5914541967
   2.5250000000  -0.5915469905
   2.5500000000  -0.5916564957
   2.5750000000  -0.5917812282
   2.6000000000  -0.5919215005
   2.6250000000  -0.5920757220
   2.6500000000  -0.5922441225
   2.6750000000  -0.5924250443
   2.7000000000  -0.5926186738
   2.7250000000  -0.5928233242
   2.7500000000  -0.5930391758
   2.7750000000  -0.5932645484
   2.8000000000  -0.5934996507
   2.8250000000  -0.5937428409
   2.8500000000  -0.5939943862
   2.8750000000  -0.5942527110
   2.9000000000  -0.5945181662
   2.9250000000  -0.5947892649
   2.9500000000  -0.5950664615
   2.9750000000  -0.5953483747
   3.0000000000  -0.5956355766
   3.0250000000  -0.5967369393
   3.0500000000  -0.5978332847
   3.0750000000  -0.5989198896
   3.1000000000  -0.5999912991
   3.1250000000  -0.6010430331
   3.1500000000  -0.6020699280
   3.1750000000  -0.6030678381
   3.2000000000  -0.6040319789
   3.2250000000  -0.6049586224
   3.2500000000  -0.6058434418
   3.2750000000  -0.6066832010
   3.3000000000  -0.6074741001
   3.3250000000  -0.6082134585
   3.3500000000  -0.6088980616
   3.3750000000  -0.6095258371
   3.4000000000  -0.6100942021
   3.4250000000  -0.6106017331
   3.4500000000  -0.6110465132
   3.4750000000  -0.6114277950
   3.5000000000  -0.6117443479
   3.5250000000  -0.6119961140
   3.5500000000  -0.6121825553
   3.5750000000  -0.6123043020
   3.6000000000  -0.6123614995
   3.6250000000  -0.6123554497
   3.6500000000  -0.6122869574
   3.6750000000  -0.6121579636
   3.7000000000  -0.6119698929
   3.7250000000  -0.6117252782
   3.7500000000  -0.6114261094
   3.7750000000  -0.6110754495
   3.8000000000  -0.6106757846
   3.8250000000  -0.6102306331
   3.8500000000  -0.6097428963
   3.8750000000  -0.6092164610
   3.9000000000  -0.6086545523
   3.9250000000  -0.6080613296
   3.9500000000  -0.6074402421
   3.9750000000  -0.6067956193
   4.0000000000  -0.6061310302
   4.0250000000  -0.6054508685
   4.0500000000  -0.6047587166
   4.0750000000  -0.6040589264
   4.1000000000  -0.6033549890
   4.1250000000  -0.6026511116
   4.1500000000  -0.6019505942
   4.1750000000  -0.6012574035
   4.2000000000  -0.6005745568
   4.2250000000  -0.5999056938
   4.2500000000  -0.5992534684
   4.2750000000  -0.5986211197
   4.3000000000  -0.5980108717
   4.3250000000  -0.5974255035
   4.3500000000  -0.5968667580
   4.3750000000  -0.5963369119
   4.4000000000  -0.5958371929
   4.4250000000  -0.5953693500
   4.4500000000  -0.5949340795
   4.4750000000  -0.5945325953
   4.5000000000  -0.5941650635
   4.5250000000  -0.5938321728
   4.5500000000  -0.5935335779
   4.5750000000  -0.5932694689
   4.6000000000  -0.5930390226
   4.6250000000  -0.5928419721
   4.6500000000  -0.5926770645
   4.6750000000  -0.5925436295
   4.7000000000  -0.5924400440
   4.7250000000  -0.5923652987
   4.7500000000  -0.5923174685
   4.7750000000  -0.5922952767
   4.8000000000  -0.5922965704
   4.8250000000  -0.5923198814
   4.8500000000  -0.5923629062
   4.8750000000  -0.5924240626
   4.9000000000  -0.5925009736
   4.9250000000  -0.5925920192
   4.9500000000  -0.5926948228
   4.9750000000  -0.5928077987
   5.0000000000  -0.5929286400
