   0.0000000000  -0.1421818293
   0.0250000000  -0.6053834820
   0.0500000000  -0.6041565068
   0.0750000000  -0.6029339370
   0.1000000000  -0.6017136747
   0.1250000000  -0.6005076146
   0.1500000000  -0.5993136108
   0.1750000000  -0.5981434097
   0.2000000000  -0.5969946842
   0.2250000000  -0.5958789036
   0.2500000000  -0.5947934334
   0.2750000000  -0.5937493461
   0.3000000000  -0.5927435849
   0.3250000000  -0.5917867186
   0.3500000000  -0.5908751677
   0.3750000000  -0.5900189055
   0.4000000000  -0.5892137457
   0.4250000000  -0.5884689928
   0.4500000000  -0.5877797886
   0.4750000000  -0.5871547148
   0.5000000000  -0.5865881969
   0.5250000000  -0.5860880608
   0.5500000000  -0.5856479923
   0.5750000000  -0.5852750506
   0.6000000000  -0.5849621804
   0.6250000000  -0.5847156844
   0.6500000000  -0.5845277867
   0.6750000000  -0.5844040655
   0.7000000000  -0.5843360647
   0.7250000000  -0.5843286902
   0.7500000000  -0.5843728660
   0.7750000000  -0.5844728960
   0.8000000000  -0.5846191617
   0.8250000000  -0.5848154517
   0.8500000000  -0.5850516974
   0.8750000000  -0.5853312716
   0.9000000000  -0.5856437597
   0.9250000000  -0.5859922291
   0.9500000000  -0.5863660311
   0.9750000000  -0.5867680441
   1.0000000000  -0.5871875024
   1.0250000000  -0.5876272146
   1.0500000000  -0.5880764158
   1.0750000000  -0.5885379625
   1.1000000000  -0.5890012050
   1.1250000000  -0.5894691610
   1.1500000000  -0.5899314030
   1.1750000000  -0.5903912140
   1.2000000000  -0.5908384859
   1.2250000000  -0.5912768588
   1.2500000000  -0.5916966275
   1.2750000000  -0.5921018661
   1.3000000000  -0.5924833395
   1.3250000000  -0.5928456158
   1.3500000000  -0.5931799792
   1.3750000000  -0.5934915326
   1.4000000000  -0.5937721095
   1.4250000000  -0.5940273694
   1.4500000000  -0.5942497056
   1.4750000000  -0.5944453364
   1.5000000000  -0.5946072058
   1.5250000000  -0.5947420743
   1.5500000000  -0.5948434102
   1.5750000000  -0.5949184822
   1.6000000000  -0.5949612400
   1.6250000000  -0.5949794115
   1.6500000000  -0.5949673713
   1.6750000000  -0.5949332449
   1.7000000000  -0.5948717640
   1.7250000000  -0.5947913812
   1.7500000000  -0.5946871093
   1.7750000000  -0.5945676512
   1.8000000000  -0.5944282208
   1.8250000000  -0.5942776908
   1.8500000000  -0.5941113949
   1.8750000000  -0.5939382957
   1.9000000000  -0.5937537669
   1.9250000000  -0.5935667846
   1.9500000000  -0.5933726871
   1.9750000000  -0.5931803932
   2.0000000000  -0.5929851376
   2.0250000000  -0.5927957190
   2.0500000000  -0.5926072092
   2.0750000000  -0.5924282342
   2.1000000000  -0.5922536539
   2.1250000000  -0.5920918794
   2.1500000000  -0.5919375214
   2.1750000000  -0.5917987460
   2.2000000000  -0.5916698891
   2.2250000000  -0.5915588531
   2.2500000000  -0.5914596853
   2.2750000000  -0.5913800176
   2.3000000000  -0.5913136059
   2.3250000000  -0.5912678160
   2.3500000000  -0.5912361194
   2.3750000000  -0.5912256299
   2.4000000000  -0.5912295516
   2.4250000000  -0.5912547681
   2.4500000000  -0.5912942408
   2.4750000000  -0.5913546523
   2.5000000000  -0.5914287515
   2.5250000000  -0.5915230546
   2.5500000000  -0.5916301331
   2.5750000000  -0.5917563749
   2.6000000000  -0.5918942115
   2.6250000000  -0.5920499425
   2.6500000000  -0.5922158979
   2.6750000000  -0.5923983295
   2.7000000000  -0.5925895043
   2.7250000000  -0.5927956648
   2.7500000000  -0.5930090517
   2.7750000000  -0.5932359351
   2.8000000000  -0.5934685621
   2.8250000000  -0.5937132636
   2.8500000000  -0.5939623228
   2.8750000000  -0.5942221594
   2.9000000000  -0.5944851171
   2.9250000000  -0.5947577281
   2.9500000000  -0.5950324155
   2.9750000000  -0.5953158415
   3.0000000000  -0.5956005220
   3.0250000000  -0.5967021192
   3.0500000000  -0.5977986588
   3.0750000000  -0.5988854945
   3.1000000000  -0.5999570908
   3.1250000000  -0.6010090442
   3.1500000000  -0.6020361108
   3.1750000000  -0.6030342217
   3.2000000000  -0.6039985122
   3.2250000000  -0.6049253314
   3.2500000000  -0.6058102728
   3.2750000000  -0.6066501777
   3.3000000000  -0.6074411668
   3.3250000000  -0.6081806372
   3.3500000000  -0.6088652954
   3.3750000000  -0.6094931470
   3.4000000000  -0.6100615309
   3.4250000000  -0.6105691018
   3.4500000000  -0.6110138649
   3.4750000000  -0.6113951512
   3.5000000000  -0.6117116531
   3.5250000000  -0.6119633909
   3.5500000000  -0.6121497502
   3.5750000000  -0.6122714393
   3.6000000000  -0.6123285280
   3.6250000000  -0.6123223961
   3.6500000000  -0.6122537728
   3.6750000000  -0.6121246775
   3.7000000000  -0.6119364593
   3.7250000000  -0.6116917294
   3.7500000000  -0.6113924021
   3.7750000000  -0.6110416186
   3.8000000000  -0.6106417900
   3.8250000000  -0.6101965120
   3.8500000000  -0.6097086112
   3.8750000000  -0.6091820514
   3.9000000000  -0.6086199831
   3.9250000000  -0.6080266421
   3.9500000000  -0.6074054031
   3.9750000000  -0.6067606719
   4.0000000000  -0.6060959425
   4.0250000000  -0.6054156846
   4.0500000000  -0.6047234059
   4.0750000000  -0.6040235335
   4.1000000000  -0.6033194839
   4.1250000000  -0.6026155393
   4.1500000000  -0.6019149249
   4.1750000000  -0.6012216822
   4.2000000000  -0.6005387535
   4.2250000000  -0.5998698530
   4.2500000000  -0.5992175599
   4.2750000000  -0.5985851874
   4.3000000000  -0.5979748849
   4.3250000000  -0.5973895052
   4.3500000000  -0.5968307169
   4.3750000000  -0.5963008702
   4.4000000000  -0.5958011186
   4.4250000000  -0.5953332843
   4.4500000000  -0.5948979898
   4.4750000000  -0.5944965219
   4.5000000000  -0.5941289732
   4.5250000000  -0.5937961053
   4.5500000000  -0.5934974993
   4.5750000000  -0.5932334181
   4.6000000000  -0.5930029654
   4.6250000000  -0.5928059469
   4.6500000000  -0.5926410367
   4.6750000000  -0.5925076369
   4.7000000000  -0.5924040520
   4.7250000000  -0.5923293448
   4.7500000000  -0.5922815178
   4.7750000000  -0.5922593665
   4.8000000000  -0.5922606657
   4.8250000000  -0.5922840193
   4.8500000000  -0.5923270516
   4.8750000000  -0.5923882526
   4.9000000000  -0.5924651730
   4.9250000000  -0.5925562647
   4.9500000000  -0.5926590795
   4.9750000000  -0.5927721032
   5.0000000000  -0.5928929570
