   0.0000000000   0.2500000000
   0.0250000000   0.2490823645
   0.0500000000   0.2463641008
   0.0750000000   0.2419524924
   0.1000000000   0.2360198422
   0.1250000000   0.2287941920
   0.1500000000   0.2205473505
   0.1750000000   0.2115811160
   0.2000000000   0.2022126694
   0.2250000000   0.1927601045
   0.2500000000   0.1835289731
   0.2750000000   0.1748005630
   0.3000000000   0.1668224256
   0.3250000000   0.1598014506
   0.3500000000   0.1538995667
   0.3750000000   0.1492319596
   0.4000000000   0.1458675440
   0.4250000000   0.1438313198
   0.4500000000   0.1431081863
   0.4750000000   0.1436477710
   0.5000000000   0.1453698549
   0.5250000000   0.1481700293
   0.5500000000   0.1519252841
   0.5750000000   0.1564993120
   0.6000000000   0.1617473848
   0.6250000000   0.1675207297
   0.6500000000   0.1736703908
   0.6750000000   0.1800505987
   0.7000000000   0.1865216974
   0.7250000000   0.1929526848
   0.7500000000   0.1992234193
   0.7750000000   0.2052265301
   0.8000000000   0.2108690506
   0.8250000000   0.2160737729
   0.8500000000   0.2207803010
   0.8750000000   0.2249457676
   0.9000000000   0.2285451705
   0.9250000000   0.2315712796
   0.9500000000   0.2340340771
   0.9750000000   0.2359597025
   1.0000000000   0.2373888934
   1.0250000000   0.2383749401
   1.0500000000   0.2389811976
   1.0750000000   0.2392782301
   1.1000000000   0.2393406931
   1.1250000000   0.2392440839
   1.1500000000   0.2390615128
   1.1750000000   0.2388606595
   1.2000000000   0.2387010784
   1.2250000000   0.2386320047
   1.2500000000   0.2386907891
   1.2750000000   0.2389020471
   1.3000000000   0.2392775643
   1.3250000000   0.2398169464
   1.3500000000   0.2405089450
   1.3750000000   0.2413333456
   1.4000000000   0.2422632631
   1.4250000000   0.2432676628
   1.4500000000   0.2443139180
   1.4750000000   0.2453702198
   1.5000000000   0.2464076799
   1.5250000000   0.2474019977
   1.5500000000   0.2483346123
   1.5750000000   0.2491933032
   1.6000000000   0.2499722507
   1.6250000000   0.2506716104
   1.6500000000   0.2512966853
   1.6750000000   0.2518568049
   1.7000000000   0.2523640275
   1.7250000000   0.2528317853
   1.7500000000   0.2532735789
   1.7750000000   0.2537018130
   1.8000000000   0.2541268414
   1.8250000000   0.2545562668
   1.8500000000   0.2549945155
   1.8750000000   0.2554426863
   1.9000000000   0.2558986526
   1.9250000000   0.2563573840
   1.9500000000   0.2568114429
   1.9750000000   0.2572516065
   2.0000000000   0.2576675621
   2.0250000000   0.2580486267
   2.0500000000   0.2583844462
   2.0750000000   0.2586656341
   2.1000000000   0.2588843189
   2.1250000000   0.2590345764
   2.1500000000   0.2591127309
   2.1750000000   0.2591175177
   2.2000000000   0.2590501068
   2.2250000000   0.2589139931
   2.2500000000   0.2587147673
   2.2750000000   0.2584597825
   2.3000000000   0.2581577405
   2.3250000000   0.2578182215
   2.3500000000   0.2574511849
   2.3750000000   0.2570664683
   2.4000000000   0.2566733130
   2.4250000000   0.2562799411
   2.4500000000   0.2558932066
   2.4750000000   0.2555183383
   2.5000000000   0.2551587872
   2.5250000000   0.2548161835
   2.5500000000   0.2544904035
   2.5750000000   0.2541797381
   2.6000000000   0.2538811494
   2.6250000000   0.2535905955
   2.6500000000   0.2533034017
   2.6750000000   0.2530146514
   2.7000000000   0.2527195707
   2.7250000000   0.2524138834
   2.7500000000   0.2520941129
   2.7750000000   0.2517578157
   2.8000000000   0.2514037329
   2.8250000000   0.2510318572
   2.8500000000   0.2506434131
   2.8750000000   0.2502407591
   2.9000000000   0.2498272222
   2.9250000000   0.2494068804
   2.9500000000   0.2489843107
   2.9750000000   0.2485643213
   3.0000000000   0.2481516861
   3.0250000000   0.2477508976
   3.0500000000   0.2473659535
   3.0750000000   0.2470001851
   3.1000000000   0.2466561373
   3.1250000000   0.2463355004
   3.1500000000   0.2460390957
   3.1750000000   0.2457669086
   3.2000000000   0.2455181658
   3.2250000000   0.2452914452
   3.2500000000   0.2450848112
   3.2750000000   0.2448959642
   3.3000000000   0.2447223948
   3.3250000000   0.2445615324
   3.3500000000   0.2444108819
   3.3750000000   0.2442681392
   3.4000000000   0.2441312832
   3.4250000000   0.2439986390
   3.4500000000   0.2438689124
   3.4750000000   0.2437411968
   3.5000000000   0.2436149527
   3.5250000000   0.2434899660
   3.5500000000   0.2433662887
   3.5750000000   0.2432441677
   3.6000000000   0.2431239684
   3.6250000000   0.2430060983
   3.6500000000   0.2428909371
   3.6750000000   0.2427787786
   3.7000000000   0.2426697867
   3.7250000000   0.2425639704
   3.7500000000   0.2424611774
   3.7750000000   0.2423611073
   3.8000000000   0.2422633419
   3.8250000000   0.2421673903
   3.8500000000   0.2420727448
   3.8750000000   0.2419789428
   3.9000000000   0.2418856295
   3.9250000000   0.2417926172
   3.9500000000   0.2416999356
   3.9750000000   0.2416078690
   4.0000000000   0.2415169787
   4.0250000000   0.2414281077
   4.0500000000   0.2413423673
   4.0750000000   0.2412611068
   4.1000000000   0.2411858678
   4.1250000000   0.2411183265
   4.1500000000   0.2410602275
   4.1750000000   0.2410133136
   4.2000000000   0.2409792551
   4.2250000000   0.2409595849
   4.2500000000   0.2409556406
   4.2750000000   0.2409685195
   4.3000000000   0.2409990466
   4.3250000000   0.2410477585
   4.3500000000   0.2411149034
   4.3750000000   0.2412004560
   4.4000000000   0.2413041465
   4.4250000000   0.2414255013
   4.4500000000   0.2415638927
   4.4750000000   0.2417185943
   4.5000000000   0.2418888386
   4.5250000000   0.2420738738
   4.5500000000   0.2422730165
   4.5750000000   0.2424856978
   4.6000000000   0.2427114998
   4.6250000000   0.2429501821
   4.6500000000   0.2432016967
   4.6750000000   0.2434661916
   4.7000000000   0.2437440025
   4.7250000000   0.2440356362
   4.7500000000   0.2443417444
   4.7750000000   0.2446630930
   4.8000000000   0.2450005269
   4.8250000000   0.2453549346
   4.8500000000   0.2457272134
   4.8750000000   0.2461182396
   4.9000000000   0.2465288430
   4.9250000000   0.2469597895
   4.9500000000   0.2474117707
   4.9750000000   0.2478854023
   5.0000000000   0.2483812297
