   0.0000000000   0.0000000000
   0.0250000000  -0.0064234487
   0.0500000000  -0.0254512949
   0.0750000000  -0.0563325535
   0.1000000000  -0.0978611051
   0.1250000000  -0.1484406564
   0.1500000000  -0.2061685469
   0.1750000000  -0.2689321883
   0.2000000000  -0.3345113148
   0.2250000000  -0.4006792692
   0.2500000000  -0.4652971888
   0.2750000000  -0.5263960598
   0.3000000000  -0.5822430212
   0.3250000000  -0.6313898462
   0.3500000000  -0.6727030336
   0.3750000000  -0.7053762831
   0.4000000000  -0.7289271927
   0.4250000000  -0.7431807619
   0.4500000000  -0.7482426960
   0.4750000000  -0.7444656037
   0.5000000000  -0.7324110160
   0.5250000000  -0.7128097956
   0.5500000000  -0.6865230120
   0.5750000000  -0.6545048163
   0.6000000000  -0.6177683069
   0.6250000000  -0.5773548925
   0.6500000000  -0.5343072648
   0.6750000000  -0.4896458096
   0.7000000000  -0.4443481189
   0.7250000000  -0.3993312070
   0.7500000000  -0.3554360656
   0.7750000000  -0.3134142901
   0.8000000000  -0.2739166460
   0.8250000000  -0.2374835899
   0.8500000000  -0.2045378939
   0.8750000000  -0.1753796271
   0.9000000000  -0.1501838068
   0.9250000000  -0.1290010436
   0.9500000000  -0.1117614610
   0.9750000000  -0.0982820834
   1.0000000000  -0.0882777470
   1.0250000000  -0.0813754199
   1.0500000000  -0.0771316174
   1.0750000000  -0.0750523897
   1.1000000000  -0.0746151487
   1.1250000000  -0.0752914134
   1.1500000000  -0.0765694110
   1.1750000000  -0.0779753839
   1.2000000000  -0.0790924521
   1.2250000000  -0.0795759677
   1.2500000000  -0.0791644765
   1.2750000000  -0.0776856710
   1.3000000000  -0.0750570502
   1.3250000000  -0.0712813754
   1.3500000000  -0.0664373857
   1.3750000000  -0.0606665814
   1.4000000000  -0.0541571588
   1.4250000000  -0.0471263608
   1.4500000000  -0.0398025749
   1.4750000000  -0.0324084617
   1.5000000000  -0.0251462411
   1.5250000000  -0.0181860168
   1.5500000000  -0.0116577145
   1.5750000000  -0.0056468785
   1.6000000000  -0.0001942458
   1.6250000000   0.0047012721
   1.6500000000   0.0090767968
   1.6750000000   0.0129976339
   1.7000000000   0.0165481920
   1.7250000000   0.0198224965
   1.7500000000   0.0229150519
   1.7750000000   0.0259126906
   1.8000000000   0.0288878892
   1.8250000000   0.0318938667
   1.8500000000   0.0349616079
   1.8750000000   0.0380988036
   1.9000000000   0.0412905676
   1.9250000000   0.0445016870
   1.9500000000   0.0476800996
   1.9750000000   0.0507612451
   2.0000000000   0.0536729341
   2.0250000000   0.0563403863
   2.0500000000   0.0586911228
   2.0750000000   0.0606594379
   2.1000000000   0.0621902316
   2.1250000000   0.0632420342
   2.1500000000   0.0637891157
   2.1750000000   0.0638226234
   2.2000000000   0.0633507466
   2.2250000000   0.0623979511
   2.2500000000   0.0610033705
   2.2750000000   0.0592184768
   2.3000000000   0.0571041828
   2.3250000000   0.0547275501
   2.3500000000   0.0521582940
   2.3750000000   0.0494652776
   2.4000000000   0.0467131902
   2.4250000000   0.0439595868
   2.4500000000   0.0412524453
   2.4750000000   0.0386283675
   2.5000000000   0.0361115097
   2.5250000000   0.0337132836
   2.5500000000   0.0314328236
   2.5750000000   0.0292581662
   2.6000000000   0.0271680451
   2.6250000000   0.0251341679
   2.6500000000   0.0231238115
   2.6750000000   0.0211025588
   2.7000000000   0.0190369939
   2.7250000000   0.0168971829
   2.7500000000   0.0146587900
   2.7750000000   0.0123047090
   2.8000000000   0.0098261295
   2.8250000000   0.0072229995
   2.8500000000   0.0045038909
   2.8750000000   0.0016853130
   2.9000000000  -0.0012094452
   2.9250000000  -0.0041518378
   2.9500000000  -0.0071098256
   2.9750000000  -0.0100497513
   3.0000000000  -0.0129381981
   3.0250000000  -0.0157437173
   3.0500000000  -0.0184383263
   3.0750000000  -0.0209987049
   3.1000000000  -0.0234070397
   3.1250000000  -0.0256514977
   3.1500000000  -0.0277263311
   3.1750000000  -0.0296316404
   3.2000000000  -0.0313728400
   3.2250000000  -0.0329598842
   3.2500000000  -0.0344063222
   3.2750000000  -0.0357282511
   3.3000000000  -0.0369432374
   3.3250000000  -0.0380692739
   3.3500000000  -0.0391238275
   3.3750000000  -0.0401230260
   3.4000000000  -0.0410810181
   3.4250000000  -0.0420095280
   3.4500000000  -0.0429176138
   3.4750000000  -0.0438116231
   3.5000000000  -0.0446953321
   3.5250000000  -0.0455702390
   3.5500000000  -0.0464359800
   3.5750000000  -0.0472908265
   3.6000000000  -0.0481322216
   3.6250000000  -0.0489573127
   3.6500000000  -0.0497634407
   3.6750000000  -0.0505485503
   3.7000000000  -0.0513114937
   3.7250000000  -0.0520522080
   3.7500000000  -0.0527717589
   3.7750000000  -0.0534722494
   3.8000000000  -0.0541566072
   3.8250000000  -0.0548282683
   3.8500000000  -0.0554907868
   3.8750000000  -0.0561474013
   3.9000000000  -0.0568005944
   3.9250000000  -0.0574516800
   3.9500000000  -0.0581004515
   3.9750000000  -0.0587449180
   4.0000000000  -0.0593811501
   4.0250000000  -0.0600032470
   4.0500000000  -0.0606034296
   4.0750000000  -0.0611722531
   4.1000000000  -0.0616989262
   4.1250000000  -0.0621717153
   4.1500000000  -0.0625784079
   4.1750000000  -0.0629068056
   4.2000000000  -0.0631452148
   4.2250000000  -0.0632829065
   4.2500000000  -0.0633105162
   4.2750000000  -0.0632203639
   4.3000000000  -0.0630066746
   4.3250000000  -0.0626656912
   4.3500000000  -0.0621956768
   4.3750000000  -0.0615968087
   4.4000000000  -0.0608709754
   4.4250000000  -0.0600214917
   4.4500000000  -0.0590527516
   4.4750000000  -0.0579698403
   4.5000000000  -0.0567781304
   4.5250000000  -0.0554828842
   4.5500000000  -0.0540888851
   4.5750000000  -0.0526001162
   4.6000000000  -0.0510195024
   4.6250000000  -0.0493487263
   4.6500000000  -0.0475881235
   4.6750000000  -0.0457366595
   4.7000000000  -0.0437919829
   4.7250000000  -0.0417505475
   4.7500000000  -0.0396077901
   4.7750000000  -0.0373583500
   4.8000000000  -0.0349963123
   4.8250000000  -0.0325154588
   4.8500000000  -0.0299095069
   4.8750000000  -0.0271723235
   4.9000000000  -0.0242980994
   4.9250000000  -0.0212814740
   4.9500000000  -0.0181176055
   4.9750000000  -0.0148021845
   5.0000000000  -0.0113313931
