   0.0000000000  -0.8447834039
   0.0250000000  -0.8383365901
   0.0500000000  -0.8192512061
   0.0750000000  -0.7882809493
   0.1000000000  -0.7466350833
   0.1250000000  -0.6959145675
   0.1500000000  -0.6380288144
   0.1750000000  -0.5750998293
   0.2000000000  -0.5093604516
   0.2250000000  -0.4430532453
   0.2500000000  -0.3783358982
   0.2750000000  -0.3171978708
   0.3000000000  -0.2613916720
   0.3250000000  -0.2123807093
   0.3500000000  -0.1713043175
   0.3750000000  -0.1389594364
   0.4000000000  -0.1157975434
   0.4250000000  -0.1019348772
   0.4500000000  -0.0971736992
   0.4750000000  -0.1010322775
   0.5000000000  -0.1127813936
   0.5250000000  -0.1314853940
   0.5500000000  -0.1560460820
   0.5750000000  -0.1852480170
   0.6000000000  -0.2178040274
   0.6250000000  -0.2523999203
   0.6500000000  -0.2877374927
   0.6750000000  -0.3225750042
   0.7000000000  -0.3557642886
   0.7250000000  -0.3862836753
   0.7500000000  -0.4132658923
   0.7750000000  -0.4360201482
   0.8000000000  -0.4540476639
   0.8250000000  -0.4670500664
   0.8500000000  -0.4749302573
   0.8750000000  -0.4777856402
   0.9000000000  -0.4758939070
   0.9250000000  -0.4696919322
   0.9500000000  -0.4597486753
   0.9750000000  -0.4467333181
   1.0000000000  -0.4313801400
   1.0250000000  -0.4144518323
   1.0500000000  -0.3967030591
   1.0750000000  -0.3788460713
   1.1000000000  -0.3615200712
   1.1250000000  -0.3452658128
   1.1500000000  -0.3305066189
   1.1750000000  -0.3175366192
   1.2000000000  -0.3065165878
   1.2250000000  -0.2974773119
   1.2500000000  -0.2903299850
   1.2750000000  -0.2848827133
   1.3000000000  -0.2808618861
   1.3250000000  -0.2779369061
   1.3500000000  -0.2757466220
   1.3750000000  -0.2739257656
   1.4000000000  -0.2721297660
   1.4250000000  -0.2700564880
   1.4500000000  -0.2674637103
   1.4750000000  -0.2641814891
   1.5000000000  -0.2601189334
   1.5250000000  -0.2552653055
   1.5500000000  -0.2496857349
   1.5750000000  -0.2435121695
   1.6000000000  -0.2369304572
   1.6250000000  -0.2301646447
   1.6500000000  -0.2234596888
   1.6750000000  -0.2170637937
   1.7000000000  -0.2112115259
   1.7250000000  -0.2061087286
   1.7500000000  -0.2019200670
   1.7750000000  -0.1987598121
   1.8000000000  -0.1966862269
   1.8250000000  -0.1956996713
   1.8500000000  -0.1957443116
   1.8750000000  -0.1967131137
   1.9000000000  -0.1984556315
   1.9250000000  -0.2007879738
   1.9500000000  -0.2035042534
   1.9750000000  -0.2063887827
   2.0000000000  -0.2092282908
   2.0250000000  -0.2118234754
   2.0500000000  -0.2139992863
   2.0750000000  -0.2156134352
   2.1000000000  -0.2165627517
   2.1250000000  -0.2167871383
   2.1500000000  -0.2162710153
   2.1750000000  -0.2150422870
   2.2000000000  -0.2131689843
   2.2250000000  -0.2107538603
   2.2500000000  -0.2079273081
   2.2750000000  -0.2048390467
   2.3000000000  -0.2016490708
   2.3250000000  -0.1985183809
   2.3500000000  -0.1956000071
   2.3750000000  -0.1930308048
   2.4000000000  -0.1909244468
   2.4250000000  -0.1893659548
   2.4500000000  -0.1884080185
   2.4750000000  -0.1880692441
   2.5000000000  -0.1883343605
   2.5250000000  -0.1891562989
   2.5500000000  -0.1904599603
   2.5750000000  -0.1921473920
   2.6000000000  -0.1941040255
   2.6250000000  -0.1962055788
   2.6500000000  -0.1983252012
   2.6750000000  -0.2003404467
   2.7000000000  -0.2021396835
   2.7250000000  -0.2036276045
   2.7500000000  -0.2047295684
   2.7750000000  -0.2053945852
   2.8000000000  -0.2055968490
   2.8250000000  -0.2053358127
   2.8500000000  -0.2046348837
   2.8750000000  -0.2035388961
   2.9000000000  -0.2021105784
   2.9250000000  -0.2004262767
   2.9500000000  -0.1985712208
   2.9750000000  -0.1966346270
   3.0000000000  -0.1947049189
   3.0250000000  -0.1928653198
   3.0500000000  -0.1911900301
   3.0750000000  -0.1897411537
   3.1000000000  -0.1885664811
   3.1250000000  -0.1876981814
   3.1500000000  -0.1871523999
   3.1750000000  -0.1869297068
   3.2000000000  -0.1870163020
   3.2250000000  -0.1873858455
   3.2500000000  -0.1880017602
   3.2750000000  -0.1888198418
   3.3000000000  -0.1897910069
   3.3250000000  -0.1908640193
   3.3500000000  -0.1919880475
   3.3750000000  -0.1931149336
   3.4000000000  -0.1942010752
   3.4250000000  -0.1952088587
   3.4500000000  -0.1961076101
   3.4750000000  -0.1968740621
   3.5000000000  -0.1974923660
   3.5250000000  -0.1979536987
   3.5500000000  -0.1982555386
   3.5750000000  -0.1984006949
   3.6000000000  -0.1983961824
   3.6250000000  -0.1982520376
   3.6500000000  -0.1979801607
   3.6750000000  -0.1975932651
   3.7000000000  -0.1971039917
   3.7250000000  -0.1965242362
   3.7500000000  -0.1958647094
   3.7750000000  -0.1951347354
   3.8000000000  -0.1943422717
   3.8250000000  -0.1934941171
   3.8500000000  -0.1925962629
   3.8750000000  -0.1916543317
   3.9000000000  -0.1906740454
   3.9250000000  -0.1896616649
   3.9500000000  -0.1886243485
   3.9750000000  -0.1875703863
   4.0000000000  -0.1865092810
   4.0250000000  -0.1854516578
   4.0500000000  -0.1844090046
   4.0750000000  -0.1833932555
   4.1000000000  -0.1824162472
   4.1250000000  -0.1814890866
   4.1500000000  -0.1806214762
   4.1750000000  -0.1798210499
   4.2000000000  -0.1790927687
   4.2250000000  -0.1784384257
   4.2500000000  -0.1778563003
   4.2750000000  -0.1773409927
   4.3000000000  -0.1768834584
   4.3250000000  -0.1764712473
   4.3500000000  -0.1760889411
   4.3750000000  -0.1757187667
   4.4000000000  -0.1753413558
   4.4250000000  -0.1749366070
   4.4500000000  -0.1744846039
   4.4750000000  -0.1739665370
   4.5000000000  -0.1733655775
   4.5250000000  -0.1726676543
   4.5500000000  -0.1718620900
   4.5750000000  -0.1709420617
   4.6000000000  -0.1699048621
   4.6250000000  -0.1687519468
   4.6500000000  -0.1674887683
   4.6750000000  -0.1661244080
   4.7000000000  -0.1646710281
   4.7250000000  -0.1631431776
   4.7500000000  -0.1615569913
   4.7750000000  -0.1599293291
   4.8000000000  -0.1582769020
   4.8250000000  -0.1566154346
   4.8500000000  -0.1549589068
   4.8750000000  -0.1533189156
   4.9000000000  -0.1517041863
   4.9250000000  -0.1501202559
   4.9500000000  -0.1485693395
   4.9750000000  -0.1470503788
   5.0000000000  -0.1455592639
