   0.0000000000  -0.8447834039
   0.0250000000  -0.8447600388
   0.0500000000  -0.8447025010
   0.0750000000  -0.8446135028
   0.1000000000  -0.8444961884
   0.1250000000  -0.8443552239
   0.1500000000  -0.8441973613
   0.1750000000  -0.8440320177
   0.2000000000  -0.8438717664
   0.2250000000  -0.8437325145
   0.2500000000  -0.8436330870
   0.2750000000  -0.8435939305
   0.3000000000  -0.8436346932
   0.3250000000  -0.8437705555
   0.3500000000  -0.8440073511
   0.3750000000  -0.8443357195
   0.4000000000  -0.8447247361
   0.4250000000  -0.8451156391
   0.4500000000  -0.8454163953
   0.4750000000  -0.8454978812
   0.5000000000  -0.8451924096
   0.5250000000  -0.8442951896
   0.5500000000  -0.8425690939
   0.5750000000  -0.8397528333
   0.6000000000  -0.8355723343
   0.6250000000  -0.8297548128
   0.6500000000  -0.8220447575
   0.6750000000  -0.8122208138
   0.7000000000  -0.8001124075
   0.7250000000  -0.7856148823
   0.7500000000  -0.7687019579
   0.7750000000  -0.7494344382
   0.8000000000  -0.7279643099
   0.8250000000  -0.7045336563
   0.8500000000  -0.6794681512
   0.8750000000  -0.6531652673
   0.9000000000  -0.6260777139
   0.9250000000  -0.5986929758
   0.9500000000  -0.5715101363
   0.9750000000  -0.5450154015
   1.0000000000  -0.5196578870
   1.0250000000  -0.4958272522
   1.0500000000  -0.4738346765
   1.0750000000  -0.4538984611
   1.1000000000  -0.4361352199
   1.1250000000  -0.4205572263
   1.1500000000  -0.4070760300
   1.1750000000  -0.3955120031
   1.2000000000  -0.3856090398
   1.2250000000  -0.3770532796
   1.2500000000  -0.3694944615
   1.2750000000  -0.3625683843
   1.3000000000  -0.3559189363
   1.3250000000  -0.3492182816
   1.3500000000  -0.3421840077
   1.3750000000  -0.3345923470
   1.4000000000  -0.3262869247
   1.4250000000  -0.3171828489
   1.4500000000  -0.3072662852
   1.4750000000  -0.2965899507
   1.5000000000  -0.2852651745
   1.5250000000  -0.2734513223
   1.5500000000  -0.2613434494
   1.5750000000  -0.2491590481
   1.6000000000  -0.2371247030
   1.6250000000  -0.2254633726
   1.6500000000  -0.2143828920
   1.6750000000  -0.2040661598
   1.7000000000  -0.1946633338
   1.7250000000  -0.1862862321
   1.7500000000  -0.1790050151
   1.7750000000  -0.1728471216
   1.8000000000  -0.1677983377
   1.8250000000  -0.1638058046
   1.8500000000  -0.1607827037
   1.8750000000  -0.1586143101
   1.9000000000  -0.1571650639
   1.9250000000  -0.1562862868
   1.9500000000  -0.1558241537
   1.9750000000  -0.1556275376
   2.0000000000  -0.1555553567
   2.0250000000  -0.1554830891
   2.0500000000  -0.1553081635
   2.0750000000  -0.1549539973
   2.1000000000  -0.1543725202
   2.1250000000  -0.1535451041
   2.1500000000  -0.1524818996
   2.1750000000  -0.1512196636
   2.2000000000  -0.1498182376
   2.2250000000  -0.1483559092
   2.2500000000  -0.1469239376
   2.2750000000  -0.1456205699
   2.3000000000  -0.1445448880
   2.3250000000  -0.1437908307
   2.3500000000  -0.1434417131
   2.3750000000  -0.1435655272
   2.4000000000  -0.1442112566
   2.4250000000  -0.1454063680
   2.4500000000  -0.1471555732
   2.4750000000  -0.1494408766
   2.5000000000  -0.1522228508
   2.5250000000  -0.1554430153
   2.5500000000  -0.1590271367
   2.5750000000  -0.1628892258
   2.6000000000  -0.1669359804
   2.6250000000  -0.1710714109
   2.6500000000  -0.1752013898
   2.6750000000  -0.1792378879
   2.7000000000  -0.1831026896
   2.7250000000  -0.1867304216
   2.7500000000  -0.1900707784
   2.7750000000  -0.1930898761
   2.8000000000  -0.1957707195
   2.8250000000  -0.1981128132
   2.8500000000  -0.2001309928
   2.8750000000  -0.2018535831
   2.9000000000  -0.2033200236
   2.9250000000  -0.2045781145
   2.9500000000  -0.2056810464
   2.9750000000  -0.2066843782
   3.0000000000  -0.2076431170
   3.0250000000  -0.2086090371
   3.0500000000  -0.2096283565
   3.0750000000  -0.2107398587
   3.1000000000  -0.2119735208
   3.1250000000  -0.2133496791
   3.1500000000  -0.2148787310
   3.1750000000  -0.2165613472
   3.2000000000  -0.2183891420
   3.2250000000  -0.2203457297
   3.2500000000  -0.2224080825
   3.2750000000  -0.2245480929
   3.3000000000  -0.2267342443
   3.3250000000  -0.2289332931
   3.3500000000  -0.2311118750
   3.3750000000  -0.2332379597
   3.4000000000  -0.2352820933
   3.4250000000  -0.2372183867
   3.4500000000  -0.2390252238
   3.4750000000  -0.2406856852
   3.5000000000  -0.2421876981
   3.5250000000  -0.2435239376
   3.5500000000  -0.2446915186
   3.5750000000  -0.2456915214
   3.6000000000  -0.2465284041
   3.6250000000  -0.2472093503
   3.6500000000  -0.2477436015
   3.6750000000  -0.2481418154
   3.7000000000  -0.2484154854
   3.7250000000  -0.2485764442
   3.7500000000  -0.2486364682
   3.7750000000  -0.2486069848
   3.8000000000  -0.2484988789
   3.8250000000  -0.2483223854
   3.8500000000  -0.2480870497
   3.8750000000  -0.2478017330
   3.9000000000  -0.2474746398
   3.9250000000  -0.2471133449
   3.9500000000  -0.2467248000
   3.9750000000  -0.2463153043
   4.0000000000  -0.2458904311
   4.0250000000  -0.2454549048
   4.0500000000  -0.2450124342
   4.0750000000  -0.2445655086
   4.1000000000  -0.2441151735
   4.1250000000  -0.2436608019
   4.1500000000  -0.2431998841
   4.1750000000  -0.2427278555
   4.2000000000  -0.2422379836
   4.2250000000  -0.2417213322
   4.2500000000  -0.2411668165
   4.2750000000  -0.2405613566
   4.3000000000  -0.2398901329
   4.3250000000  -0.2391369385
   4.3500000000  -0.2382846179
   4.3750000000  -0.2373155754
   4.4000000000  -0.2362123311
   4.4250000000  -0.2349580987
   4.4500000000  -0.2335373554
   4.4750000000  -0.2319363772
   4.5000000000  -0.2301437079
   4.5250000000  -0.2281505385
   4.5500000000  -0.2259509750
   4.5750000000  -0.2235421779
   4.6000000000  -0.2209243645
   4.6250000000  -0.2181006731
   4.6500000000  -0.2150768918
   4.6750000000  -0.2118610675
   4.7000000000  -0.2084630111
   4.7250000000  -0.2048937251
   4.7500000000  -0.2011647814
   4.7750000000  -0.1972876790
   4.8000000000  -0.1932732144
   4.8250000000  -0.1891308934
   4.8500000000  -0.1848684137
   4.8750000000  -0.1804912391
   4.9000000000  -0.1760022857
   4.9250000000  -0.1714017299
   4.9500000000  -0.1666869450
   4.9750000000  -0.1618525633
   5.0000000000  -0.1568906571
