   0.0000000000  -0.0000000000  -1.0000000000   0.0000000000   0.0000000000
   0.0250000000   0.0000000000  -0.9999804911   0.0000000000   0.0015607083
   0.0500000000  -0.0000000000  -0.9999220540  -0.0000000000   0.0031142619
   0.0750000000  -0.0000000000  -0.9998249563  -0.0000000000   0.0046535553
   0.1000000000  -0.0000000000  -0.9996896421  -0.0000000000   0.0061715806
   0.1250000000  -0.0000000000  -0.9995167289  -0.0000000000   0.0076614754
   0.1500000000  -0.0000000000  -0.9993070033  -0.0000000000   0.0091165694
   0.1750000000  -0.0000000000  -0.9990614159  -0.0000000000   0.0105304287
   0.2000000000  -0.0000000000  -0.9987810743  -0.0000000000   0.0118968991
   0.2250000000  -0.0000000000  -0.9984672362  -0.0000000000   0.0132101457
   0.2500000000  -0.0000000000  -0.9981213008  -0.0000000000   0.0144646904
   0.2750000000  -0.0000000000  -0.9977447990  -0.0000000000   0.0156554467
   0.3000000000  -0.0000000000  -0.9973393841  -0.0000000000   0.0167777495
   0.3250000000  -0.0000000000  -0.9969068199  -0.0000000000   0.0178273832
   0.3500000000  -0.0000000000  -0.9964489701  -0.0000000000   0.0188006048
   0.3750000000  -0.0000000000  -0.9959677855  -0.0000000000   0.0196941630
   0.4000000000  -0.0000000000  -0.9954652920  -0.0000000000   0.0205053137
   0.4250000000  -0.0000000000  -0.9949435777  -0.0000000000   0.0212318309
   0.4500000000  -0.0000000000  -0.9944047797  -0.0000000000   0.0218720138
   0.4750000000  -0.0000000000  -0.9938510709  -0.0000000000   0.0224246888
   0.5000000000  -0.0000000000  -0.9932846472  -0.0000000000   0.0228892084
   0.5250000000  -0.0000000000  -0.9927077140  -0.0000000000   0.0232654453
   0.5500000000  -0.0000000000  -0.9921224736  -0.0000000000   0.0235537828
   0.5750000000  -0.0000000000  -0.9915311126  -0.0000000000   0.0237551015
   0.6000000000  -0.0000000000  -0.9909357893  -0.0000000000   0.0238707619
   0.6250000000  -0.0000000000  -0.9903386225  -0.0000000000   0.0239025843
   0.6500000000  -0.0000000000  -0.9897416799  -0.0000000000   0.0238528252
   0.6750000000  -0.0000000000  -0.9891469676  -0.0000000000   0.0237241510
   0.7000000000  -0.0000000000  -0.9885564206  -0.0000000000   0.0235196091
   0.7250000000  -0.0000000000  -0.9879718931  -0.0000000000   0.0232425966
   0.7500000000  -0.0000000000  -0.9873951503  -0.0000000000   0.0228968276
   0.7750000000  -0.0000000000  -0.9868278612  -0.0000000000   0.0224862986
   0.8000000000  -0.0000000000  -0.9862715918  -0.0000000000   0.0220152526
   0.8250000000  -0.0000000000  -0.9857277994  -0.0000000000   0.0214881427
   0.8500000000  -0.0000000000  -0.9851978276  -0.0000000000   0.0209095948
   0.8750000000  -0.0000000000  -0.9846829031  -0.0000000000   0.0202843705
   0.9000000000  -0.0000000000  -0.9841841318  -0.0000000000   0.0196173299
   0.9250000000  -0.0000000000  -0.9837024978  -0.0000000000   0.0189133949
   0.9500000000  -0.0000000000  -0.9832388614  -0.0000000000   0.0181775134
   0.9750000000  -0.0000000000  -0.9827939597  -0.0000000000   0.0174146242
   1.0000000000  -0.0000000000  -0.9823684066  -0.0000000000   0.0166296237
   1.0250000000  -0.0000000000  -0.9819626946  -0.0000000000   0.0158273340
   1.0500000000  -0.0000000000  -0.9815771970  -0.0000000000   0.0150124727
   1.0750000000  -0.0000000000  -0.9812121708  -0.0000000000   0.0141896243
   1.1000000000  -0.0000000000  -0.9808677603  -0.0000000000   0.0133632146
   1.1250000000  -0.0000000000  -0.9805440016  -0.0000000000   0.0125374870
   1.1500000000  -0.0000000000  -0.9802408270  -0.0000000000   0.0117164806
   1.1750000000  -0.0000000000  -0.9799580708  -0.0000000000   0.0109040117
   1.2000000000  -0.0000000000  -0.9796954750  -0.0000000000   0.0101036574
   1.2250000000  -0.0000000000  -0.9794526950  -0.0000000000   0.0093187418
   1.2500000000  -0.0000000000  -0.9792293066  -0.0000000000   0.0085523251
   1.2750000000  -0.0000000000  -0.9790248126  -0.0000000000   0.0078071944
   1.3000000000  -0.0000000000  -0.9788386495  -0.0000000000   0.0070858584
   1.3250000000  -0.0000000000  -0.9786701945  -0.0000000000   0.0063905435
   1.3500000000  -0.0000000000  -0.9785187728  -0.0000000000   0.0057231924
   1.3750000000  -0.0000000000  -0.9783836645  -0.0000000000   0.0050854657
   1.4000000000  -0.0000000000  -0.9782641119  -0.0000000000   0.0044787451
   1.4250000000  -0.0000000000  -0.9781593259  -0.0000000000   0.0039041384
   1.4500000000  -0.0000000000  -0.9780684930  -0.0000000000   0.0033624873
   1.4750000000  -0.0000000000  -0.9779907822  -0.0000000000   0.0028543762
   1.5000000000  -0.0000000000  -0.9779253508  -0.0000000000   0.0023801424
   1.5250000000  -0.0000000000  -0.9778713504  -0.0000000000   0.0019398890
   1.5500000000  -0.0000000000  -0.9778279330  -0.0000000000   0.0015334971
   1.5750000000  -0.0000000000  -0.9777942563  -0.0000000000   0.0011606409
   1.6000000000  -0.0000000000  -0.9777694883  -0.0000000000   0.0008208025
   1.6250000000  -0.0000000000  -0.9777528121  -0.0000000000   0.0005132876
   1.6500000000  -0.0000000000  -0.9777434305  -0.0000000000   0.0002372422
   1.6750000000  -0.0000000000  -0.9777405691  -0.0000000000  -0.0000083310
   1.7000000000  -0.0000000000  -0.9777434802  -0.0000000000  -0.0002245555
   1.7250000000  -0.0000000000  -0.9777514455  -0.0000000000  -0.0004126645
   1.7500000000  -0.0000000000  -0.9777637786  -0.0000000000  -0.0005739838
   1.7750000000  -0.0000000000  -0.9777798273  -0.0000000000  -0.0007099155
   1.8000000000  -0.0000000000  -0.9777989753  -0.0000000000  -0.0008219222
   1.8250000000  -0.0000000000  -0.9778206432  -0.0000000000  -0.0009115112
   1.8500000000  -0.0000000000  -0.9778442898  -0.0000000000  -0.0009802199
   1.8750000000  -0.0000000000  -0.9778694126  -0.0000000000  -0.0010296016
   1.9000000000  -0.0000000000  -0.9778955478  -0.0000000000  -0.0010612122
   1.9250000000  -0.0000000000  -0.9779222704  -0.0000000000  -0.0010765982
   1.9500000000  -0.0000000000  -0.9779491939  -0.0000000000  -0.0010772848
   1.9750000000  -0.0000000000  -0.9779759696  -0.0000000000  -0.0010647658
   2.0000000000  -0.0000000000  -0.9780022853  -0.0000000000  -0.0010404942
   2.0250000000  -0.0000000000  -0.9780278649  -0.0000000000  -0.0010058740
   2.0500000000  -0.0000000000  -0.9780524665  -0.0000000000  -0.0009622525
   2.0750000000  -0.0000000000  -0.9780758811  -0.0000000000  -0.0009109146
   2.1000000000  -0.0000000000  -0.9780979310  -0.0000000000  -0.0008530775
   2.1250000000  -0.0000000000  -0.9781184680  -0.0000000000  -0.0007898863
   2.1500000000  -0.0000000000  -0.9781373718  -0.0000000000  -0.0007224112
   2.1750000000  -0.0000000000  -0.9781545475  -0.0000000000  -0.0006516452
   2.2000000000  -0.0000000000  -0.9781699243  -0.0000000000  -0.0005785025
   2.2250000000  -0.0000000000  -0.9781834533  -0.0000000000  -0.0005038184
   2.2500000000  -0.0000000000  -0.9781951054  -0.0000000000  -0.0004283493
   2.2750000000  -0.0000000000  -0.9782048695  -0.0000000000  -0.0003527741
   2.3000000000  -0.0000000000  -0.9782127503  -0.0000000000  -0.0002776953
   2.3250000000  -0.0000000000  -0.9782187671  -0.0000000000  -0.0002036420
   2.3500000000  -0.0000000000  -0.9782229510  -0.0000000000  -0.0001310719
   2.3750000000  -0.0000000000  -0.9782253441  -0.0000000000  -0.0000603750
   2.4000000000  -0.0000000000  -0.9782259972  -0.0000000000   0.0000081229
   2.4250000000  -0.0000000000  -0.9782249687  -0.0000000000   0.0000741564
   2.4500000000  -0.0000000000  -0.9782223228  -0.0000000000   0.0001375164
   2.4750000000  -0.0000000000  -0.9782181283  -0.0000000000   0.0001980459
   2.5000000000  -0.0000000000  -0.9782124573  -0.0000000000   0.0002556352
   2.5250000000  -0.0000000000  -0.9782053841  -0.0000000000   0.0003102181
   2.5500000000  -0.0000000000  -0.9781969843  -0.0000000000   0.0003617670
   2.5750000000  -0.0000000000  -0.9781873336  -0.0000000000   0.0004102886
   2.6000000000  -0.0000000000  -0.9781765072  -0.0000000000   0.0004558198
   2.6250000000  -0.0000000000  -0.9781645792  -0.0000000000   0.0004984234
   2.6500000000  -0.0000000000  -0.9781516216  -0.0000000000   0.0005381842
   2.6750000000  -0.0000000000  -0.9781377042  -0.0000000000   0.0005752052
   2.7000000000  -0.0000000000  -0.9781228941  -0.0000000000   0.0006096040
   2.7250000000  -0.0000000000  -0.9781072552  -0.0000000000   0.0006415098
   2.7500000000  -0.0000000000  -0.9780908481  -0.0000000000   0.0006710599
   2.7750000000  -0.0000000000  -0.9780737299  -0.0000000000   0.0006983974
   2.8000000000  -0.0000000000  -0.9780559540  -0.0000000000   0.0007236682
   2.8250000000  -0.0000000000  -0.9780375704  -0.0000000000   0.0007470193
   2.8500000000  -0.0000000000  -0.9780186252  -0.0000000000   0.0007685965
   2.8750000000  -0.0000000000  -0.9779991610  -0.0000000000   0.0007885429
   2.9000000000  -0.0000000000  -0.9779792168  -0.0000000000   0.0008069972
   2.9250000000  -0.0000000000  -0.9779588281  -0.0000000000   0.0008240929
   2.9500000000  -0.0000000000  -0.9779380275  -0.0000000000   0.0008399570
   2.9750000000  -0.0000000000  -0.9779168442  -0.0000000000   0.0008547097
   3.0000000000  -0.0000000000  -0.9778953045  -0.0000000000   0.0008684634
   3.0250000000  -0.0000000000  -0.9778734322  -0.0000000000   0.0008813224
   3.0500000000  -0.0000000000  -0.9778512484  -0.0000000000   0.0008933831
   3.0750000000  -0.0000000000  -0.9778287719  -0.0000000000   0.0009047335
   3.1000000000  -0.0000000000  -0.9778060196  -0.0000000000   0.0009154536
   3.1250000000  -0.0000000000  -0.9777830062  -0.0000000000   0.0009256153
   3.1500000000  -0.0000000000  -0.9777597450  -0.0000000000   0.0009352830
   3.1750000000  -0.0000000000  -0.9777362475  -0.0000000000   0.0009445134
   3.2000000000  -0.0000000000  -0.9777125241  -0.0000000000   0.0009533566
   3.2250000000  -0.0000000000  -0.9776885840  -0.0000000000   0.0009618559
   3.2500000000  -0.0000000000  -0.9776644352  -0.0000000000   0.0009700488
   3.2750000000  -0.0000000000  -0.9776400850  -0.0000000000   0.0009779668
   3.3000000000  -0.0000000000  -0.9776155399  -0.0000000000   0.0009856366
   3.3250000000  -0.0000000000  -0.9775908060  -0.0000000000   0.0009930802
   3.3500000000  -0.0000000000  -0.9775658885  -0.0000000000   0.0010003151
   3.3750000000  -0.0000000000  -0.9775407927  -0.0000000000   0.0010073554
   3.4000000000  -0.0000000000  -0.9775155231  -0.0000000000   0.0010142116
   3.4250000000  -0.0000000000  -0.9774900843  -0.0000000000   0.0010208913
   3.4500000000  -0.0000000000  -0.9774644807  -0.0000000000   0.0010273994
   3.4750000000  -0.0000000000  -0.9774387164  -0.0000000000   0.0010337386
   3.5000000000  -0.0000000000  -0.9774127958  -0.0000000000   0.0010399096
   3.5250000000  -0.0000000000  -0.9773867231  -0.0000000000   0.0010459111
   3.5500000000  -0.0000000000  -0.9773605024  -0.0000000000   0.0010517406
   3.5750000000  -0.0000000000  -0.9773341382  -0.0000000000   0.0010573941
   3.6000000000  -0.0000000000  -0.9773076350  -0.0000000000   0.0010628666
   3.6250000000  -0.0000000000  -0.9772809972  -0.0000000000   0.0010681518
   3.6500000000  -0.0000000000  -0.9772542298  -0.0000000000   0.0010732430
   3.6750000000  -0.0000000000  -0.9772273376  -0.0000000000   0.0010781325
   3.7000000000  -0.0000000000  -0.9772003258  -0.0000000000   0.0010828121
   3.7250000000  -0.0000000000  -0.9771731997  -0.0000000000   0.0010872731
   3.7500000000  -0.0000000000  -0.9771459650  -0.0000000000   0.0010915065
   3.7750000000  -0.0000000000  -0.9771186274  -0.0000000000   0.0010955030
   3.8000000000  -0.0000000000  -0.9770911929  -0.0000000000   0.0010992530
   3.8250000000  -0.0000000000  -0.9770636679  -0.0000000000   0.0011027471
   3.8500000000  -0.0000000000  -0.9770360589  -0.0000000000   0.0011059756
   3.8750000000  -0.0000000000  -0.9770083726  -0.0000000000   0.0011089292
   3.9000000000  -0.0000000000  -0.9769806160  -0.0000000000   0.0011115988
   3.9250000000  -0.0000000000  -0.9769527963  -0.0000000000   0.0011139755
   3.9500000000  -0.0000000000  -0.9769249210  -0.0000000000   0.0011160511
   3.9750000000  -0.0000000000  -0.9768969976  -0.0000000000   0.0011178180
   4.0000000000  -0.0000000000  -0.9768690340  -0.0000000000   0.0011192692
   4.0250000000  -0.0000000000  -0.9768410382  -0.0000000000   0.0011203986
   4.0500000000  -0.0000000000  -0.9768130182  -0.0000000000   0.0011212013
   4.0750000000  -0.0000000000  -0.9767849822  -0.0000000000   0.0011216732
   4.1000000000  -0.0000000000  -0.9767569387  -0.0000000000   0.0011218116
   4.1250000000  -0.0000000000  -0.9767288959  -0.0000000000   0.0011216152
   4.1500000000  -0.0000000000  -0.9767008621  -0.0000000000   0.0011210840
   4.1750000000  -0.0000000000  -0.9766728458  -0.0000000000   0.0011202195
   4.2000000000  -0.0000000000  -0.9766448553  -0.0000000000   0.0011190249
   4.2250000000  -0.0000000000  -0.9766168986  -0.0000000000   0.0011175051
   4.2500000000  -0.0000000000  -0.9765889840  -0.0000000000   0.0011156665
   4.2750000000  -0.0000000000  -0.9765611192  -0.0000000000   0.0011135174
   4.3000000000  -0.0000000000  -0.9765333119  -0.0000000000   0.0011110677
   4.3250000000  -0.0000000000  -0.9765055694  -0.0000000000   0.0011083291
   4.3500000000  -0.0000000000  -0.9764778989  -0.0000000000   0.0011053150
   4.3750000000  -0.0000000000  -0.9764503069  -0.0000000000   0.0011020402
   4.4000000000  -0.0000000000  -0.9764227999  -0.0000000000   0.0010985214
   4.4250000000  -0.0000000000  -0.9763953837  -0.0000000000   0.0010947764
   4.4500000000  -0.0000000000  -0.9763680637  -0.0000000000   0.0010908246
   4.4750000000  -0.0000000000  -0.9763408448  -0.0000000000   0.0010866863
   4.5000000000  -0.0000000000  -0.9763137314  -0.0000000000   0.0010823831
   4.5250000000  -0.0000000000  -0.9762867274  -0.0000000000   0.0010779374
   4.5500000000  -0.0000000000  -0.9762598360  -0.0000000000   0.0010733722
   4.5750000000  -0.0000000000  -0.9762330600  -0.0000000000   0.0010687113
   4.6000000000  -0.0000000000  -0.9762064014  -0.0000000000   0.0010639785
   4.6250000000  -0.0000000000  -0.9761798617  -0.0000000000   0.0010591979
   4.6500000000  -0.0000000000  -0.9761534418  -0.0000000000   0.0010543936
   4.6750000000  -0.0000000000  -0.9761271420  -0.0000000000   0.0010495894
   4.7000000000  -0.0000000000  -0.9761009620  -0.0000000000   0.0010448084
   4.7250000000  -0.0000000000  -0.9760749010  -0.0000000000   0.0010400735
   4.7500000000  -0.0000000000  -0.9760489575  -0.0000000000   0.0010354065
   4.7750000000  -0.0000000000  -0.9760231296  -0.0000000000   0.0010308281
   4.8000000000  -0.0000000000  -0.9759974147  -0.0000000000   0.0010263581
   4.8250000000  -0.0000000000  -0.9759718101  -0.0000000000   0.0010220149
   4.8500000000  -0.0000000000  -0.9759463122  -0.0000000000   0.0010178155
   4.8750000000  -0.0000000000  -0.9759209173  -0.0000000000   0.0010137752
   4.9000000000  -0.0000000000  -0.9758956213  -0.0000000000   0.0010099078
   4.9250000000  -0.0000000000  -0.9758704196  -0.0000000000   0.0010062256
   4.9500000000  -0.0000000000  -0.9758453075  -0.0000000000   0.0010027387
   4.9750000000  -0.0000000000  -0.9758202801  -0.0000000000   0.0009994558
   5.0000000000  -0.0000000000  -0.9757953321  -0.0000000000   0.0009963837
