   0.0000000000   0.2500000000
   0.0250000000   0.2499341108
   0.0500000000   0.2497370650
   0.0750000000   0.2494107221
   0.1000000000   0.2489581561
   0.1250000000   0.2483836173
   0.1500000000   0.2476924805
   0.1750000000   0.2468911794
   0.2000000000   0.2459871281
   0.2250000000   0.2449886321
   0.2500000000   0.2439047880
   0.2750000000   0.2427453758
   0.3000000000   0.2415207432
   0.3250000000   0.2402416850
   0.3500000000   0.2389193189
   0.3750000000   0.2375649591
   0.4000000000   0.2361899897
   0.4250000000   0.2348057398
   0.4500000000   0.2334233622
   0.4750000000   0.2320537156
   0.5000000000   0.2307072550
   0.5250000000   0.2293939276
   0.5500000000   0.2281230796
   0.5750000000   0.2269033710
   0.6000000000   0.2257427026
   0.6250000000   0.2246481536
   0.6500000000   0.2236259316
   0.6750000000   0.2226813345
   0.7000000000   0.2218187251
   0.7250000000   0.2210415177
   0.7500000000   0.2203521773
   0.7750000000   0.2197522296
   0.8000000000   0.2192422831
   0.8250000000   0.2188220606
   0.8500000000   0.2184904409
   0.8750000000   0.2182455088
   0.9000000000   0.2180846128
   0.9250000000   0.2180044290
   0.9500000000   0.2180010305
   0.9750000000   0.2180699610
   1.0000000000   0.2182063110
   1.0250000000   0.2184047961
   1.0500000000   0.2186598356
   1.0750000000   0.2189656311
   1.1000000000   0.2193162428
   1.1250000000   0.2197056644
   1.1500000000   0.2201278935
   1.1750000000   0.2205769985
   1.2000000000   0.2210471807
   1.2250000000   0.2215328309
   1.2500000000   0.2220285799
   1.2750000000   0.2225293432
   1.3000000000   0.2230303591
   1.3250000000   0.2235272203
   1.3500000000   0.2240158987
   1.3750000000   0.2244927641
   1.4000000000   0.2249545962
   1.4250000000   0.2253985909
   1.4500000000   0.2258223604
   1.4750000000   0.2262239285
   1.5000000000   0.2266017204
   1.5250000000   0.2269545485
   1.5500000000   0.2272815944
   1.5750000000   0.2275823871
   1.6000000000   0.2278567787
   1.6250000000   0.2281049180
   1.6500000000   0.2283272220
   1.6750000000   0.2285243466
   1.7000000000   0.2286971569
   1.7250000000   0.2288466965
   1.7500000000   0.2289741580
   1.7750000000   0.2290808535
   1.8000000000   0.2291681869
   1.8250000000   0.2292376271
   1.8500000000   0.2292906826
   1.8750000000   0.2293288787
   1.9000000000   0.2293537364
   1.9250000000   0.2293667530
   1.9500000000   0.2293693859
   1.9750000000   0.2293630378
   2.0000000000   0.2293490450
   2.0250000000   0.2293286670
   2.0500000000   0.2293030789
   2.0750000000   0.2292733662
   2.1000000000   0.2292405203
   2.1250000000   0.2292054372
   2.1500000000   0.2291689168
   2.1750000000   0.2291316643
   2.2000000000   0.2290942925
   2.2250000000   0.2290573252
   2.2500000000   0.2290212021
   2.2750000000   0.2289862833
   2.3000000000   0.2289528556
   2.3250000000   0.2289211385
   2.3500000000   0.2288912902
   2.3750000000   0.2288634149
   2.4000000000   0.2288375685
   2.4250000000   0.2288137654
   2.4500000000   0.2287919846
   2.4750000000   0.2287721755
   2.5000000000   0.2287542635
   2.5250000000   0.2287381550
   2.5500000000   0.2287237421
   2.5750000000   0.2287109068
   2.6000000000   0.2286995247
   2.6250000000   0.2286894685
   2.6500000000   0.2286806101
   2.6750000000   0.2286728237
   2.7000000000   0.2286659874
   2.7250000000   0.2286599846
   2.7500000000   0.2286547054
   2.7750000000   0.2286500471
   2.8000000000   0.2286459152
   2.8250000000   0.2286422232
   2.8500000000   0.2286388930
   2.8750000000   0.2286358549
   2.9000000000   0.2286330467
   2.9250000000   0.2286304143
   2.9500000000   0.2286279105
   2.9750000000   0.2286254948
   3.0000000000   0.2286231328
   3.0250000000   0.2286207957
   3.0500000000   0.2286184596
   3.0750000000   0.2286161053
   3.1000000000   0.2286137174
   3.1250000000   0.2286112838
   3.1500000000   0.2286087958
   3.1750000000   0.2286062469
   3.2000000000   0.2286036332
   3.2250000000   0.2286009523
   3.2500000000   0.2285982038
   3.2750000000   0.2285953884
   3.3000000000   0.2285925080
   3.3250000000   0.2285895655
   3.3500000000   0.2285865645
   3.3750000000   0.2285835093
   3.4000000000   0.2285804048
   3.4250000000   0.2285772563
   3.4500000000   0.2285740694
   3.4750000000   0.2285708500
   3.5000000000   0.2285676044
   3.5250000000   0.2285643389
   3.5500000000   0.2285610599
   3.5750000000   0.2285577742
   3.6000000000   0.2285544883
   3.6250000000   0.2285512090
   3.6500000000   0.2285479430
   3.6750000000   0.2285446969
   3.7000000000   0.2285414776
   3.7250000000   0.2285382915
   3.7500000000   0.2285351452
   3.7750000000   0.2285320451
   3.8000000000   0.2285289975
   3.8250000000   0.2285260088
   3.8500000000   0.2285230848
   3.8750000000   0.2285202316
   3.9000000000   0.2285174548
   3.9250000000   0.2285147601
   3.9500000000   0.2285121527
   3.9750000000   0.2285096378
   4.0000000000   0.2285072203
   4.0250000000   0.2285049048
   4.0500000000   0.2285026956
   4.0750000000   0.2285005967
   4.1000000000   0.2284986118
   4.1250000000   0.2284967442
   4.1500000000   0.2284949969
   4.1750000000   0.2284933722
   4.2000000000   0.2284918722
   4.2250000000   0.2284904984
   4.2500000000   0.2284892518
   4.2750000000   0.2284881329
   4.3000000000   0.2284871415
   4.3250000000   0.2284862771
   4.3500000000   0.2284855384
   4.3750000000   0.2284849234
   4.4000000000   0.2284844298
   4.4250000000   0.2284840545
   4.4500000000   0.2284837939
   4.4750000000   0.2284836439
   4.5000000000   0.2284835998
   4.5250000000   0.2284836565
   4.5500000000   0.2284838083
   4.5750000000   0.2284840494
   4.6000000000   0.2284843733
   4.6250000000   0.2284847737
   4.6500000000   0.2284852436
   4.6750000000   0.2284857762
   4.7000000000   0.2284863644
   4.7250000000   0.2284870014
   4.7500000000   0.2284876803
   4.7750000000   0.2284883941
   4.8000000000   0.2284891364
   4.8250000000   0.2284899009
   4.8500000000   0.2284906816
   4.8750000000   0.2284914727
   4.9000000000   0.2284922692
   4.9250000000   0.2284930661
   4.9500000000   0.2284938592
   4.9750000000   0.2284946447
   5.0000000000   0.2284954190
