   0.0000000000   0.0000000000
   0.0250000000  -0.0000329446
   0.0500000000  -0.0001314675
   0.0750000000  -0.0002946390
   0.1000000000  -0.0005209220
   0.1250000000  -0.0008081914
   0.1500000000  -0.0011537598
   0.1750000000  -0.0015544104
   0.2000000000  -0.0020064360
   0.2250000000  -0.0025056840
   0.2500000000  -0.0030476060
   0.2750000000  -0.0036273121
   0.3000000000  -0.0042396284
   0.3250000000  -0.0048791575
   0.3500000000  -0.0055403406
   0.3750000000  -0.0062175205
   0.4000000000  -0.0069050052
   0.4250000000  -0.0075971301
   0.4500000000  -0.0082883190
   0.4750000000  -0.0089731422
   0.5000000000  -0.0096463725
   0.5250000000  -0.0103030362
   0.5500000000  -0.0109384602
   0.5750000000  -0.0115483145
   0.6000000000  -0.0121286487
   0.6250000000  -0.0126759232
   0.6500000000  -0.0131870342
   0.6750000000  -0.0136593328
   0.7000000000  -0.0140906375
   0.7250000000  -0.0144792412
   0.7500000000  -0.0148239114
   0.7750000000  -0.0151238852
   0.8000000000  -0.0153788585
   0.8250000000  -0.0155889697
   0.8500000000  -0.0157547796
   0.8750000000  -0.0158772456
   0.9000000000  -0.0159576936
   0.9250000000  -0.0159977855
   0.9500000000  -0.0159994848
   0.9750000000  -0.0159650195
   1.0000000000  -0.0158968445
   1.0250000000  -0.0157976020
   1.0500000000  -0.0156700822
   1.0750000000  -0.0155171845
   1.1000000000  -0.0153418786
   1.1250000000  -0.0151471678
   1.1500000000  -0.0149360533
   1.1750000000  -0.0147115008
   1.2000000000  -0.0144764097
   1.2250000000  -0.0142335846
   1.2500000000  -0.0139857101
   1.2750000000  -0.0137353284
   1.3000000000  -0.0134848205
   1.3250000000  -0.0132363899
   1.3500000000  -0.0129920507
   1.3750000000  -0.0127536180
   1.4000000000  -0.0125227019
   1.4250000000  -0.0123007046
   1.4500000000  -0.0120888198
   1.4750000000  -0.0118880358
   1.5000000000  -0.0116991398
   1.5250000000  -0.0115227258
   1.5500000000  -0.0113592028
   1.5750000000  -0.0112088065
   1.6000000000  -0.0110716107
   1.6250000000  -0.0109475410
   1.6500000000  -0.0108363890
   1.6750000000  -0.0107378267
   1.7000000000  -0.0106514216
   1.7250000000  -0.0105766518
   1.7500000000  -0.0105129211
   1.7750000000  -0.0104595733
   1.8000000000  -0.0104159066
   1.8250000000  -0.0103811865
   1.8500000000  -0.0103546587
   1.8750000000  -0.0103355607
   1.9000000000  -0.0103231318
   1.9250000000  -0.0103166235
   1.9500000000  -0.0103153071
   1.9750000000  -0.0103184811
   2.0000000000  -0.0103254775
   2.0250000000  -0.0103356665
   2.0500000000  -0.0103484606
   2.0750000000  -0.0103633169
   2.1000000000  -0.0103797399
   2.1250000000  -0.0103972814
   2.1500000000  -0.0104155416
   2.1750000000  -0.0104341679
   2.2000000000  -0.0104528538
   2.2250000000  -0.0104713374
   2.2500000000  -0.0104893990
   2.2750000000  -0.0105068584
   2.3000000000  -0.0105235722
   2.3250000000  -0.0105394308
   2.3500000000  -0.0105543549
   2.3750000000  -0.0105682926
   2.4000000000  -0.0105812158
   2.4250000000  -0.0105931174
   2.4500000000  -0.0106040078
   2.4750000000  -0.0106139123
   2.5000000000  -0.0106228683
   2.5250000000  -0.0106309225
   2.5500000000  -0.0106381290
   2.5750000000  -0.0106445466
   2.6000000000  -0.0106502377
   2.6250000000  -0.0106552658
   2.6500000000  -0.0106596950
   2.6750000000  -0.0106635882
   2.7000000000  -0.0106670063
   2.7250000000  -0.0106700077
   2.7500000000  -0.0106726473
   2.7750000000  -0.0106749765
   2.8000000000  -0.0106770424
   2.8250000000  -0.0106788884
   2.8500000000  -0.0106805535
   2.8750000000  -0.0106820726
   2.9000000000  -0.0106834767
   2.9250000000  -0.0106847929
   2.9500000000  -0.0106860448
   2.9750000000  -0.0106872526
   3.0000000000  -0.0106884336
   3.0250000000  -0.0106896022
   3.0500000000  -0.0106907702
   3.0750000000  -0.0106919474
   3.1000000000  -0.0106931414
   3.1250000000  -0.0106943581
   3.1500000000  -0.0106956021
   3.1750000000  -0.0106968766
   3.2000000000  -0.0106981834
   3.2250000000  -0.0106995239
   3.2500000000  -0.0107008981
   3.2750000000  -0.0107023058
   3.3000000000  -0.0107037460
   3.3250000000  -0.0107052173
   3.3500000000  -0.0107067178
   3.3750000000  -0.0107082454
   3.4000000000  -0.0107097976
   3.4250000000  -0.0107113719
   3.4500000000  -0.0107129653
   3.4750000000  -0.0107145750
   3.5000000000  -0.0107161978
   3.5250000000  -0.0107178306
   3.5500000000  -0.0107194701
   3.5750000000  -0.0107211129
   3.6000000000  -0.0107227559
   3.6250000000  -0.0107243955
   3.6500000000  -0.0107260285
   3.6750000000  -0.0107276516
   3.7000000000  -0.0107292612
   3.7250000000  -0.0107308543
   3.7500000000  -0.0107324275
   3.7750000000  -0.0107339775
   3.8000000000  -0.0107355013
   3.8250000000  -0.0107369956
   3.8500000000  -0.0107384576
   3.8750000000  -0.0107398842
   3.9000000000  -0.0107412726
   3.9250000000  -0.0107426200
   3.9500000000  -0.0107439237
   3.9750000000  -0.0107451811
   4.0000000000  -0.0107463899
   4.0250000000  -0.0107475476
   4.0500000000  -0.0107486522
   4.0750000000  -0.0107497017
   4.1000000000  -0.0107506941
   4.1250000000  -0.0107516279
   4.1500000000  -0.0107525016
   4.1750000000  -0.0107533139
   4.2000000000  -0.0107540640
   4.2250000000  -0.0107547509
   4.2500000000  -0.0107553741
   4.2750000000  -0.0107559336
   4.3000000000  -0.0107564293
   4.3250000000  -0.0107568615
   4.3500000000  -0.0107572309
   4.3750000000  -0.0107575383
   4.4000000000  -0.0107577851
   4.4250000000  -0.0107579728
   4.4500000000  -0.0107581031
   4.4750000000  -0.0107581781
   4.5000000000  -0.0107582001
   4.5250000000  -0.0107581718
   4.5500000000  -0.0107580959
   4.5750000000  -0.0107579754
   4.6000000000  -0.0107578134
   4.6250000000  -0.0107576132
   4.6500000000  -0.0107573783
   4.6750000000  -0.0107571120
   4.7000000000  -0.0107568178
   4.7250000000  -0.0107564993
   4.7500000000  -0.0107561599
   4.7750000000  -0.0107558030
   4.8000000000  -0.0107554318
   4.8250000000  -0.0107550496
   4.8500000000  -0.0107546592
   4.8750000000  -0.0107542637
   4.9000000000  -0.0107538654
   4.9250000000  -0.0107534670
   4.9500000000  -0.0107530704
   4.9750000000  -0.0107526777
   5.0000000000  -0.0107522905
