   0.0000000000  -0.8447834039
   0.0250000000  -0.8447841595
   0.0500000000  -0.8447838298
   0.0750000000  -0.8447832111
   0.1000000000  -0.8447823505
   0.1250000000  -0.8447812514
   0.1500000000  -0.8447799182
   0.1750000000  -0.8447783562
   0.2000000000  -0.8447765718
   0.2250000000  -0.8447745721
   0.2500000000  -0.8447723654
   0.2750000000  -0.8447699607
   0.3000000000  -0.8447673677
   0.3250000000  -0.8447645972
   0.3500000000  -0.8447616605
   0.3750000000  -0.8447585699
   0.4000000000  -0.8447553380
   0.4250000000  -0.8447519781
   0.4500000000  -0.8447485040
   0.4750000000  -0.8447449298
   0.5000000000  -0.8447412698
   0.5250000000  -0.8447375386
   0.5500000000  -0.8447337508
   0.5750000000  -0.8447299208
   0.6000000000  -0.8447260629
   0.6250000000  -0.8447221911
   0.6500000000  -0.8447183188
   0.6750000000  -0.8447144589
   0.7000000000  -0.8447106238
   0.7250000000  -0.8447068248
   0.7500000000  -0.8447030726
   0.7750000000  -0.8446993766
   0.8000000000  -0.8446957455
   0.8250000000  -0.8446921867
   0.8500000000  -0.8446887066
   0.8750000000  -0.8446853103
   0.9000000000  -0.8446820019
   0.9250000000  -0.8446787842
   0.9500000000  -0.8446756591
   0.9750000000  -0.8446726274
   1.0000000000  -0.8446696888
   1.0250000000  -0.8446668422
   1.0500000000  -0.8446640857
   1.0750000000  -0.8446614167
   1.1000000000  -0.8446588320
   1.1250000000  -0.8446563281
   1.1500000000  -0.8446539011
   1.1750000000  -0.8446515468
   1.2000000000  -0.8446492613
   1.2250000000  -0.8446470404
   1.2500000000  -0.8446448803
   1.2750000000  -0.8446427775
   1.3000000000  -0.8446407291
   1.3250000000  -0.8446387323
   1.3500000000  -0.8446367854
   1.3750000000  -0.8446348869
   1.4000000000  -0.8446330362
   1.4250000000  -0.8446312336
   1.4500000000  -0.8446294797
   1.4750000000  -0.8446277762
   1.5000000000  -0.8446261254
   1.5250000000  -0.8446245302
   1.5500000000  -0.8446229940
   1.5750000000  -0.8446215209
   1.6000000000  -0.8446201155
   1.6250000000  -0.8446187826
   1.6500000000  -0.8446175272
   1.6750000000  -0.8446163546
   1.7000000000  -0.8446152701
   1.7250000000  -0.8446142789
   1.7500000000  -0.8446133861
   1.7750000000  -0.8446125963
   1.8000000000  -0.8446119140
   1.8250000000  -0.8446113430
   1.8500000000  -0.8446108866
   1.8750000000  -0.8446105475
   1.9000000000  -0.8446103276
   1.9250000000  -0.8446102280
   1.9500000000  -0.8446102492
   1.9750000000  -0.8446103906
   2.0000000000  -0.8446106510
   2.0250000000  -0.8446110282
   2.0500000000  -0.8446115191
   2.0750000000  -0.8446121199
   2.1000000000  -0.8446128261
   2.1250000000  -0.8446136322
   2.1500000000  -0.8446145323
   2.1750000000  -0.8446155198
   2.2000000000  -0.8446165875
   2.2250000000  -0.8446177277
   2.2500000000  -0.8446189325
   2.2750000000  -0.8446201935
   2.3000000000  -0.8446215022
   2.3250000000  -0.8446228500
   2.3500000000  -0.8446242282
   2.3750000000  -0.8446256281
   2.4000000000  -0.8446270413
   2.4250000000  -0.8446284594
   2.4500000000  -0.8446298745
   2.4750000000  -0.8446312787
   2.5000000000  -0.8446326647
   2.5250000000  -0.8446340257
   2.5500000000  -0.8446353552
   2.5750000000  -0.8446366474
   2.6000000000  -0.8446378969
   2.6250000000  -0.8446390990
   2.6500000000  -0.8446402493
   2.6750000000  -0.8446413443
   2.7000000000  -0.8446423809
   2.7250000000  -0.8446433567
   2.7500000000  -0.8446442698
   2.7750000000  -0.8446451186
   2.8000000000  -0.8446459025
   2.8250000000  -0.8446466209
   2.8500000000  -0.8446472741
   2.8750000000  -0.8446478624
   2.9000000000  -0.8446483869
   2.9250000000  -0.8446488487
   2.9500000000  -0.8446492495
   2.9750000000  -0.8446495911
   3.0000000000  -0.8446498756
   3.0250000000  -0.8446501053
   3.0500000000  -0.8446502827
   3.0750000000  -0.8446504105
   3.1000000000  -0.8446504913
   3.1250000000  -0.8446505280
   3.1500000000  -0.8446505234
   3.1750000000  -0.8446504803
   3.2000000000  -0.8446504017
   3.2250000000  -0.8446502903
   3.2500000000  -0.8446501489
   3.2750000000  -0.8446499803
   3.3000000000  -0.8446497870
   3.3250000000  -0.8446495717
   3.3500000000  -0.8446493366
   3.3750000000  -0.8446490842
   3.4000000000  -0.8446488166
   3.4250000000  -0.8446485359
   3.4500000000  -0.8446482441
   3.4750000000  -0.8446479429
   3.5000000000  -0.8446476339
   3.5250000000  -0.8446473188
   3.5500000000  -0.8446469990
   3.5750000000  -0.8446466756
   3.6000000000  -0.8446463500
   3.6250000000  -0.8446460230
   3.6500000000  -0.8446456956
   3.6750000000  -0.8446453687
   3.7000000000  -0.8446450429
   3.7250000000  -0.8446447188
   3.7500000000  -0.8446443970
   3.7750000000  -0.8446440779
   3.8000000000  -0.8446437619
   3.8250000000  -0.8446434491
   3.8500000000  -0.8446431400
   3.8750000000  -0.8446428346
   3.9000000000  -0.8446425330
   3.9250000000  -0.8446422354
   3.9500000000  -0.8446419418
   3.9750000000  -0.8446416523
   4.0000000000  -0.8446413668
   4.0250000000  -0.8446410852
   4.0500000000  -0.8446408077
   4.0750000000  -0.8446405341
   4.1000000000  -0.8446402645
   4.1250000000  -0.8446399987
   4.1500000000  -0.8446397368
   4.1750000000  -0.8446394787
   4.2000000000  -0.8446392245
   4.2250000000  -0.8446389741
   4.2500000000  -0.8446387276
   4.2750000000  -0.8446384850
   4.3000000000  -0.8446382464
   4.3250000000  -0.8446380118
   4.3500000000  -0.8446377813
   4.3750000000  -0.8446375551
   4.4000000000  -0.8446373332
   4.4250000000  -0.8446371157
   4.4500000000  -0.8446369030
   4.4750000000  -0.8446366950
   4.5000000000  -0.8446364920
   4.5250000000  -0.8446362941
   4.5500000000  -0.8446361016
   4.5750000000  -0.8446359146
   4.6000000000  -0.8446357332
   4.6250000000  -0.8446355578
   4.6500000000  -0.8446353885
   4.6750000000  -0.8446352253
   4.7000000000  -0.8446350686
   4.7250000000  -0.8446349185
   4.7500000000  -0.8446347751
   4.7750000000  -0.8446346385
   4.8000000000  -0.8446345089
   4.8250000000  -0.8446343864
   4.8500000000  -0.8446342709
   4.8750000000  -0.8446341627
   4.9000000000  -0.8446340617
   4.9250000000  -0.8446339680
   4.9500000000  -0.8446338815
   4.9750000000  -0.8446338022
   5.0000000000  -0.8446337301
