   0.0000000000   0.8823114651
   0.0250000000   0.8820732064
   0.0500000000   0.8812112390
   0.0750000000   0.8794931090
   0.1000000000   0.8769255721
   0.1250000000   0.8735312238
   0.1500000000   0.8693248732
   0.1750000000   0.8643429584
   0.2000000000   0.8586077085
   0.2250000000   0.8521681391
   0.2500000000   0.8450529739
   0.2750000000   0.8373221328
   0.3000000000   0.8290096662
   0.3250000000   0.8201843967
   0.3500000000   0.8108843562
   0.3750000000   0.8011850361
   0.4000000000   0.7911269999
   0.4250000000   0.7807900427
   0.4500000000   0.7702157791
   0.4750000000   0.7594859111
   0.5000000000   0.7486416553
   0.5250000000   0.7377642758
   0.5500000000   0.7268932217
   0.5750000000   0.7161070921
   0.6000000000   0.7054423066
   0.6250000000   0.6949727375
   0.6500000000   0.6847306373
   0.6750000000   0.6747832922
   0.7000000000   0.6651577875
   0.7250000000   0.6559132023
   0.7500000000   0.6470706109
   0.7750000000   0.6386795454
   0.8000000000   0.6307544118
   0.8250000000   0.6233341870
   0.8500000000   0.6164261791
   0.8750000000   0.6100581867
   0.9000000000   0.6042302625
   0.9250000000   0.5989588356
   0.9500000000   0.5942368533
   0.9750000000   0.5900696421
   1.0000000000   0.5864435172
   1.0250000000   0.5833534230
   1.0500000000   0.5807798277
   1.0750000000   0.5787084271
   1.1000000000   0.5771148948
   1.1250000000   0.5759771507
   1.1500000000   0.5752673239
   1.1750000000   0.5749572681
   1.2000000000   0.5750169287
   1.2250000000   0.5754139233
   1.2500000000   0.5761173904
   1.2750000000   0.5770925463
   1.3000000000   0.5783090258
   1.3250000000   0.5797313763
   1.3500000000   0.5813308845
   1.3750000000   0.5830729727
   1.4000000000   0.5849315327
   1.4250000000   0.5868741544
   1.4500000000   0.5888780535
   1.4750000000   0.5909139934
   1.5000000000   0.5929629865
   1.5250000000   0.5949996770
   1.5500000000   0.5970091068
   1.5750000000   0.5989702175
   1.6000000000   0.6008720949
   1.6250000000   0.6026981262
   1.6500000000   0.6044412661
   1.6750000000   0.6060892618
   1.7000000000   0.6076386083
   1.7250000000   0.6090811335
   1.7500000000   0.6104164282
   1.7750000000   0.6116399715
   1.8000000000   0.6127539277
   1.8250000000   0.6137568924
   1.8500000000   0.6146530395
   1.8750000000   0.6154434852
   1.9000000000   0.6161338411
   1.9250000000   0.6167271273
   1.9500000000   0.6172298449
   1.9750000000   0.6176463172
   2.0000000000   0.6179834350
   2.0250000000   0.6182462731
   2.0500000000   0.6184416820
   2.0750000000   0.6185750090
   2.1000000000   0.6186527198
   2.1250000000   0.6186800466
   2.1500000000   0.6186628190
   2.1750000000   0.6186058676
   2.2000000000   0.6185142304
   2.2250000000   0.6183921526
   2.2500000000   0.6182438155
   2.2750000000   0.6180727922
   2.3000000000   0.6178824225
   2.3250000000   0.6176756048
   2.3500000000   0.6174549173
   2.3750000000   0.6172226479
   2.4000000000   0.6169807390
   2.4250000000   0.6167309785
   2.4500000000   0.6164748254
   2.4750000000   0.6162137015
   2.5000000000   0.6159487417
   2.5250000000   0.6156811394
   2.5500000000   0.6154118540
   2.5750000000   0.6151419739
   2.6000000000   0.6148724067
   2.6250000000   0.6146042312
   2.6500000000   0.6143383934
   2.6750000000   0.6140760209
   2.7000000000   0.6138181495
   2.7250000000   0.6135659743
   2.7500000000   0.6133206333
   2.7750000000   0.6130833698
   2.8000000000   0.6128554017
   2.8250000000   0.6126379691
   2.8500000000   0.6124323201
   2.8750000000   0.6122396173
   2.9000000000   0.6120610718
   2.9250000000   0.6118976820
   2.9500000000   0.6117505471
   2.9750000000   0.6116204147
   3.0000000000   0.6115082001
   3.0250000000   0.6114143230
   3.0500000000   0.6113394546
   3.0750000000   0.6112836286
   3.1000000000   0.6112472299
   3.1250000000   0.6112298733
   3.1500000000   0.6112316382
   3.1750000000   0.6112517153
   3.2000000000   0.6112898831
   3.2250000000   0.6113449317
   3.2500000000   0.6114163663
   3.2750000000   0.6115026254
   3.3000000000   0.6116029882
   3.3250000000   0.6117156116
   3.3500000000   0.6118396107
   3.3750000000   0.6119729458
   3.4000000000   0.6121146387
   3.4250000000   0.6122625453
   3.4500000000   0.6124156679
   3.4750000000   0.6125718508
   3.5000000000   0.6127301475
   3.5250000000   0.6128884779
   3.5500000000   0.6130460093
   3.5750000000   0.6132008128
   3.6000000000   0.6133522205
   3.6250000000   0.6134985155
   3.6500000000   0.6136392310
   3.6750000000   0.6137729047
   3.7000000000   0.6138992924
   3.7250000000   0.6140172109
   3.7500000000   0.6141266445
   3.7750000000   0.6142266950
   3.8000000000   0.6143175676
   3.8250000000   0.6143986392
   3.8500000000   0.6144703160
   3.8750000000   0.6145322263
   3.9000000000   0.6145849484
   3.9250000000   0.6146283282
   3.9500000000   0.6146630808
   3.9750000000   0.6146892288
   4.0000000000   0.6147075858
   4.0250000000   0.6147183068
   4.0500000000   0.6147222654
   4.0750000000   0.6147197043
   4.1000000000   0.6147115206
   4.1250000000   0.6146980026
   4.1500000000   0.6146800389
   4.1750000000   0.6146579262
   4.2000000000   0.6146325172
   4.2250000000   0.6146040861
   4.2500000000   0.6145734300
   4.2750000000   0.6145407761
   4.3000000000   0.6145068522
   4.3250000000   0.6144718222
   4.3500000000   0.6144363371
   4.3750000000   0.6144004884
   4.4000000000   0.6143648490
   4.4250000000   0.6143294342
   4.4500000000   0.6142947426
   4.4750000000   0.6142607158
   4.5000000000   0.6142277850
   4.5250000000   0.6141958244
   4.5500000000   0.6141652076
   4.5750000000   0.6141357503
   4.6000000000   0.6141077795
   4.6250000000   0.6140810631
   4.6500000000   0.6140558927
   4.6750000000   0.6140319990
   4.7000000000   0.6140096493
   4.7250000000   0.6139885473
   4.7500000000   0.6139689452
   4.7750000000   0.6139505287
   4.8000000000   0.6139335428
   4.8250000000   0.6139176623
   4.8500000000   0.6139031306
   4.8750000000   0.6138896172
   4.9000000000   0.6138773678
   4.9250000000   0.6138660498
   4.9500000000   0.6138559134
   4.9750000000   0.6138466258
   5.0000000000   0.6138384421
