   0.0000000000   0.1176885438
   0.0250000000   0.1179006093
   0.0500000000   0.1187618752
   0.0750000000   0.1204813448
   0.1000000000   0.1230474015
   0.1250000000   0.1264441061
   0.1500000000   0.1306482495
   0.1750000000   0.1356334825
   0.2000000000   0.1413658641
   0.2250000000   0.1478096273
   0.2500000000   0.1549213363
   0.2750000000   0.1626571273
   0.3000000000   0.1709656221
   0.3250000000   0.1797964442
   0.3500000000   0.1890920619
   0.3750000000   0.1987973514
   0.4000000000   0.2088505659
   0.4250000000   0.2191936955
   0.4500000000   0.2297627763
   0.4750000000   0.2404987870
   0.5000000000   0.2513375248
   0.5250000000   0.2622207769
   0.5500000000   0.2730859970
   0.5750000000   0.2838774969
   0.6000000000   0.2945361539
   0.6250000000   0.3050103823
   0.6500000000   0.3152460925
   0.6750000000   0.3251972168
   0.7000000000   0.3348161230
   0.7250000000   0.3440634903
   0.7500000000   0.3528993532
   0.7750000000   0.3612921475
   0.8000000000   0.3692105280
   0.8250000000   0.3766314351
   0.8500000000   0.3835327945
   0.8750000000   0.3899004889
   0.9000000000   0.3957220142
   0.9250000000   0.4009922796
   0.9500000000   0.4057082621
   0.9750000000   0.4098736024
   1.0000000000   0.4134942684
   1.0250000000   0.4165819578
   1.0500000000   0.4191507566
   1.0750000000   0.4212194003
   1.1000000000   0.4228088893
   1.1250000000   0.4239436977
   1.1500000000   0.4246502876
   1.1750000000   0.4249573827
   1.2000000000   0.4248953044
   1.2250000000   0.4244954504
   1.2500000000   0.4237903581
   1.2750000000   0.4228125388
   1.3000000000   0.4215951650
   1.3250000000   0.4201704098
   1.3500000000   0.4185706481
   1.3750000000   0.4168264468
   1.4000000000   0.4149681644
   1.4250000000   0.4130237276
   1.4500000000   0.4110205163
   1.4750000000   0.4089830446
   1.5000000000   0.4069350250
   1.5250000000   0.4048970551
   1.5500000000   0.4028887636
   1.5750000000   0.4009265839
   1.6000000000   0.3990258977
   1.6250000000   0.3971989590
   1.6500000000   0.3954569644
   1.6750000000   0.3938081711
   1.7000000000   0.3922598407
   1.7250000000   0.3908165770
   1.7500000000   0.3894821034
   1.7750000000   0.3882578335
   1.8000000000   0.3871444556
   1.8250000000   0.3861407356
   1.8500000000   0.3852448948
   1.8750000000   0.3844536336
   1.9000000000   0.3837633008
   1.9250000000   0.3831691181
   1.9500000000   0.3826661466
   1.9750000000   0.3822486885
   2.0000000000   0.3819110620
   2.0250000000   0.3816471535
   2.0500000000   0.3814510178
   2.0750000000   0.3813165530
   2.1000000000   0.3812379462
   2.1250000000   0.3812094434
   2.1500000000   0.3812256635
   2.1750000000   0.3812814394
   2.2000000000   0.3813720213
   2.2250000000   0.3814929697
   2.2500000000   0.3816402694
   2.2750000000   0.3818102584
   2.3000000000   0.3819996727
   2.3250000000   0.3822055999
   2.3500000000   0.3824254728
   2.3750000000   0.3826570402
   2.4000000000   0.3828983254
   2.4250000000   0.3831476095
   2.4500000000   0.3834033688
   2.4750000000   0.3836642688
   2.5000000000   0.3839290909
   2.5250000000   0.3841967362
   2.5500000000   0.3844661519
   2.5750000000   0.3847363433
   2.6000000000   0.3850063066
   2.6250000000   0.3852750493
   2.6500000000   0.3855415336
   2.6750000000   0.3858047040
   2.7000000000   0.3860634452
   2.7250000000   0.3863166128
   2.7500000000   0.3865630098
   2.7750000000   0.3868014152
   2.8000000000   0.3870305811
   2.8250000000   0.3872492539
   2.8500000000   0.3874561934
   2.8750000000   0.3876501805
   2.9000000000   0.3878300586
   2.9250000000   0.3879947221
   2.9500000000   0.3881431815
   2.9750000000   0.3882745252
   3.0000000000   0.3883880094
   3.0250000000   0.3884829885
   3.0500000000   0.3885590300
   3.0750000000   0.3886158092
   3.1000000000   0.3886532497
   3.1250000000   0.3886713799
   3.1500000000   0.3886704989
   3.1750000000   0.3886509947
   3.2000000000   0.3886135350
   3.2250000000   0.3885588478
   3.2500000000   0.3884879364
   3.2750000000   0.3884018265
   3.3000000000   0.3883018019
   3.3250000000   0.3881891238
   3.3500000000   0.3880652857
   3.3750000000   0.3879317091
   3.4000000000   0.3877900151
   3.4250000000   0.3876417040
   3.4500000000   0.3874884393
   3.4750000000   0.3873317180
   3.5000000000   0.3871731636
   3.5250000000   0.3870141936
   3.5500000000   0.3868563176
   3.5750000000   0.3867008077
   3.6000000000   0.3865489983
   3.6250000000   0.3864019649
   3.6500000000   0.3862608208
   3.6750000000   0.3861264096
   3.7000000000   0.3859995949
   3.7250000000   0.3858809700
   3.7500000000   0.3857711375
   3.7750000000   0.3856704378
   3.8000000000   0.3855792171
   3.8250000000   0.3854975750
   3.8500000000   0.3854256195
   3.8750000000   0.3853632338
   3.9000000000   0.3853103163
   3.9250000000   0.3852665669
   3.9500000000   0.3852317114
   3.9750000000   0.3852053051
   4.0000000000   0.3851869421
   4.0250000000   0.3851760743
   4.0500000000   0.3851722065
   4.0750000000   0.3851747282
   4.1000000000   0.3851830954
   4.1250000000   0.3851966729
   4.1500000000   0.3852149051
   4.1750000000   0.3852371654
   4.2000000000   0.3852629175
   4.2250000000   0.3852915704
   4.2500000000   0.3853226319
   4.2750000000   0.3853555669
   4.3000000000   0.3853899447
   4.3250000000   0.3854252995
   4.3500000000   0.3854612727
   4.3750000000   0.3854974745
   4.4000000000   0.3855336226
   4.4250000000   0.3855694038
   4.4500000000   0.3856046114
   4.4750000000   0.3856390048
   4.5000000000   0.3856724470
   4.5250000000   0.3857047627
   4.5500000000   0.3857358763
   4.5750000000   0.3857656677
   4.6000000000   0.3857941124
   4.6250000000   0.3858211348
   4.6500000000   0.3858467502
   4.6750000000   0.3858709166
   4.7000000000   0.3858936785
   4.7250000000   0.3859150172
   4.7500000000   0.3859349968
   4.7750000000   0.3859536131
   4.8000000000   0.3859709419
   4.8250000000   0.3859869863
   4.8500000000   0.3860018278
   4.8750000000   0.3860154718
   4.9000000000   0.3860280008
   4.9250000000   0.3860394196
   4.9500000000   0.3860498095
   4.9750000000   0.3860591725
   5.0000000000   0.3860675880
