   0.0000000000   0.8823114651
   0.0250000000   0.8822737217
   0.0500000000   0.8819907570
   0.0750000000   0.8814239164
   0.1000000000   0.8805763129
   0.1250000000   0.8794522968
   0.1500000000   0.8780579048
   0.1750000000   0.8764005944
   0.2000000000   0.8744892244
   0.2250000000   0.8723342143
   0.2500000000   0.8699470844
   0.2750000000   0.8673410068
   0.3000000000   0.8645299434
   0.3250000000   0.8615295452
   0.3500000000   0.8583559361
   0.3750000000   0.8550269091
   0.4000000000   0.8515604111
   0.4250000000   0.8479759798
   0.4500000000   0.8442929899
   0.4750000000   0.8405322692
   0.5000000000   0.8367141733
   0.5250000000   0.8328603155
   0.5500000000   0.8289915405
   0.5750000000   0.8251297019
   0.6000000000   0.8212956080
   0.6250000000   0.8175107790
   0.6500000000   0.8137954400
   0.6750000000   0.8101701928
   0.7000000000   0.8066541281
   0.7250000000   0.8032663509
   0.7500000000   0.8000242811
   0.7750000000   0.7969449767
   0.8000000000   0.7940436867
   0.8250000000   0.7913349218
   0.8500000000   0.7888313174
   0.8750000000   0.7865444096
   0.9000000000   0.7844838561
   0.9250000000   0.7826578843
   0.9500000000   0.7810729072
   0.9750000000   0.7797336193
   1.0000000000   0.7786430339
   1.0250000000   0.7778022120
   1.0500000000   0.7772107329
   1.0750000000   0.7768660524
   1.1000000000   0.7767644067
   1.1250000000   0.7768998042
   1.1500000000   0.7772653493
   1.1750000000   0.7778518834
   1.2000000000   0.7786497026
   1.2250000000   0.7796468698
   1.2500000000   0.7808312918
   1.2750000000   0.7821887328
   1.3000000000   0.7837052046
   1.3250000000   0.7853647191
   1.3500000000   0.7871519397
   1.3750000000   0.7890497149
   1.4000000000   0.7910419330
   1.4250000000   0.7931108832
   1.4500000000   0.7952402543
   1.4750000000   0.7974123709
   1.5000000000   0.7996112760
   1.5250000000   0.8018198910
   1.5500000000   0.8040231241
   1.5750000000   0.8062050028
   1.6000000000   0.8083517516
   1.6250000000   0.8104489433
   1.6500000000   0.8124844968
   1.6750000000   0.8144458888
   1.7000000000   0.8163230285
   1.7250000000   0.8181055665
   1.7500000000   0.8197856105
   1.7750000000   0.8213551636
   1.8000000000   0.8228086517
   1.8250000000   0.8241405170
   1.8500000000   0.8253475373
   1.8750000000   0.8264265930
   1.9000000000   0.8273767660
   1.9250000000   0.8281972922
   1.9500000000   0.8288894361
   1.9750000000   0.8294546334
   2.0000000000   0.8298961453
   2.0250000000   0.8302173887
   2.0500000000   0.8304233809
   2.0750000000   0.8305192505
   2.1000000000   0.8305114881
   2.1250000000   0.8304066246
   2.1500000000   0.8302123103
   2.1750000000   0.8299361432
   2.2000000000   0.8295866008
   2.2250000000   0.8291719985
   2.2500000000   0.8287013024
   2.2750000000   0.8281831940
   2.3000000000   0.8276267938
   2.3250000000   0.8270408082
   2.3500000000   0.8264341939
   2.3750000000   0.8258153614
   2.4000000000   0.8251928101
   2.4250000000   0.8245743645
   2.4500000000   0.8239678068
   2.4750000000   0.8233801231
   2.5000000000   0.8228181591
   2.5250000000   0.8222878548
   2.5500000000   0.8217949456
   2.5750000000   0.8213441668
   2.6000000000   0.8209400185
   2.6250000000   0.8205859246
   2.6500000000   0.8202850757
   2.6750000000   0.8200395300
   2.7000000000   0.8198511445
   2.7250000000   0.8197206096
   2.7500000000   0.8196484732
   2.7750000000   0.8196341041
   2.8000000000   0.8196768107
   2.8250000000   0.8197747315
   2.8500000000   0.8199260451
   2.8750000000   0.8201277902
   2.9000000000   0.8203771595
   2.9250000000   0.8206702550
   2.9500000000   0.8210034552
   2.9750000000   0.8213721134
   3.0000000000   0.8217719859
   3.0250000000   0.8221978829
   3.0500000000   0.8226451427
   3.0750000000   0.8231082477
   3.1000000000   0.8235823274
   3.1250000000   0.8240617524
   3.1500000000   0.8245416504
   3.1750000000   0.8250164907
   3.2000000000   0.8254815955
   3.2250000000   0.8259317300
   3.2500000000   0.8263625922
   3.2750000000   0.8267694204
   3.3000000000   0.8271484476
   3.3250000000   0.8274955380
   3.3500000000   0.8278075925
   3.3750000000   0.8280812249
   3.4000000000   0.8283141069
   3.4250000000   0.8285036933
   3.4500000000   0.8286484974
   3.4750000000   0.8287468719
   3.5000000000   0.8287982093
   3.5250000000   0.8288017819
   3.5500000000   0.8287578649
   3.5750000000   0.8286666379
   3.6000000000   0.8285292297
   3.6250000000   0.8283466817
   3.6500000000   0.8281209168
   3.6750000000   0.8278537622
   3.7000000000   0.8275478481
   3.7250000000   0.8272056852
   3.7500000000   0.8268305005
   3.7750000000   0.8264253634
   3.8000000000   0.8259939688
   3.8250000000   0.8255398034
   3.8500000000   0.8250668867
   3.8750000000   0.8245789703
   3.9000000000   0.8240802478
   3.9250000000   0.8235745772
   3.9500000000   0.8230661733
   3.9750000000   0.8225588433
   4.0000000000   0.8220566740
   4.0250000000   0.8215632708
   4.0500000000   0.8210824525
   4.0750000000   0.8206174842
   4.1000000000   0.8201717905
   4.1250000000   0.8197481747
   4.1500000000   0.8193495605
   4.1750000000   0.8189781887
   4.2000000000   0.8186363973
   4.2250000000   0.8183257894
   4.2500000000   0.8180480576
   4.2750000000   0.8178041183
   4.3000000000   0.8175949861
   4.3250000000   0.8174208702
   4.3500000000   0.8172821015
   4.3750000000   0.8171781901
   4.4000000000   0.8171088043
   4.4250000000   0.8170727898
   4.4500000000   0.8170691993
   4.4750000000   0.8170962737
   4.5000000000   0.8171525196
   4.5250000000   0.8172356550
   4.5500000000   0.8173437289
   4.5750000000   0.8174740364
   4.6000000000   0.8176242729
   4.6250000000   0.8177914241
   4.6500000000   0.8179729465
   4.6750000000   0.8181656382
   4.7000000000   0.8183668379
   4.7250000000   0.8185732814
   4.7500000000   0.8187823108
   4.7750000000   0.8189907242
   4.8000000000   0.8191959844
   4.8250000000   0.8193950690
   4.8500000000   0.8195856708
   4.8750000000   0.8197650537
   4.9000000000   0.8199312366
   4.9250000000   0.8200818619
   4.9500000000   0.8202153546
   4.9750000000   0.8203298094
   5.0000000000   0.8204241195
