   0.0000000000   0.7784735215
   0.0250000000   0.7778861395
   0.0500000000   0.7765067243
   0.0750000000   0.7723985047
   0.1000000000   0.7675735193
   0.1250000000   0.7600707361
   0.1500000000   0.7519877973
   0.1750000000   0.7413094056
   0.2000000000   0.7302606896
   0.2250000000   0.7167262716
   0.2500000000   0.7030933848
   0.2750000000   0.6871064902
   0.3000000000   0.6713407750
   0.3250000000   0.6533679544
   0.3500000000   0.6359674668
   0.3750000000   0.6165144067
   0.4000000000   0.5979991972
   0.4250000000   0.5775857572
   0.4500000000   0.5584733602
   0.4750000000   0.5376095012
   0.5000000000   0.5183925739
   0.5250000000   0.4975570885
   0.5500000000   0.4786848802
   0.5750000000   0.4583084524
   0.6000000000   0.4401732669
   0.6250000000   0.4206267761
   0.6500000000   0.4035558985
   0.6750000000   0.3851441627
   0.7000000000   0.3693970121
   0.7250000000   0.3523574827
   0.7500000000   0.3381271514
   0.7750000000   0.3226325559
   0.8000000000   0.3100505151
   0.8250000000   0.2962141703
   0.8500000000   0.2853568027
   0.8750000000   0.2732393067
   0.9000000000   0.2641350516
   0.9250000000   0.2537512649
   0.9500000000   0.2463874693
   0.9750000000   0.2377130408
   1.0000000000   0.2320419987
   1.0250000000   0.2250190753
   1.0500000000   0.2209631236
   1.0750000000   0.2155052245
   1.1000000000   0.2129610563
   1.1250000000   0.2089573306
   1.1500000000   0.2077998613
   1.1750000000   0.2051190593
   1.2000000000   0.2052052123
   1.2250000000   0.2036996911
   1.2500000000   0.2048724050
   1.2750000000   0.2043823923
   1.3000000000   0.2064750088
   1.3250000000   0.2068332091
   1.3500000000   0.2096742434
   1.3750000000   0.2107107236
   1.4000000000   0.2141288728
   1.4250000000   0.2156760444
   1.4500000000   0.2195051895
   1.4750000000   0.2214026288
   1.5000000000   0.2254865333
   1.5250000000   0.2275853587
   1.5500000000   0.2317817715
   1.5750000000   0.2339483175
   1.6000000000   0.2381322370
   1.6250000000   0.2402508250
   1.6500000000   0.2443167565
   1.6750000000   0.2462914440
   1.7000000000   0.2501545775
   1.7250000000   0.2519098582
   1.7500000000   0.2555061879
   1.7750000000   0.2569866979
   1.8000000000   0.2602721859
   1.8250000000   0.2614415482
   1.8500000000   0.2643904982
   1.8750000000   0.2652294819
   1.9000000000   0.2678323288
   1.9250000000   0.2683365323
   1.9500000000   0.2705972667
   1.9750000000   0.2707745349
   2.0000000000   0.2727079765
   2.0250000000   0.2725757485
   2.0500000000   0.2742048547
   2.0750000000   0.2737876098
   2.1000000000   0.2751409703
   2.1250000000   0.2744678998
   2.1500000000   0.2755775243
   2.1750000000   0.2746805159
   2.2000000000   0.2755799801
   2.2250000000   0.2744919599
   2.2500000000   0.2752149341
   2.2750000000   0.2739685769
   2.3000000000   0.2745477279
   2.3250000000   0.2731745166
   2.3500000000   0.2736407502
   2.3750000000   0.2721703451
   2.4000000000   0.2725523387
   2.4250000000   0.2710122031
   2.4500000000   0.2713361688
   2.4750000000   0.2697513928
   2.5000000000   0.2700410087
   2.5250000000   0.2684342711
   2.5500000000   0.2687107217
   2.5750000000   0.2671023360
   2.6000000000   0.2673844096
   2.6250000000   0.2657924060
   2.6500000000   0.2660966052
   2.6750000000   0.2645368138
   2.7000000000   0.2648774502
   2.7250000000   0.2633635594
   2.7500000000   0.2637528129
   2.7750000000   0.2622963917
   2.8000000000   0.2627443285
   2.8250000000   0.2613548122
   2.8500000000   0.2618693664
   2.8750000000   0.2605540136
   2.9000000000   0.2611409454
   2.9250000000   0.2599047834
   2.9500000000   0.2605676335
   2.9750000000   0.2594134122
   3.0000000000   0.2601534733
   3.0250000000   0.2590816489
   3.0500000000   0.2598979760
   3.0750000000   0.2589067448
   3.1000000000   0.2597962219
   3.1250000000   0.2588816187
   3.1500000000   0.2598390948
   3.1750000000   0.2589951657
   3.2000000000   0.2600136659
   3.2250000000   0.2592327168
   3.2500000000   0.2603037259
   3.2750000000   0.2595766417
   3.3000000000   0.2606904522
   3.3250000000   0.2600070742
   3.3500000000   0.2611531829
   3.3750000000   0.2605027262
   3.4000000000   0.2616702593
   3.4250000000   0.2610417487
   3.4500000000   0.2622198935
   3.4750000000   0.2616025938
   3.5000000000   0.2627810115
   3.5250000000   0.2621648289
   3.5500000000   0.2633340273
   3.5750000000   0.2627098612
   3.6000000000   0.2638615085
   3.6250000000   0.2632215348
   3.6500000000   0.2643486983
   3.6750000000   0.2636865744
   3.7000000000   0.2647838764
   3.7250000000   0.2640948593
   3.7500000000   0.2651585465
   3.7750000000   0.2644395248
   3.8000000000   0.2654674539
   3.8250000000   0.2647168992
   3.8500000000   0.2657084468
   3.8750000000   0.2649262933
   3.9000000000   0.2658822020
   3.9250000000   0.2650696695
   3.9500000000   0.2659918453
   3.9750000000   0.2651512199
   4.0000000000   0.2660424971
   4.0250000000   0.2651768876
   4.0500000000   0.2660407790
   4.0750000000   0.2651538650
   4.1000000000   0.2659943111
   4.1250000000   0.2650900977
   4.1500000000   0.2659112312
   4.1750000000   0.2649938236
   4.2000000000   0.2657997587
   4.2250000000   0.2648731655
   4.2500000000   0.2656678206
   4.2750000000   0.2647357937
   4.3000000000   0.2655227529
   4.3250000000   0.2645886662
   4.3500000000   0.2653710806
   4.3750000000   0.2644378494
   4.4000000000   0.2652183777
   4.4250000000   0.2642884153
   4.4500000000   0.2650692005
   4.4750000000   0.2641444094
   4.5000000000   0.2649270866
   4.5250000000   0.2640088771
   4.5500000000   0.2647946059
   4.5750000000   0.2638839374
   4.6000000000   0.2646734526
   4.6250000000   0.2637708890
   4.6500000000   0.2645645631
   4.6750000000   0.2636703379
   4.7000000000   0.2644682483
   4.7250000000   0.2635823318
   4.7500000000   0.2643843288
   4.7750000000   0.2635064933
   4.8000000000   0.2643122628
   4.8250000000   0.2634421425
   4.8500000000   0.2642512620
   4.8750000000   0.2633884037
   4.9000000000   0.2642003888
   4.9250000000   0.2633442939
   4.9500000000   0.2641586343
   4.9750000000   0.2633087896
   5.0000000000   0.2641249756
