   0.0000000000   0.0138505933
   0.0250000000   0.0137894141
   0.0500000000   0.0135752008
   0.0750000000   0.0134678941
   0.1000000000   0.0132093251
   0.1250000000   0.0130796145
   0.1500000000   0.0128175696
   0.1750000000   0.0127198174
   0.2000000000   0.0125148735
   0.2250000000   0.0125198014
   0.2500000000   0.0124458110
   0.2750000000   0.0126328828
   0.3000000000   0.0127685224
   0.3250000000   0.0132166349
   0.3500000000   0.0136355920
   0.3750000000   0.0144129002
   0.4000000000   0.0151736774
   0.4250000000   0.0163276708
   0.4500000000   0.0174642273
   0.4750000000   0.0190133395
   0.5000000000   0.0205278780
   0.5250000000   0.0224558881
   0.5500000000   0.0243149511
   0.5750000000   0.0265691724
   0.6000000000   0.0287038405
   0.6250000000   0.0311976162
   0.6500000000   0.0335080431
   0.6750000000   0.0361274522
   0.7000000000   0.0384913243
   0.7250000000   0.0411053624
   0.7500000000   0.0433892661
   0.7750000000   0.0458622199
   0.8000000000   0.0479344436
   0.8250000000   0.0501388468
   0.8500000000   0.0518819388
   0.8750000000   0.0537104292
   0.9000000000   0.0550319088
   0.9250000000   0.0564065256
   0.9500000000   0.0572464807
   0.9750000000   0.0581243849
   1.0000000000   0.0584592145
   1.0250000000   0.0588343930
   1.0500000000   0.0586765526
   1.0750000000   0.0585776618
   1.1000000000   0.0579718277
   1.1250000000   0.0574568344
   1.1500000000   0.0564733298
   1.1750000000   0.0556219398
   1.2000000000   0.0543485039
   1.2250000000   0.0532535068
   1.2500000000   0.0517865276
   1.2750000000   0.0505451363
   1.3000000000   0.0489813430
   1.3250000000   0.0476874138
   1.3500000000   0.0461167863
   1.3750000000   0.0448545342
   1.4000000000   0.0433548986
   1.4250000000   0.0421944261
   1.4500000000   0.0408279179
   1.4750000000   0.0398226129
   1.5000000000   0.0386339523
   1.5250000000   0.0378195979
   1.5500000000   0.0368359481
   1.5750000000   0.0362312591
   1.6000000000   0.0354633421
   1.6250000000   0.0350715743
   1.6500000000   0.0345156849
   1.6750000000   0.0343269655
   1.7000000000   0.0339675442
   1.7250000000   0.0339616032
   1.7500000000   0.0337740766
   1.7750000000   0.0339231216
   1.8000000000   0.0338767830
   1.8250000000   0.0341483205
   1.8500000000   0.0342090841
   1.8750000000   0.0345685508
   1.9000000000   0.0347014634
   1.9250000000   0.0351145743
   1.9500000000   0.0352860090
   1.9750000000   0.0357207584
   2.0000000000   0.0359002383
   2.0250000000   0.0363285139
   2.0500000000   0.0364901290
   2.0750000000   0.0368889091
   2.1000000000   0.0370123036
   2.1250000000   0.0373644192
   2.1500000000   0.0374353387
   2.1750000000   0.0377297978
   2.2000000000   0.0377401997
   2.2250000000   0.0379720872
   2.2500000000   0.0379198401
   2.2750000000   0.0380898295
   2.3000000000   0.0379780496
   2.3250000000   0.0380915848
   2.3500000000   0.0379276797
   2.3750000000   0.0379939088
   2.4000000000   0.0377884184
   2.4250000000   0.0378189754
   2.4500000000   0.0375843129
   2.4750000000   0.0375920527
   2.5000000000   0.0373412513
   2.5250000000   0.0373390403
   2.5500000000   0.0370846036
   2.5750000000   0.0370842584
   2.6000000000   0.0368371972
   2.6250000000   0.0368486421
   2.6500000000   0.0366177576
   2.6750000000   0.0366484479
   2.7000000000   0.0364398936
   2.7250000000   0.0364945224
   2.7500000000   0.0363116484
   2.7750000000   0.0363921283
   2.8000000000   0.0362355879
   2.8250000000   0.0363412754
   2.8500000000   0.0362093500
   2.8750000000   0.0363374603
   2.9000000000   0.0362265465
   2.9250000000   0.0363726980
   2.9500000000   0.0362778906
   2.9750000000   0.0364367124
   3.0000000000   0.0363524176
   3.0250000000   0.0365181560
   3.0500000000   0.0364386763
   3.0750000000   0.0366057460
   3.1000000000   0.0365257868
   3.1250000000   0.0366892250
   3.1500000000   0.0366042889
   3.1750000000   0.0367600855
   3.2000000000   0.0366667354
   3.2250000000   0.0368120289
   3.2500000000   0.0367080178
   3.2750000000   0.0368411601
   3.3000000000   0.0367254357
   3.3250000000   0.0368459417
   3.3500000000   0.0367185475
   3.3750000000   0.0368269532
   3.4000000000   0.0366888522
   3.4250000000   0.0367865097
   3.4500000000   0.0366393590
   3.4750000000   0.0367281973
   3.5000000000   0.0365741040
   3.5250000000   0.0366563831
   3.5500000000   0.0364976639
   3.5750000000   0.0365757447
   3.6000000000   0.0364147113
   3.6250000000   0.0364908577
   3.6500000000   0.0363296408
   3.6750000000   0.0364058656
   3.7000000000   0.0362462856
   3.7250000000   0.0363242444
   3.7500000000   0.0361677304
   3.7750000000   0.0362486641
   3.8000000000   0.0360962195
   3.8250000000   0.0361809406
   3.8500000000   0.0360331495
   3.8750000000   0.0361220650
   3.9000000000   0.0359791308
   3.9250000000   0.0360722932
   3.9500000000   0.0359341004
   3.9750000000   0.0360312779
   4.0000000000   0.0358974679
   4.0250000000   0.0359982230
   4.0500000000   0.0358682749
   4.0750000000   0.0359720451
   4.1000000000   0.0358453538
   4.1250000000   0.0359515259
   4.1500000000   0.0358274712
   4.1750000000   0.0359354447
   4.2000000000   0.0358134477
   4.2250000000   0.0359226841
   4.2500000000   0.0358022482
   4.2750000000   0.0359123034
   4.3000000000   0.0357930385
   4.3250000000   0.0359035798
   4.3500000000   0.0357852113
   4.3750000000   0.0358960198
   4.4000000000   0.0357783836
   4.4250000000   0.0358893438
   4.4500000000   0.0357723714
   4.4750000000   0.0358834516
   4.5000000000   0.0357671469
   4.5250000000   0.0358783748
   4.5500000000   0.0357627878
   4.5750000000   0.0358742234
   4.6000000000   0.0357594227
   4.6250000000   0.0358711323
   4.6500000000   0.0357571810
   4.6750000000   0.0358692145
   4.7000000000   0.0357561497
   4.7250000000   0.0358685240
   4.7500000000   0.0357563436
   4.7750000000   0.0358690320
   4.8000000000   0.0357576870
   4.8250000000   0.0358706155
   4.8500000000   0.0357600100
   4.8750000000   0.0358730604
   4.9000000000   0.0357630572
   4.9250000000   0.0358760751
   4.9500000000   0.0357665062
   4.9750000000   0.0358793130
   5.0000000000   0.0357699930
