   0.0000000000   0.0000000000
   0.0250000000   0.4376664145
   0.0500000000   0.4344399768
   0.0750000000   0.4289596479
   0.1000000000   0.4204857710
   0.1250000000   0.4099065254
   0.1500000000   0.3965079603
   0.1750000000   0.3812590048
   0.2000000000   0.3634470281
   0.2250000000   0.3441305223
   0.2500000000   0.3225734242
   0.2750000000   0.2999272667
   0.3000000000   0.2754087008
   0.3250000000   0.2502605720
   0.3500000000   0.2236305904
   0.3750000000   0.1968466466
   0.4000000000   0.1689693344
   0.4250000000   0.1414019259
   0.4500000000   0.1131043528
   0.4750000000   0.0855436574
   0.5000000000   0.0575710597
   0.5250000000   0.0307053335
   0.5500000000   0.0036868621
   0.5750000000  -0.0219249735
   0.6000000000  -0.0474969401
   0.6250000000  -0.0714382984
   0.6500000000  -0.0952141483
   0.6750000000  -0.1172092937
   0.7000000000  -0.1389743959
   0.7250000000  -0.1588743837
   0.7500000000  -0.1785302610
   0.7750000000  -0.1962897826
   0.8000000000  -0.2138282530
   0.8250000000  -0.2294777650
   0.8500000000  -0.2449525671
   0.8750000000  -0.2585701794
   0.9000000000  -0.2720703161
   0.9250000000  -0.2837572618
   0.9500000000  -0.2953853443
   0.9750000000  -0.3052476524
   1.0000000000  -0.3151051618
   1.0250000000  -0.3232426944
   1.0500000000  -0.3314226122
   1.0750000000  -0.3379252153
   1.1000000000  -0.3445111848
   1.1250000000  -0.3494605899
   1.1500000000  -0.3545308733
   1.1750000000  -0.3580063288
   1.2000000000  -0.3616404016
   1.2250000000  -0.3637258307
   1.2500000000  -0.3660114915
   1.2750000000  -0.3668022074
   1.3000000000  -0.3678414661
   1.3250000000  -0.3674489880
   1.3500000000  -0.3673615853
   1.3750000000  -0.3659157379
   1.4000000000  -0.3648397975
   1.4250000000  -0.3624879046
   1.4500000000  -0.3605777951
   1.4750000000  -0.3574812950
   1.5000000000  -0.3549032182
   1.5250000000  -0.3512323717
   1.5500000000  -0.3481584465
   1.5750000000  -0.3440859744
   1.6000000000  -0.3406876670
   1.6250000000  -0.3363821541
   1.6500000000  -0.3328238385
   1.6750000000  -0.3284436170
   1.7000000000  -0.3248768897
   1.7250000000  -0.3205649214
   1.7500000000  -0.3171240803
   1.7750000000  -0.3130041357
   1.8000000000  -0.3098030176
   1.8250000000  -0.3059772454
   1.8500000000  -0.3031074321
   1.8750000000  -0.2996552484
   1.9000000000  -0.2971855121
   1.9250000000  -0.2941636316
   1.9500000000  -0.2921404128
   1.9750000000  -0.2895837906
   2.0000000000  -0.2880324711
   2.0250000000  -0.2859559186
   2.0500000000  -0.2848826664
   2.0750000000  -0.2832829318
   2.1000000000  -0.2826769276
   2.1250000000  -0.2815350725
   2.1500000000  -0.2813709743
   2.1750000000  -0.2806549246
   2.2000000000  -0.2808954649
   2.2250000000  -0.2805626474
   2.2500000000  -0.2811612879
   2.2750000000  -0.2811612867
   2.3000000000  -0.2820648693
   2.3250000000  -0.2823420452
   2.3500000000  -0.2834933793
   2.3750000000  -0.2839893941
   2.4000000000  -0.2853297210
   2.4250000000  -0.2859859021
   2.4500000000  -0.2874571678
   2.4750000000  -0.2882166483
   2.5000000000  -0.2897635186
   2.5250000000  -0.2905730876
   2.5500000000  -0.2921446447
   2.5750000000  -0.2929562547
   2.6000000000  -0.2945073283
   2.6250000000  -0.2952792216
   2.6500000000  -0.2967713280
   2.6750000000  -0.2974687683
   2.7000000000  -0.2988706548
   2.7250000000  -0.2994662714
   2.7500000000  -0.3007540842
   2.7750000000  -0.3012278606
   2.8000000000  -0.3023849794
   2.8250000000  -0.3027239356
   2.8500000000  -0.3037405302
   2.8750000000  -0.3039381607
   2.9000000000  -0.3048105362
   2.9250000000  -0.3048660724
   2.9500000000  -0.3055958729
   2.9750000000  -0.3055134384
   3.0000000000  -0.3061067756
   3.0250000000  -0.3058944975
   3.0500000000  -0.3063610612
   3.0750000000  -0.3060301897
   3.1000000000  -0.3063823887
   3.1250000000  -0.3059464646
   3.1500000000  -0.3061986301
   3.1750000000  -0.3056727278
   3.2000000000  -0.3058403987
   3.2250000000  -0.3052404567
   3.2500000000  -0.3053397559
   3.2750000000  -0.3046819991
   3.3000000000  -0.3047290986
   3.3250000000  -0.3040295464
   3.3500000000  -0.3040402146
   3.3750000000  -0.3033142676
   3.4000000000  -0.3033034888
   3.4250000000  -0.3025655830
   3.4500000000  -0.3025472408
   3.4750000000  -0.3018105620
   3.5000000000  -0.3017971788
   3.5250000000  -0.3010734315
   3.5500000000  -0.3010759611
   3.5750000000  -0.3003751891
   3.6000000000  -0.3004028611
   3.6250000000  -0.2997333218
   3.6500000000  -0.2997935399
   3.6750000000  -0.2991616320
   3.7000000000  -0.2992599279
   3.7250000000  -0.2986701769
   3.7500000000  -0.2988102214
   3.7750000000  -0.2982653211
   3.8000000000  -0.2984489927
   3.8250000000  -0.2979499032
   3.8500000000  -0.2981774100
   3.8750000000  -0.2977235063
   3.9000000000  -0.2979935566
   3.9250000000  -0.2975828210
   3.9500000000  -0.2978928332
   3.9750000000  -0.2975220816
   4.0000000000  -0.2978684227
   4.0250000000  -0.2975335539
   4.0500000000  -0.2979117949
   4.0750000000  -0.2976080491
   4.1000000000  -0.2980132247
   4.1250000000  -0.2977354410
   4.1500000000  -0.2981623019
   4.1750000000  -0.2979051621
   4.2000000000  -0.2983484092
   4.2250000000  -0.2981066589
   4.2500000000  -0.2985611509
   4.2750000000  -0.2983297905
   4.3000000000  -0.2987907186
   4.3250000000  -0.2985651590
   4.3500000000  -0.2990281844
   4.3750000000  -0.2988043639
   4.4000000000  -0.2992657168
   4.4250000000  -0.2990401802
   4.4500000000  -0.2994967201
   4.4750000000  -0.2992666596
   4.5000000000  -0.2997159003
   4.5250000000  -0.2994791636
   4.5500000000  -0.2999192655
   4.5750000000  -0.2996743329
   4.6000000000  -0.3001040690
   4.6250000000  -0.2998500075
   4.6500000000  -0.3002687078
   4.6750000000  -0.3000051065
   4.7000000000  -0.3004125863
   4.7250000000  -0.3001394795
   4.7500000000  -0.3005359594
   4.7750000000  -0.3002537433
   4.8000000000  -0.3006397647
   4.8250000000  -0.3003491126
   4.8500000000  -0.3007254535
   4.8750000000  -0.3004272342
   4.9000000000  -0.3007948309
   4.9250000000  -0.3004900336
   4.9500000000  -0.3008499099
   4.9750000000  -0.3005395784
   5.0000000000  -0.3008927849
