   0.0000000000  -0.1421818293
   0.0250000000   0.2952604855
   0.0500000000   0.2947553235
   0.0750000000   0.2858081841
   0.1000000000   0.2794796313
   0.1250000000   0.2647814037
   0.1500000000   0.2529961961
   0.1750000000   0.2329461586
   0.2000000000   0.2162632941
   0.2250000000   0.1914461151
   0.2500000000   0.1705820283
   0.2750000000   0.1417301560
   0.3000000000   0.1175137646
   0.3250000000   0.0854602800
   0.3500000000   0.0587812246
   0.3750000000   0.0244069431
   0.4000000000  -0.0038385944
   0.4250000000  -0.0396589558
   0.4500000000  -0.0686197670
   0.4750000000  -0.1050670508
   0.5000000000  -0.1339806371
   0.5250000000  -0.1703313386
   0.5500000000  -0.1985555659
   0.5750000000  -0.2342087273
   0.6000000000  -0.2612386774
   0.6250000000  -0.2957276081
   0.6500000000  -0.3211969896
   0.6750000000  -0.3541860306
   0.7000000000  -0.3778547016
   0.7250000000  -0.4091233615
   0.7500000000  -0.4308543805
   0.7750000000  -0.4602727920
   0.8000000000  -0.4800036256
   0.8250000000  -0.5075041328
   0.8500000000  -0.5252170048
   0.8750000000  -0.5507666847
   0.9000000000  -0.5664625639
   0.9250000000  -0.5900406894
   0.9500000000  -0.6037202294
   0.9750000000  -0.6253033139
   1.0000000000  -0.6369564768
   1.0250000000  -0.6565119172
   1.0500000000  -0.6661163504
   1.0750000000  -0.6836041226
   1.1000000000  -0.6911309292
   1.1250000000  -0.7065115544
   1.1500000000  -0.7119361063
   1.1750000000  -0.7251823604
   1.2000000000  -0.7284973598
   1.2250000000  -0.7396069828
   1.2500000000  -0.7408350520
   1.2750000000  -0.7498419763
   1.3000000000  -0.7490455514
   1.3250000000  -0.7560277732
   1.3500000000  -0.7533148278
   1.3750000000  -0.7583978310
   1.4000000000  -0.7539227989
   1.4250000000  -0.7572782523
   1.4500000000  -0.7512382976
   1.4750000000  -0.7530784480
   1.5000000000  -0.7457058465
   1.5250000000  -0.7462745419
   1.5500000000  -0.7378263263
   1.5750000000  -0.7373878850
   1.6000000000  -0.7281340591
   1.6250000000  -0.7269612615
   1.6500000000  -0.7171728353
   1.6750000000  -0.7155351960
   1.7000000000  -0.7054730889
   1.7250000000  -0.7036263243
   1.7500000000  -0.6935318925
   1.7750000000  -0.6917092001
   1.8000000000  -0.6817968287
   1.8250000000  -0.6802022956
   1.8500000000  -0.6706542112
   1.8750000000  -0.6694584120
   1.9000000000  -0.6604216439
   1.9250000000  -0.6597592977
   1.9500000000  -0.6513445679
   1.9750000000  -0.6513140077
   2.0000000000  -0.6435962483
   2.0250000000  -0.6442604038
   2.0500000000  -0.6372805864
   2.0750000000  -0.6386691780
   2.1000000000  -0.6324371550
   2.1250000000  -0.6345498220
   2.1500000000  -0.6290479214
   2.1750000000  -0.6318580435
   2.2000000000  -0.6270451954
   2.2250000000  -0.6305041970
   2.2500000000  -0.6263204029
   2.2750000000  -0.6303623517
   2.3000000000  -0.6267333224
   2.3250000000  -0.6312796448
   2.3500000000  -0.6281214422
   2.3750000000  -0.6330855804
   2.4000000000  -0.6303090977
   2.4250000000  -0.6356009376
   2.4500000000  -0.6331160604
   2.4750000000  -0.6386459684
   2.5000000000  -0.6363652682
   2.5250000000  -0.6420475945
   2.5500000000  -0.6398894330
   2.5750000000  -0.6456453706
   2.6000000000  -0.6435363256
   2.6250000000  -0.6492960556
   2.6500000000  -0.6471726246
   2.6750000000  -0.6528767238
   2.7000000000  -0.6506863066
   2.7250000000  -0.6562864440
   2.7500000000  -0.6539876527
   2.7750000000  -0.6594466417
   2.8000000000  -0.6570090237
   2.8250000000  -0.6623003338
   2.8500000000  -0.6597036230
   2.8750000000  -0.6648104760
   2.9000000000  -0.6620435029
   2.9250000000  -0.6669576883
   2.9500000000  -0.6640170824
   2.9750000000  -0.6687376237
   3.0000000000  -0.6656264333
   3.0250000000  -0.6701582217
   3.0500000000  -0.6668845568
   3.0750000000  -0.6712370470
   3.1000000000  -0.6678128250
   3.1250000000  -0.6719988596
   3.1500000000  -0.6684387069
   3.1750000000  -0.6724735077
   3.2000000000  -0.6687938399
   3.2250000000  -0.6726941775
   3.2500000000  -0.6689124600
   3.2750000000  -0.6726959917
   3.3000000000  -0.6688301604
   3.3250000000  -0.6725149123
   3.3500000000  -0.6685829255
   3.3750000000  -0.6721868852
   3.4000000000  -0.6682063730
   3.4250000000  -0.6717471601
   3.4500000000  -0.6677351374
   3.4750000000  -0.6712297217
   3.5000000000  -0.6672023392
   3.5250000000  -0.6706667852
   3.5500000000  -0.6666391009
   3.5750000000  -0.6700883266
   3.6000000000  -0.6660740889
   3.6250000000  -0.6695216347
   3.6500000000  -0.6655330774
   3.6750000000  -0.6689908909
   3.7000000000  -0.6650385470
   3.7250000000  -0.6685167918
   3.7500000000  -0.6646093361
   3.7750000000  -0.6681162378
   3.8000000000  -0.6642603707
   3.8250000000  -0.6678021115
   3.8500000000  -0.6640024942
   3.8750000000  -0.6675831663
   3.9000000000  -0.6638424159
   3.9250000000  -0.6674640403
   3.9500000000  -0.6637827893
   3.9750000000  -0.6674454023
   4.0000000000  -0.6638224221
   4.0250000000  -0.6675242274
   4.0500000000  -0.6639566123
   4.0750000000  -0.6676941918
   4.1000000000  -0.6641775955
   4.1250000000  -0.6679461702
   4.1500000000  -0.6644750829
   4.1750000000  -0.6682688099
   4.2000000000  -0.6648368639
   4.2250000000  -0.6686491560
   4.2500000000  -0.6652494450
   4.2750000000  -0.6690732973
   4.3000000000  -0.6656986941
   4.3250000000  -0.6695270021
   4.3500000000  -0.6661704607
   4.3750000000  -0.6699963170
   4.4000000000  -0.6666511458
   4.4250000000  -0.6704681016
   4.4500000000  -0.6671281978
   4.4750000000  -0.6709304805
   4.5000000000  -0.6675905166
   4.5250000000  -0.6713731956
   4.5500000000  -0.6680287528
   4.5750000000  -0.6717878508
   4.6000000000  -0.6684354982
   4.6250000000  -0.6721680469
   4.6500000000  -0.6688053661
   4.6750000000  -0.6725094085
   4.7000000000  -0.6691349690
   4.7250000000  -0.6728095143
   4.7500000000  -0.6694228056
   4.7750000000  -0.6730677432
   4.8000000000  -0.6696690709
   4.8250000000  -0.6732850541
   4.8500000000  -0.6698754105
   4.8750000000  -0.6734637174
   4.9000000000  -0.6700446366
   4.9250000000  -0.6736070206
   4.9500000000  -0.6701804267
   4.9750000000  -0.6737189644
   5.0000000000  -0.6702870230
