   0.0000000000  -0.8447834039
   0.0250000000  -0.8447841114
   0.0500000000  -0.8447836736
   0.0750000000  -0.8447828887
   0.1000000000  -0.8447818068
   0.1250000000  -0.8447804360
   0.1500000000  -0.8447787867
   0.1750000000  -0.8447768724
   0.2000000000  -0.8447747094
   0.2250000000  -0.8447723176
   0.2500000000  -0.8447697204
   0.2750000000  -0.8447669449
   0.3000000000  -0.8447640221
   0.3250000000  -0.8447609873
   0.3500000000  -0.8447578795
   0.3750000000  -0.8447547418
   0.4000000000  -0.8447516211
   0.4250000000  -0.8447485673
   0.4500000000  -0.8447456337
   0.4750000000  -0.8447428753
   0.5000000000  -0.8447403490
   0.5250000000  -0.8447381123
   0.5500000000  -0.8447362223
   0.5750000000  -0.8447347349
   0.6000000000  -0.8447337034
   0.6250000000  -0.8447331775
   0.6500000000  -0.8447332020
   0.6750000000  -0.8447338159
   0.7000000000  -0.8447350511
   0.7250000000  -0.8447369313
   0.7500000000  -0.8447394712
   0.7750000000  -0.8447426756
   0.8000000000  -0.8447465393
   0.8250000000  -0.8447510458
   0.8500000000  -0.8447561680
   0.8750000000  -0.8447618676
   0.9000000000  -0.8447680956
   0.9250000000  -0.8447747929
   0.9500000000  -0.8447818909
   0.9750000000  -0.8447893124
   1.0000000000  -0.8447969727
   1.0250000000  -0.8448047813
   1.0500000000  -0.8448126428
   1.0750000000  -0.8448204592
   1.1000000000  -0.8448281310
   1.1250000000  -0.8448355593
   1.1500000000  -0.8448426473
   1.1750000000  -0.8448493026
   1.2000000000  -0.8448554382
   1.2250000000  -0.8448609745
   1.2500000000  -0.8448658409
   1.2750000000  -0.8448699767
   1.3000000000  -0.8448733326
   1.3250000000  -0.8448758714
   1.3500000000  -0.8448775688
   1.3750000000  -0.8448784139
   1.4000000000  -0.8448784092
   1.4250000000  -0.8448775708
   1.4500000000  -0.8448759281
   1.4750000000  -0.8448735232
   1.5000000000  -0.8448704102
   1.5250000000  -0.8448666545
   1.5500000000  -0.8448623313
   1.5750000000  -0.8448575247
   1.6000000000  -0.8448523262
   1.6250000000  -0.8448468332
   1.6500000000  -0.8448411475
   1.6750000000  -0.8448353736
   1.7000000000  -0.8448296175
   1.7250000000  -0.8448239846
   1.7500000000  -0.8448185784
   1.7750000000  -0.8448134991
   1.8000000000  -0.8448088421
   1.8250000000  -0.8448046969
   1.8500000000  -0.8448011457
   1.8750000000  -0.8447982627
   1.9000000000  -0.8447961132
   1.9250000000  -0.8447947526
   1.9500000000  -0.8447942264
   1.9750000000  -0.8447945693
   2.0000000000  -0.8447958055
   2.0250000000  -0.8447979484
   2.0500000000  -0.8448010008
   2.0750000000  -0.8448049549
   2.1000000000  -0.8448097934
   2.1250000000  -0.8448154890
   2.1500000000  -0.8448220061
   2.1750000000  -0.8448293005
   2.2000000000  -0.8448373209
   2.2250000000  -0.8448460096
   2.2500000000  -0.8448553031
   2.2750000000  -0.8448651333
   2.3000000000  -0.8448754284
   2.3250000000  -0.8448861137
   2.3500000000  -0.8448971127
   2.3750000000  -0.8449083478
   2.4000000000  -0.8449197415
   2.4250000000  -0.8449312167
   2.4500000000  -0.8449426979
   2.4750000000  -0.8449541119
   2.5000000000  -0.8449653881
   2.5250000000  -0.8449764594
   2.5500000000  -0.8449872624
   2.5750000000  -0.8449977381
   2.6000000000  -0.8450078321
   2.6250000000  -0.8450174950
   2.6500000000  -0.8450266822
   2.6750000000  -0.8450353548
   2.7000000000  -0.8450434787
   2.7250000000  -0.8450510253
   2.7500000000  -0.8450579713
   2.7750000000  -0.8450642983
   2.8000000000  -0.8450699930
   2.8250000000  -0.8450750470
   2.8500000000  -0.8450794560
   2.8750000000  -0.8450832205
   2.9000000000  -0.8450863444
   2.9250000000  -0.8450888357
   2.9500000000  -0.8450907056
   2.9750000000  -0.8450919683
   3.0000000000  -0.8450926407
   3.0250000000  -0.8450927419
   3.0500000000  -0.8450922933
   3.0750000000  -0.8450913179
   3.1000000000  -0.8450898399
   3.1250000000  -0.8450878848
   3.1500000000  -0.8450854789
   3.1750000000  -0.8450826490
   3.2000000000  -0.8450794221
   3.2250000000  -0.8450758256
   3.2500000000  -0.8450718864
   3.2750000000  -0.8450676312
   3.3000000000  -0.8450630864
   3.3250000000  -0.8450582775
   3.3500000000  -0.8450532294
   3.3750000000  -0.8450479662
   3.4000000000  -0.8450425108
   3.4250000000  -0.8450368854
   3.4500000000  -0.8450311107
   3.4750000000  -0.8450252067
   3.5000000000  -0.8450191920
   3.5250000000  -0.8450130841
   3.5500000000  -0.8450068994
   3.5750000000  -0.8450006529
   3.6000000000  -0.8449943586
   3.6250000000  -0.8449880296
   3.6500000000  -0.8449816775
   3.6750000000  -0.8449753132
   3.7000000000  -0.8449689463
   3.7250000000  -0.8449625856
   3.7500000000  -0.8449562390
   3.7750000000  -0.8449499135
   3.8000000000  -0.8449436152
   3.8250000000  -0.8449373496
   3.8500000000  -0.8449311215
   3.8750000000  -0.8449249350
   3.9000000000  -0.8449187936
   3.9250000000  -0.8449127003
   3.9500000000  -0.8449066577
   3.9750000000  -0.8449006679
   4.0000000000  -0.8448947325
   4.0250000000  -0.8448888532
   4.0500000000  -0.8448830309
   4.0750000000  -0.8448772667
   4.1000000000  -0.8448715612
   4.1250000000  -0.8448659150
   4.1500000000  -0.8448603286
   4.1750000000  -0.8448548022
   4.2000000000  -0.8448493362
   4.2250000000  -0.8448439308
   4.2500000000  -0.8448385862
   4.2750000000  -0.8448333025
   4.3000000000  -0.8448280801
   4.3250000000  -0.8448229191
   4.3500000000  -0.8448178199
   4.3750000000  -0.8448127826
   4.4000000000  -0.8448078078
   4.4250000000  -0.8448028958
   4.4500000000  -0.8447980470
   4.4750000000  -0.8447932619
   4.5000000000  -0.8447885411
   4.5250000000  -0.8447838852
   4.5500000000  -0.8447792948
   4.5750000000  -0.8447747706
   4.6000000000  -0.8447703131
   4.6250000000  -0.8447659230
   4.6500000000  -0.8447616011
   4.6750000000  -0.8447573479
   4.7000000000  -0.8447531642
   4.7250000000  -0.8447490505
   4.7500000000  -0.8447450073
   4.7750000000  -0.8447410353
   4.8000000000  -0.8447371349
   4.8250000000  -0.8447333064
   4.8500000000  -0.8447295502
   4.8750000000  -0.8447258665
   4.9000000000  -0.8447222555
   4.9250000000  -0.8447187172
   4.9500000000  -0.8447152516
   4.9750000000  -0.8447118585
   5.0000000000  -0.8447085377
