   0.0000000000   0.7784735215
   0.0250000000   0.7781650780
   0.0500000000   0.7771391994
   0.0750000000   0.7745134709
   0.1000000000   0.7711838279
   0.1250000000   0.7662890958
   0.1500000000   0.7607571962
   0.1750000000   0.7537185224
   0.2000000000   0.7461452628
   0.2250000000   0.7371447655
   0.2500000000   0.7277438163
   0.2750000000   0.7170131981
   0.3000000000   0.7060423429
   0.3250000000   0.6938535456
   0.3500000000   0.6816044542
   0.3750000000   0.6682589614
   0.4000000000   0.6550459708
   0.4250000000   0.6408633622
   0.4500000000   0.6270118954
   0.4750000000   0.6123183006
   0.5000000000   0.5981535713
   0.5250000000   0.5832706618
   0.5500000000   0.5691072716
   0.5750000000   0.5543423704
   0.6000000000   0.5404753121
   0.6250000000   0.5261130814
   0.6500000000   0.5128105214
   0.6750000000   0.4991065308
   0.7000000000   0.4866045633
   0.7250000000   0.4737808516
   0.7500000000   0.4622802265
   0.7750000000   0.4505227813
   0.8000000000   0.4401874291
   0.8250000000   0.4296453401
   0.8500000000   0.4206023721
   0.8750000000   0.4113882964
   0.9000000000   0.4037290755
   0.9250000000   0.3959205969
   0.9500000000   0.3897024589
   0.9750000000   0.3833439371
   1.0000000000   0.3785921912
   1.0250000000   0.3736967742
   1.0500000000   0.3704067190
   1.0750000000   0.3669583077
   1.1000000000   0.3650971282
   1.1250000000   0.3630522212
   1.1500000000   0.3625607682
   1.1750000000   0.3618502351
   1.2000000000   0.3626447977
   1.2250000000   0.3631757233
   1.2500000000   0.3651499702
   1.2750000000   0.3668077522
   1.3000000000   0.3698350345
   1.3250000000   0.3724859132
   1.3500000000   0.3764220854
   1.3750000000   0.3799162320
   1.4000000000   0.3846030801
   1.4250000000   0.3887782912
   1.4500000000   0.3940475650
   1.4750000000   0.3987335189
   1.5000000000   0.4044114740
   1.5250000000   0.4094344184
   1.5500000000   0.4153466929
   1.5750000000   0.4205343654
   1.6000000000   0.4265109623
   1.6250000000   0.4316975029
   1.6500000000   0.4375776221
   1.6750000000   0.4426082249
   1.7000000000   0.4482446941
   1.7250000000   0.4529797625
   1.7500000000   0.4582428464
   1.7750000000   0.4625614529
   1.8000000000   0.4673418671
   1.8250000000   0.4711443732
   1.8500000000   0.4753553926
   1.8750000000   0.4785651457
   1.9000000000   0.4821437580
   1.9250000000   0.4847078434
   1.9500000000   0.4876149593
   1.9750000000   0.4895040424
   2.0000000000   0.4917238291
   2.0250000000   0.4929311685
   2.0500000000   0.4944696103
   2.0750000000   0.4950093603
   2.1000000000   0.4958921825
   2.1250000000   0.4957971248
   2.1500000000   0.4960672312
   2.1750000000   0.4953860868
   2.2000000000   0.4951006663
   2.2250000000   0.4938951396
   2.2500000000   0.4931225923
   2.2750000000   0.4914642909
   2.3000000000   0.4902811091
   2.3250000000   0.4882484651
   2.3500000000   0.4867361878
   2.3750000000   0.4844114911
   2.4000000000   0.4826538269
   2.4250000000   0.4801204534
   2.4500000000   0.4782006451
   2.4750000000   0.4755405462
   2.5000000000   0.4735390281
   2.5250000000   0.4708305231
   2.5500000000   0.4688229030
   2.5750000000   0.4661388007
   2.6000000000   0.4641941812
   2.6250000000   0.4616002420
   2.6500000000   0.4597798861
   2.6750000000   0.4573336238
   2.7000000000   0.4556899556
   2.7250000000   0.4534397707
   2.7500000000   0.4520157006
   2.7750000000   0.4500003303
   2.8000000000   0.4488288854
   2.8250000000   0.4470771513
   2.8500000000   0.4461813904
   2.8750000000   0.4447122222
   2.9000000000   0.4441054113
   2.9250000000   0.4429281209
   2.9500000000   0.4426141435
   2.9750000000   0.4417289237
   3.0000000000   0.4417028994
   3.0250000000   0.4411015175
   3.0500000000   0.4413505969
   3.0750000000   0.4410172540
   3.1000000000   0.4415215627
   3.1250000000   0.4414338861
   3.1500000000   0.4421675841
   3.1750000000   0.4422977227
   3.2000000000   0.4432301475
   3.2250000000   0.4435459371
   3.2500000000   0.4446427998
   3.2750000000   0.4451089660
   3.3000000000   0.4463335677
   3.3250000000   0.4469129371
   3.3500000000   0.4482273747
   3.3750000000   0.4488820623
   3.4000000000   0.4502483952
   3.4250000000   0.4509409409
   3.4500000000   0.4523222898
   3.4750000000   0.4530167161
   3.5000000000   0.4543782683
   3.5250000000   0.4550410354
   3.5500000000   0.4563509338
   3.5750000000   0.4569517704
   3.6000000000   0.4581818659
   3.6250000000   0.4586944572
   3.6500000000   0.4598209098
   3.6750000000   0.4602234301
   3.7000000000   0.4612271468
   3.7250000000   0.4615026262
   3.7500000000   0.4623695303
   3.7750000000   0.4625060534
   3.8000000000   0.4632271846
   3.8250000000   0.4632179223
   3.8500000000   0.4637893733
   3.8750000000   0.4636324549
   3.9000000000   0.4640551538
   3.9250000000   0.4637533926
   3.9500000000   0.4640327482
   3.9750000000   0.4635932363
   4.0000000000   0.4637386643
   4.0250000000   0.4631722590
   4.0500000000   0.4631966122
   4.0750000000   0.4625173367
   4.1000000000   0.4624362644
   4.1250000000   0.4616606471
   4.1500000000   0.4614919085
   4.1750000000   0.4606382886
   4.2000000000   0.4604010465
   4.2250000000   0.4594888693
   4.2500000000   0.4592029887
   4.2750000000   0.4582521151
   4.3000000000   0.4579374888
   4.3250000000   0.4569675410
   4.3500000000   0.4566434624
   4.3750000000   0.4556732237
   4.4000000000   0.4553578242
   4.4250000000   0.4544047089
   4.4500000000   0.4541144721
   4.4750000000   0.4531940775
   4.5000000000   0.4529434420
   4.5250000000   0.4520691901
   4.5500000000   0.4518702447
   4.5750000000   0.4510531197
   4.6000000000   0.4509153962
   4.6250000000   0.4501637775
   4.6500000000   0.4500941386
   4.6750000000   0.4494137293
   4.7000000000   0.4494163493
   4.7250000000   0.4488101934
   4.7500000000   0.4488866251
   4.7750000000   0.4483552089
   4.8000000000   0.4485045287
   4.8250000000   0.4480459545
   4.8500000000   0.4482649752
   4.8750000000   0.4478751993
   4.9000000000   0.4481587392
   4.9250000000   0.4478318593
   4.9500000000   0.4481730556
   4.9750000000   0.4479016385
   5.0000000000   0.4482922914
