   0.0000000000   0.2500000000
   0.0250000000   0.2496050358
   0.0500000000   0.2484258788
   0.0750000000   0.2464800147
   0.1000000000   0.2437961226
   0.1250000000   0.2404133936
   0.1500000000   0.2363806106
   0.1750000000   0.2317550178
   0.2000000000   0.2266010175
   0.2250000000   0.2209887356
   0.2500000000   0.2149925008
   0.2750000000   0.2086892820
   0.3000000000   0.2021571304
   0.3250000000   0.1954736676
   0.3500000000   0.1887146601
   0.3750000000   0.1819527130
   0.4000000000   0.1752561119
   0.4250000000   0.1686878340
   0.4500000000   0.1623047444
   0.4750000000   0.1561569831
   0.5000000000   0.1502875479
   0.5250000000   0.1447320649
   0.5500000000   0.1395187400
   0.5750000000   0.1346684750
   0.6000000000   0.1301951320
   0.6250000000   0.1261059241
   0.6500000000   0.1224019130
   0.6750000000   0.1190785875
   0.7000000000   0.1161265030
   0.7250000000   0.1135319588
   0.7500000000   0.1112776923
   0.7750000000   0.1093435725
   0.8000000000   0.1077072760
   0.8250000000   0.1063449305
   0.8500000000   0.1052317158
   0.8750000000   0.1043424123
   0.9000000000   0.1036518908
   0.9250000000   0.1031355402
   0.9500000000   0.1027696297
   0.9750000000   0.1025316074
   1.0000000000   0.1024003351
   1.0250000000   0.1023562642
   1.0500000000   0.1023815548
   1.0750000000   0.1024601451
   1.1000000000   0.1025777746
   1.1250000000   0.1027219693
   1.1500000000   0.1028819920
   1.1750000000   0.1030487667
   1.2000000000   0.1032147808
   1.2250000000   0.1033739708
   1.2500000000   0.1035215975
   1.2750000000   0.1036541138
   1.3000000000   0.1037690304
   1.3250000000   0.1038647815
   1.3500000000   0.1039405941
   1.3750000000   0.1039963635
   1.4000000000   0.1040325353
   1.4250000000   0.1040499972
   1.4500000000   0.1040499799
   1.4750000000   0.1040339682
   1.5000000000   0.1040036223
   1.5250000000   0.1039607100
   1.5500000000   0.1039070476
   1.5750000000   0.1038444512
   1.6000000000   0.1037746963
   1.6250000000   0.1036994855
   1.6500000000   0.1036204233
   1.6750000000   0.1035389980
   1.7000000000   0.1034565682
   1.7250000000   0.1033743552
   1.7500000000   0.1032934393
   1.7750000000   0.1032147594
   1.8000000000   0.1031391153
   1.8250000000   0.1030671731
   1.8500000000   0.1029994714
   1.8750000000   0.1029364295
   1.9000000000   0.1028783564
   1.9250000000   0.1028254600
   1.9500000000   0.1027778574
   1.9750000000   0.1027355845
   2.0000000000   0.1026986060
   2.0250000000   0.1026668249
   2.0500000000   0.1026400920
   2.0750000000   0.1026182142
   2.1000000000   0.1026009630
   2.1250000000   0.1025880821
   2.1500000000   0.1025792940
   2.1750000000   0.1025743069
   2.2000000000   0.1025728202
   2.2250000000   0.1025745293
   2.2500000000   0.1025791305
   2.2750000000   0.1025863244
   2.3000000000   0.1025958198
   2.3250000000   0.1026073356
   2.3500000000   0.1026206041
   2.3750000000   0.1026353717
   2.4000000000   0.1026514010
   2.4250000000   0.1026684715
   2.4500000000   0.1026863799
   2.4750000000   0.1027049410
   2.5000000000   0.1027239871
   2.5250000000   0.1027433677
   2.5500000000   0.1027629496
   2.5750000000   0.1027826156
   2.6000000000   0.1028022642
   2.6250000000   0.1028218082
   2.6500000000   0.1028411742
   2.6750000000   0.1028603010
   2.7000000000   0.1028791391
   2.7250000000   0.1028976490
   2.7500000000   0.1029158005
   2.7750000000   0.1029335716
   2.8000000000   0.1029509472
   2.8250000000   0.1029679183
   2.8500000000   0.1029844813
   2.8750000000   0.1030006365
   2.9000000000   0.1030163879
   2.9250000000   0.1030317424
   2.9500000000   0.1030467088
   2.9750000000   0.1030612976
   3.0000000000   0.1030755204
   3.0250000000   0.1030893894
   3.0500000000   0.1031029172
   3.0750000000   0.1031161162
   3.1000000000   0.1031289989
   3.1250000000   0.1031415770
   3.1500000000   0.1031538620
   3.1750000000   0.1031658647
   3.2000000000   0.1031775949
   3.2250000000   0.1031890620
   3.2500000000   0.1032002746
   3.2750000000   0.1032112403
   3.3000000000   0.1032219663
   3.3250000000   0.1032324590
   3.3500000000   0.1032427242
   3.3750000000   0.1032527671
   3.4000000000   0.1032625923
   3.4250000000   0.1032722042
   3.4500000000   0.1032816066
   3.4750000000   0.1032908030
   3.5000000000   0.1032997967
   3.5250000000   0.1033085907
   3.5500000000   0.1033171879
   3.5750000000   0.1033255908
   3.6000000000   0.1033338022
   3.6250000000   0.1033418247
   3.6500000000   0.1033496607
   3.6750000000   0.1033573128
   3.7000000000   0.1033647836
   3.7250000000   0.1033720756
   3.7500000000   0.1033791917
   3.7750000000   0.1033861345
   3.8000000000   0.1033929069
   3.8250000000   0.1033995120
   3.8500000000   0.1034059527
   3.8750000000   0.1034122322
   3.9000000000   0.1034183538
   3.9250000000   0.1034243209
   3.9500000000   0.1034301369
   3.9750000000   0.1034358055
   4.0000000000   0.1034413303
   4.0250000000   0.1034467149
   4.0500000000   0.1034519631
   4.0750000000   0.1034570789
   4.1000000000   0.1034620659
   4.1250000000   0.1034669282
   4.1500000000   0.1034716695
   4.1750000000   0.1034762938
   4.2000000000   0.1034808049
   4.2250000000   0.1034852067
   4.2500000000   0.1034895028
   4.2750000000   0.1034936970
   4.3000000000   0.1034977929
   4.3250000000   0.1035017941
   4.3500000000   0.1035057039
   4.3750000000   0.1035095258
   4.4000000000   0.1035132630
   4.4250000000   0.1035169184
   4.4500000000   0.1035204952
   4.4750000000   0.1035239961
   4.5000000000   0.1035274239
   4.5250000000   0.1035307810
   4.5500000000   0.1035340700
   4.5750000000   0.1035372929
   4.6000000000   0.1035404521
   4.6250000000   0.1035435494
   4.6500000000   0.1035465868
   4.6750000000   0.1035495658
   4.7000000000   0.1035524881
   4.7250000000   0.1035553552
   4.7500000000   0.1035581684
   4.7750000000   0.1035609288
   4.8000000000   0.1035636377
   4.8250000000   0.1035662959
   4.8500000000   0.1035689046
   4.8750000000   0.1035714643
   4.9000000000   0.1035739760
   4.9250000000   0.1035764404
   4.9500000000   0.1035788579
   4.9750000000   0.1035812292
   5.0000000000   0.1035835548
