   0.0000000000   0.0000000000
   0.0250000000   0.4374387994
   0.0500000000   0.4358864558
   0.0750000000   0.4287161870
   0.1000000000   0.4219438418
   0.1250000000   0.4096185368
   0.1500000000   0.3979887723
   0.1750000000   0.3808993416
   0.2000000000   0.3649589436
   0.2250000000   0.3436743974
   0.2500000000   0.3241212325
   0.2750000000   0.2993530723
   0.3000000000   0.2769933266
   0.3250000000   0.2495506730
   0.3500000000   0.2252493317
   0.3750000000   0.1959881120
   0.4000000000   0.1706165919
   0.4250000000   0.1403871435
   0.4500000000   0.1147727432
   0.4750000000   0.0843707704
   0.5000000000   0.0592527558
   0.5250000000   0.0293784381
   0.5500000000   0.0053749755
   0.5750000000  -0.0233959192
   0.6000000000  -0.0458071192
   0.6250000000  -0.0730378842
   0.6500000000  -0.0935242164
   0.6750000000  -0.1189173883
   0.7000000000  -0.1372823260
   0.7250000000  -0.1606671586
   0.7500000000  -0.1768303784
   0.7750000000  -0.1981409686
   0.8000000000  -0.2121116903
   0.8250000000  -0.2313600499
   0.8500000000  -0.2432081292
   0.8750000000  -0.2604566399
   0.9000000000  -0.2702856326
   0.9250000000  -0.2856227122
   0.9500000000  -0.2935481522
   0.9750000000  -0.3070698039
   1.0000000000  -0.3132045556
   1.0250000000  -0.3250030431
   1.0500000000  -0.3294501123
   1.0750000000  -0.3396096080
   1.1000000000  -0.3424615153
   1.1250000000  -0.3510594602
   1.1500000000  -0.3524023880
   1.1750000000  -0.3595146264
   1.2000000000  -0.3594351492
   1.2250000000  -0.3651426967
   1.2500000000  -0.3637349562
   1.2750000000  -0.3681304622
   1.3000000000  -0.3655020508
   1.3250000000  -0.3686945015
   1.3500000000  -0.3649699235
   1.3750000000  -0.3670867471
   1.4000000000  -0.3624079798
   1.4250000000  -0.3635943299
   1.4500000000  -0.3581185918
   1.4750000000  -0.3585340937
   1.5000000000  -0.3524293595
   1.5250000000  -0.3522429548
   1.5500000000  -0.3456820057
   1.5750000000  -0.3450657002
   1.6000000000  -0.3382195736
   1.6250000000  -0.3373419038
   1.6500000000  -0.3303735289
   1.6750000000  -0.3293934532
   1.7000000000  -0.3224520924
   1.7250000000  -0.3215138260
   1.7500000000  -0.3147307210
   1.7750000000  -0.3139598209
   1.8000000000  -0.3074452253
   1.8250000000  -0.3069460328
   1.8500000000  -0.3007876239
   1.8750000000  -0.3006420098
   1.9000000000  -0.2949045371
   1.9250000000  -0.2951717849
   1.9500000000  -0.2898977346
   1.9750000000  -0.2906153469
   2.0000000000  -0.2858263756
   2.0250000000  -0.2870115739
   2.0500000000  -0.2827104817
   2.0750000000  -0.2843621975
   2.1000000000  -0.2805352485
   2.1250000000  -0.2826364401
   2.1500000000  -0.2792558841
   2.1750000000  -0.2817760550
   2.2000000000  -0.2788027507
   2.2250000000  -0.2817005780
   2.2500000000  -0.2790866440
   2.2750000000  -0.2823126461
   2.3000000000  -0.2800040838
   2.3250000000  -0.2835032648
   2.3500000000  -0.2814425012
   2.3750000000  -0.2851569084
   2.4000000000  -0.2832852008
   2.4250000000  -0.2871563262
   2.4500000000  -0.2854159697
   2.4750000000  -0.2893869262
   2.5000000000  -0.2877231990
   2.5250000000  -0.2917406051
   2.5500000000  -0.2901033968
   2.5750000000  -0.2941189137
   2.6000000000  -0.2924639914
   2.6250000000  -0.2964354755
   2.6500000000  -0.2947253646
   2.6750000000  -0.2986176213
   2.7000000000  -0.2968220978
   2.7250000000  -0.3006072448
   2.7500000000  -0.2987034611
   2.7750000000  -0.3023609343
   2.8000000000  -0.3003332194
   2.8250000000  -0.3038494706
   2.8500000000  -0.3016888611
   2.8750000000  -0.3050568113
   2.9000000000  -0.3027603792
   2.9250000000  -0.3059786958
   2.9500000000  -0.3035487407
   2.9750000000  -0.3066210076
   3.0000000000  -0.3040641803
   3.0250000000  -0.3069980223
   3.0500000000  -0.3043244357
   3.0750000000  -0.3071306513
   3.1000000000  -0.3043530242
   3.1250000000  -0.3070447640
   3.1500000000  -0.3041776303
   3.1750000000  -0.3067696489
   3.2000000000  -0.3038286516
   3.2250000000  -0.3063366449
   3.2500000000  -0.3033379211
   3.2750000000  -0.3057779511
   3.3000000000  -0.3027376077
   3.3250000000  -0.3051256120
   3.3500000000  -0.3020592835
   3.3750000000  -0.3044106589
   3.4000000000  -0.3013331383
   3.4250000000  -0.3036623898
   3.4500000000  -0.3005873231
   3.4750000000  -0.3029077710
   3.5000000000  -0.2998474081
   3.5250000000  -0.3021709470
   3.5500000000  -0.2991359458
   3.5750000000  -0.3014728550
   3.6000000000  -0.2984721363
   3.6250000000  -0.3008309422
   3.6500000000  -0.2978715981
   3.6750000000  -0.3002589908
   3.7000000000  -0.2973462480
   3.7250000000  -0.2997670547
   3.7500000000  -0.2969042939
   3.7750000000  -0.2993615104
   3.8000000000  -0.2965503410
   3.8250000000  -0.2990452200
   3.8500000000  -0.2962856076
   3.8750000000  -0.2988177990
   3.9000000000  -0.2961082393
   3.9250000000  -0.2986759762
   3.9500000000  -0.2960137067
   3.9750000000  -0.2986140268
   4.0000000000  -0.2959952660
   4.0250000000  -0.2986242576
   4.0500000000  -0.2960444591
   4.0750000000  -0.2986975178
   4.1000000000  -0.2961516284
   4.1250000000  -0.2988237148
   4.1500000000  -0.2963064232
   4.1750000000  -0.2989923077
   4.2000000000  -0.2964982757
   4.2250000000  -0.2991927619
   4.2500000000  -0.2967168281
   4.2750000000  -0.2994149473
   4.3000000000  -0.2969522977
   4.3250000000  -0.2996494679
   4.3500000000  -0.2971957695
   4.3750000000  -0.2998879172
   4.4000000000  -0.2974394138
   4.4250000000  -0.3001230567
   4.4500000000  -0.2976766261
   4.4750000000  -0.3003489192
   4.5000000000  -0.2979020951
   4.5250000000  -0.3005608418
   4.5500000000  -0.2981118050
   4.5750000000  -0.3007554388
   4.6000000000  -0.2983029808
   4.6250000000  -0.3009305222
   4.6500000000  -0.2984739888
   4.6750000000  -0.3010849833
   4.7000000000  -0.2986242030
   4.7250000000  -0.3012186465
   4.7500000000  -0.2987538494
   4.7750000000  -0.3013321062
   4.8000000000  -0.2988638401
   4.8250000000  -0.3014265594
   4.8500000000  -0.2989556059
   4.8750000000  -0.3015036403
   4.9000000000  -0.2990309369
   4.9250000000  -0.3015652678
   4.9500000000  -0.2990918373
   4.9750000000  -0.3016135085
   5.0000000000  -0.2991403994
