   0.0000000000   0.0000000000
   0.0250000000   0.2919496978
   0.0500000000   0.2905477270
   0.0750000000   0.2880850754
   0.1000000000   0.2843485300
   0.1250000000   0.2796065850
   0.1500000000   0.2736604406
   0.1750000000   0.2668031526
   0.2000000000   0.2588445363
   0.2250000000   0.2501030153
   0.2500000000   0.2403907137
   0.2750000000   0.2300510033
   0.3000000000   0.2188918152
   0.3250000000   0.2072799451
   0.3500000000   0.1950127697
   0.3750000000   0.1824780805
   0.4000000000   0.1694568212
   0.4250000000   0.1563547127
   0.4500000000   0.1429311981
   0.4750000000   0.1296065325
   0.5000000000   0.1161146887
   0.5250000000   0.1028870529
   0.5500000000   0.0896294762
   0.5750000000   0.0767813627
   0.6000000000   0.0640192365
   0.6250000000   0.0517879344
   0.6500000000   0.0397349103
   0.6750000000   0.0283085256
   0.7000000000   0.0171287768
   0.7250000000   0.0066463601
   0.7500000000  -0.0035434353
   0.7750000000  -0.0129881212
   0.8000000000  -0.0221135425
   0.8250000000  -0.0304654796
   0.8500000000  -0.0384868862
   0.8750000000  -0.0457216225
   0.9000000000  -0.0526256541
   0.9250000000  -0.0587407369
   0.9500000000  -0.0645320261
   0.9750000000  -0.0695392274
   1.0000000000  -0.0742334006
   1.0250000000  -0.0781526668
   1.0500000000  -0.0817713980
   1.0750000000  -0.0846270925
   1.1000000000  -0.0871955709
   1.1250000000  -0.0890151544
   1.1500000000  -0.0905619042
   1.1750000000  -0.0913767935
   1.2000000000  -0.0919354148
   1.2250000000  -0.0917834379
   1.2500000000  -0.0913955753
   1.2750000000  -0.0903242519
   1.3000000000  -0.0890429784
   1.3250000000  -0.0871128027
   1.3500000000  -0.0850056240
   1.3750000000  -0.0822926153
   1.4000000000  -0.0794434429
   1.4250000000  -0.0760404129
   1.4500000000  -0.0725500710
   1.4750000000  -0.0685663025
   1.5000000000  -0.0645513893
   1.5250000000  -0.0601106727
   1.5500000000  -0.0557008405
   1.5750000000  -0.0509380420
   1.6000000000  -0.0462719621
   1.6250000000  -0.0413284692
   1.6500000000  -0.0365488841
   1.6750000000  -0.0315673747
   1.7000000000  -0.0268157094
   1.7250000000  -0.0219347238
   1.7500000000  -0.0173457264
   1.7750000000  -0.0126944929
   1.8000000000  -0.0083913229
   1.8250000000  -0.0040852118
   1.8500000000  -0.0001753037
   1.8750000000   0.0036878144
   1.9000000000   0.0071158932
   1.9250000000   0.0104582262
   1.9500000000   0.0133368157
   1.9750000000   0.0161021106
   2.0000000000   0.0183853935
   2.0250000000   0.0205393214
   2.0500000000   0.0222032294
   2.0750000000   0.0237328070
   2.1000000000   0.0247740394
   2.1250000000   0.0256862489
   2.1500000000   0.0261205767
   2.1750000000   0.0264403679
   2.2000000000   0.0263004127
   2.2250000000   0.0260682760
   2.2500000000   0.0254009455
   2.2750000000   0.0246702311
   2.3000000000   0.0235339750
   2.3250000000   0.0223681060
   2.3500000000   0.0208301264
   2.3750000000   0.0192998269
   2.4000000000   0.0174333472
   2.4250000000   0.0156139711
   2.4500000000   0.0134956361
   2.4750000000   0.0114646577
   2.5000000000   0.0091721136
   2.5250000000   0.0070068145
   2.5500000000   0.0046164968
   2.5750000000   0.0023918737
   2.6000000000  -0.0000229786
   2.6250000000  -0.0022360737
   2.6500000000  -0.0046071659
   2.6750000000  -0.0067436422
   2.7000000000  -0.0090091229
   2.7250000000  -0.0110110117
   2.7500000000  -0.0131167110
   2.7750000000  -0.0149342613
   2.8000000000  -0.0168346556
   2.8250000000  -0.0184271500
   2.8500000000  -0.0200860418
   2.8750000000  -0.0214223246
   2.9000000000  -0.0228132301
   2.9250000000  -0.0238719418
   2.9500000000  -0.0249781858
   2.9750000000  -0.0257477082
   3.0000000000  -0.0265622324
   3.0250000000  -0.0270403565
   3.0500000000  -0.0275652609
   3.0750000000  -0.0277585996
   3.1000000000  -0.0280044426
   3.1250000000  -0.0279276198
   3.1500000000  -0.0279125124
   3.1750000000  -0.0275871664
   3.2000000000  -0.0273357008
   3.2250000000  -0.0267893454
   3.2500000000  -0.0263314038
   3.2750000000  -0.0255961907
   3.3000000000  -0.0249656774
   3.3250000000  -0.0240771073
   3.3500000000  -0.0233106498
   3.3750000000  -0.0223062723
   3.4000000000  -0.0214419327
   3.4250000000  -0.0203600772
   3.4500000000  -0.0194361100
   3.4750000000  -0.0183146814
   3.5000000000  -0.0173683738
   3.5250000000  -0.0162437445
   3.5500000000  -0.0153103642
   3.5750000000  -0.0142163889
   3.6000000000  -0.0133282658
   3.6250000000  -0.0122954383
   3.6500000000  -0.0114811967
   3.6750000000  -0.0105359668
   3.7000000000  -0.0098199214
   3.7250000000  -0.0089841791
   3.7500000000  -0.0083859032
   3.7750000000  -0.0076766380
   3.8000000000  -0.0072107051
   3.8250000000  -0.0066398371
   3.8500000000  -0.0063157333
   3.8750000000  -0.0058901122
   3.9000000000  -0.0057123109
   3.9250000000  -0.0054338705
   3.9500000000  -0.0054020560
   3.9750000000  -0.0052681097
   4.0000000000  -0.0053775331
   4.0250000000  -0.0053811910
   4.0500000000  -0.0056231373
   4.0750000000  -0.0057538233
   4.1000000000  -0.0061161683
   4.1250000000  -0.0063602138
   4.1500000000  -0.0068280448
   4.1750000000  -0.0071693349
   4.2000000000  -0.0077256135
   4.2250000000  -0.0081462607
   4.2500000000  -0.0087725018
   4.2750000000  -0.0092535259
   4.3000000000  -0.0099304716
   4.3250000000  -0.0104524626
   4.3500000000  -0.0111607307
   4.3750000000  -0.0117044765
   4.4000000000  -0.0124251653
   4.4250000000  -0.0129722275
   4.4500000000  -0.0136874612
   4.4750000000  -0.0142206854
   4.5000000000  -0.0149140893
   4.5250000000  -0.0154180387
   4.5500000000  -0.0160751337
   4.5750000000  -0.0165364391
   4.6000000000  -0.0171449492
   4.6250000000  -0.0175525705
   4.6500000000  -0.0181026413
   4.6750000000  -0.0184480387
   4.7000000000  -0.0189323656
   4.7250000000  -0.0192095814
   4.7500000000  -0.0196234498
   4.7750000000  -0.0198291053
   4.8000000000  -0.0201703483
   4.8250000000  -0.0203035603
   4.8500000000  -0.0205724399
   4.8750000000  -0.0206346658
   4.9000000000  -0.0208336869
   4.9250000000  -0.0208285077
   4.9500000000  -0.0209621748
   4.9750000000  -0.0208950264
   5.0000000000  -0.0209695546
