   0.0000000000   0.0000000000
   0.0250000000   0.1460884953
   0.0500000000   0.1458097526
   0.0750000000   0.1451286731
   0.1000000000   0.1442705453
   0.1250000000   0.1430234560
   0.1500000000   0.1416194775
   0.1750000000   0.1398485860
   0.2000000000   0.1379507802
   0.2250000000   0.1357155960
   0.2500000000   0.1333917439
   0.2750000000   0.1307659639
   0.3000000000   0.1280961142
   0.3250000000   0.1251638593
   0.3500000000   0.1222363185
   0.3750000000   0.1190879762
   0.4000000000   0.1159950473
   0.4250000000   0.1127230002
   0.4500000000   0.1095567555
   0.4750000000   0.1062512786
   0.5000000000   0.1030996416
   0.5250000000   0.0998452304
   0.5500000000   0.0967886100
   0.5750000000   0.0936609598
   0.6000000000   0.0907696297
   0.6250000000   0.0878334269
   0.6500000000   0.0851657706
   0.6750000000   0.0824733789
   0.7000000000   0.0800750453
   0.7250000000   0.0776660899
   0.7500000000   0.0755700175
   0.7750000000   0.0734717883
   0.8000000000   0.0716989824
   0.8250000000   0.0699275074
   0.8500000000   0.0684883921
   0.8750000000   0.0670499802
   0.9000000000   0.0659461066
   0.9250000000   0.0648391325
   0.9500000000   0.0640650121
   0.9750000000   0.0632817158
   1.0000000000   0.0628265632
   1.0250000000   0.0623546664
   1.0500000000   0.0622038756
   1.0750000000   0.0620278661
   1.1000000000   0.0621641038
   1.1250000000   0.0622661060
   1.1500000000   0.0626699762
   1.1750000000   0.0630301973
   1.2000000000   0.0636805000
   1.2250000000   0.0642773047
   1.2500000000   0.0651509722
   1.2750000000   0.0659606953
   1.3000000000   0.0670325310
   1.3250000000   0.0680291638
   1.3500000000   0.0692715297
   1.3750000000   0.0704264289
   1.4000000000   0.0718090235
   1.4250000000   0.0730907756
   1.4500000000   0.0745806215
   1.4750000000   0.0759551622
   1.5000000000   0.0775168825
   1.5250000000   0.0789479300
   1.5500000000   0.0805443468
   1.5750000000   0.0819941572
   1.6000000000   0.0835871953
   1.6250000000   0.0850176016
   1.6500000000   0.0865694411
   1.6750000000   0.0879431027
   1.7000000000   0.0894174911
   1.7250000000   0.0906992521
   1.7500000000   0.0920628674
   1.7750000000   0.0932211136
   1.8000000000   0.0944448686
   1.8250000000   0.0954527736
   1.8500000000   0.0965129576
   1.8750000000   0.0973495234
   1.9000000000   0.0982286976
   1.9250000000   0.0988795166
   1.9500000000   0.0995671041
   1.9750000000   0.1000247968
   2.0000000000   0.1005173364
   2.0250000000   0.1007816472
   2.0500000000   0.1010827075
   2.0750000000   0.1011602671
   2.1000000000   0.1012800407
   2.1250000000   0.1011838253
   2.1500000000   0.1011384446
   2.1750000000   0.1008869797
   2.2000000000   0.1006976067
   2.2250000000   0.1003139719
   2.2500000000   0.1000057219
   2.2750000000   0.0995164194
   2.3000000000   0.0991171827
   2.3250000000   0.0985509311
   2.3500000000   0.0980901510
   2.3750000000   0.0974766618
   2.4000000000   0.0969841240
   2.4250000000   0.0963529124
   2.4500000000   0.0958575930
   2.4750000000   0.0952368652
   2.5000000000   0.0947658753
   2.5250000000   0.0941815290
   2.5500000000   0.0937591874
   2.5750000000   0.0932339510
   2.6000000000   0.0928810089
   2.6250000000   0.0924337417
   2.6500000000   0.0921667750
   2.6750000000   0.0918119418
   2.7000000000   0.0916429237
   2.7250000000   0.0913902524
   2.7500000000   0.0913263118
   2.7750000000   0.0911806388
   2.8000000000   0.0912240055
   2.8250000000   0.0911853065
   2.8500000000   0.0913334393
   2.8750000000   0.0913970402
   2.9000000000   0.0916429290
   2.9250000000   0.0917998848
   2.9500000000   0.0921325129
   2.9750000000   0.0923701378
   3.0000000000   0.0927750837
   3.0250000000   0.0930776103
   3.0500000000   0.0935377646
   3.0750000000   0.0938871051
   3.1000000000   0.0943834733
   3.1250000000   0.0947600509
   3.1500000000   0.0952726085
   3.1750000000   0.0956562241
   3.2000000000   0.0961647879
   3.2250000000   0.0965354868
   3.2500000000   0.0970205663
   3.2750000000   0.0973594670
   3.3000000000   0.0978030597
   3.3250000000   0.0980931109
   3.3500000000   0.0984794087
   3.3750000000   0.0987060430
   3.4000000000   0.0990220204
   3.4250000000   0.0991736791
   3.4500000000   0.0994095413
   3.4750000000   0.0994780500
   3.5000000000   0.0996275253
   3.5250000000   0.0996083100
   3.5500000000   0.0996687784
   3.5750000000   0.0995609180
   3.6000000000   0.0995333780
   3.6250000000   0.0993394967
   3.6500000000   0.0992283785
   3.6750000000   0.0989543927
   3.7000000000   0.0987672333
   3.7250000000   0.0984219700
   3.7500000000   0.0981689724
   3.7750000000   0.0977636836
   3.8000000000   0.0974571866
   3.8250000000   0.0970049875
   3.8500000000   0.0966588740
   3.8750000000   0.0961741337
   3.9000000000   0.0958032078
   3.9250000000   0.0953009227
   3.9500000000   0.0949202834
   3.9750000000   0.0944154592
   4.0000000000   0.0940398974
   4.0250000000   0.0935469666
   4.0500000000   0.0931904085
   4.0750000000   0.0927227026
   4.1000000000   0.0923977179
   4.1250000000   0.0919670114
   4.1500000000   0.0916844007
   4.1750000000   0.0913005399
   4.2000000000   0.0910690107
   4.2250000000   0.0907396337
   4.2500000000   0.0905655717
   4.2750000000   0.0902959245
   4.3000000000   0.0901832610
   4.3250000000   0.0899761099
   4.3500000000   0.0899262841
   4.3750000000   0.0897819211
   4.4000000000   0.0897939348
   4.4250000000   0.0897102724
   4.4500000000   0.0897808291
   4.4750000000   0.0897535760
   4.5000000000   0.0898772973
   4.5250000000   0.0899002077
   4.5500000000   0.0900699177
   4.5750000000   0.0901351030
   4.6000000000   0.0903421689
   4.6250000000   0.0904404593
   4.6500000000   0.0906751757
   4.6750000000   0.0907965208
   4.7000000000   0.0910485239
   4.7250000000   0.0911824149
   4.7500000000   0.0914411118
   4.7750000000   0.0915770120
   4.8000000000   0.0918320084
   4.8250000000   0.0919597744
   4.8500000000   0.0922012854
   4.8750000000   0.0923115646
   4.9000000000   0.0925307920
   4.9250000000   0.0926153787
   4.9500000000   0.0928048410
   4.9750000000   0.0928569788
   5.0000000000   0.0930107794
