   0.0000000000  -0.1421818705
   0.0250000000  -0.1421782942
   0.0500000000  -0.1425611206
   0.0750000000  -0.1429055302
   0.1000000000  -0.1438848612
   0.1250000000  -0.1448255804
   0.1500000000  -0.1463971471
   0.1750000000  -0.1479256873
   0.2000000000  -0.1500771125
   0.2250000000  -0.1521776533
   0.2500000000  -0.1548901799
   0.2750000000  -0.1575415967
   0.3000000000  -0.1607923121
   0.3250000000  -0.1639704858
   0.3500000000  -0.1677346005
   0.3750000000  -0.1714145444
   0.4000000000  -0.1756672495
   0.4250000000  -0.1798245887
   0.4500000000  -0.1845420632
   0.4750000000  -0.1891534947
   0.5000000000  -0.1943127662
   0.5250000000  -0.1993552949
   0.5500000000  -0.2049328556
   0.5750000000  -0.2103818256
   0.6000000000  -0.2163511407
   0.6250000000  -0.2221773109
   0.6500000000  -0.2285055751
   0.6750000000  -0.2346716878
   0.7000000000  -0.2413163483
   0.7250000000  -0.2477737563
   0.7500000000  -0.2546793933
   0.7750000000  -0.2613653376
   0.8000000000  -0.2684614689
   0.8250000000  -0.2752975251
   0.8500000000  -0.2824977894
   0.8750000000  -0.2893898591
   0.9000000000  -0.2965928612
   0.9250000000  -0.3034328917
   0.9500000000  -0.3105247905
   0.9750000000  -0.3171941998
   1.0000000000  -0.3240529156
   1.0250000000  -0.3304275042
   1.0500000000  -0.3369282362
   1.0750000000  -0.3428841952
   1.1000000000  -0.3489057909
   1.1250000000  -0.3543262911
   1.1500000000  -0.3597579057
   1.1750000000  -0.3645396756
   1.2000000000  -0.3692871179
   1.2250000000  -0.3733464094
   1.2500000000  -0.3773375893
   1.2750000000  -0.3806149843
   1.3000000000  -0.3838039712
   1.3250000000  -0.3862676030
   1.3500000000  -0.3886369458
   1.3750000000  -0.3902838779
   1.4000000000  -0.3918450274
   1.4250000000  -0.3927007296
   1.4500000000  -0.3934926009
   1.4750000000  -0.3936086535
   1.5000000000  -0.3936945475
   1.5250000000  -0.3931448702
   1.5500000000  -0.3926081135
   1.5750000000  -0.3914841278
   1.6000000000  -0.3904228720
   1.6250000000  -0.3888280549
   1.6500000000  -0.3873496995
   1.6750000000  -0.3853939821
   1.7000000000  -0.3836096485
   1.7250000000  -0.3814040560
   1.7500000000  -0.3794234713
   1.7750000000  -0.3770753159
   1.8000000000  -0.3750023674
   1.8250000000  -0.3726112053
   1.8500000000  -0.3705403306
   1.8750000000  -0.3681948022
   1.9000000000  -0.3662082867
   1.9250000000  -0.3639838731
   1.9500000000  -0.3621500587
   1.9750000000  -0.3601077273
   2.0000000000  -0.3584800772
   2.0250000000  -0.3566657457
   2.0500000000  -0.3552826821
   2.0750000000  -0.3537274025
   2.1000000000  -0.3526128104
   2.1250000000  -0.3513335631
   2.1500000000  -0.3504978447
   2.1750000000  -0.3494988251
   2.2000000000  -0.3489403888
   2.2250000000  -0.3482146678
   2.2500000000  -0.3479217320
   2.2750000000  -0.3474531745
   2.3000000000  -0.3474057703
   2.3250000000  -0.3471710946
   2.3500000000  -0.3473431551
   2.3750000000  -0.3473140239
   2.4000000000  -0.3476754515
   2.4250000000  -0.3478204915
   2.4500000000  -0.3483391060
   2.4750000000  -0.3486257638
   2.5000000000  -0.3492690475
   2.5250000000  -0.3496652065
   2.5500000000  -0.3504017787
   2.5750000000  -0.3508770807
   2.6000000000  -0.3516778581
   2.6250000000  -0.3522046974
   2.6500000000  -0.3530437200
   2.6750000000  -0.3535979010
   2.7000000000  -0.3544528256
   2.7250000000  -0.3550139001
   2.7500000000  -0.3558661893
   2.7750000000  -0.3564175081
   2.8000000000  -0.3572523589
   2.8250000000  -0.3577808915
   2.8500000000  -0.3585869609
   2.8750000000  -0.3590829439
   2.9000000000  -0.3598519370
   2.9250000000  -0.3603084179
   2.9500000000  -0.3610346028
   2.9750000000  -0.3614469410
   3.0000000000  -0.3621266502
   3.0250000000  -0.3624920306
   3.0500000000  -0.3631231964
   3.0750000000  -0.3634401961
   3.1000000000  -0.3640219562
   3.1250000000  -0.3642901931
   3.1500000000  -0.3648225846
   3.1750000000  -0.3650424587
   3.2000000000  -0.3655262069
   3.2250000000  -0.3656987343
   3.2500000000  -0.3661351284
   3.2750000000  -0.3662618545
   3.3000000000  -0.3666526935
   3.3250000000  -0.3667356662
   3.3500000000  -0.3670832530
   3.3750000000  -0.3671250315
   3.4000000000  -0.3674321905
   3.4250000000  -0.3674358657
   3.4500000000  -0.3677059610
   3.4750000000  -0.3676751665
   3.5000000000  -0.3679121008
   3.5250000000  -0.3678509967
   3.5500000000  -0.3680591779
   3.5750000000  -0.3679723982
   3.6000000000  -0.3681566659
   3.6250000000  -0.3680492240
   3.6500000000  -0.3682147355
   3.6750000000  -0.3680918909
   3.7000000000  -0.3682439699
   3.7250000000  -0.3681110627
   3.7500000000  -0.3682550222
   3.7750000000  -0.3681172864
   3.8000000000  -0.3682582360
   3.8250000000  -0.3681206049
   3.8500000000  -0.3682632579
   3.8750000000  -0.3681301765
   3.9000000000  -0.3682786707
   3.9250000000  -0.3681539278
   3.9500000000  -0.3683116723
   3.9750000000  -0.3681982652
   4.0000000000  -0.3683678253
   4.0250000000  -0.3682678659
   4.0500000000  -0.3684508921
   4.0750000000  -0.3683655607
   4.1000000000  -0.3685627674
   4.1250000000  -0.3684923165
   4.1500000000  -0.3687035108
   4.1750000000  -0.3686473176
   4.2000000000  -0.3688714744
   4.2250000000  -0.3688281369
   4.2500000000  -0.3690635146
   4.2750000000  -0.3690309853
   4.3000000000  -0.3692752734
   4.3250000000  -0.3692510182
   4.3500000000  -0.3695015066
   4.3750000000  -0.3694826807
   4.4000000000  -0.3697364380
   4.4250000000  -0.3697200645
   4.4500000000  -0.3699741154
   4.4750000000  -0.3699572583
   4.5000000000  -0.3702087479
   4.5250000000  -0.3701886664
   4.5500000000  -0.3704350040
   4.5750000000  -0.3704092825
   4.6000000000  -0.3706482560
   4.6250000000  -0.3706149028
   4.6500000000  -0.3708447604
   4.6750000000  -0.3708022722
   4.7000000000  -0.3710217693
   4.7250000000  -0.3709691599
   4.7500000000  -0.3711775712
   4.7750000000  -0.3711143678
   4.8000000000  -0.3713114677
   4.8250000000  -0.3712376771
   4.8500000000  -0.3714236936
   4.8750000000  -0.3713397443
   4.9000000000  -0.3715152911
   4.9250000000  -0.3714219583
   4.9500000000  -0.3715879533
   4.9750000000  -0.3714862719
   5.0000000000  -0.3716438481
