   0.0000000000  -0.1421818293
   0.0250000000  -0.1421783138
   0.0500000000  -0.1411311323
   0.0750000000  -0.1429080029
   0.1000000000  -0.1424642104
   0.1250000000  -0.1448371331
   0.1500000000  -0.1449925763
   0.1750000000  -0.1479531829
   0.2000000000  -0.1486956494
   0.2250000000  -0.1522282823
   0.2500000000  -0.1535392042
   0.2750000000  -0.1576229163
   0.3000000000  -0.1594795620
   0.3250000000  -0.1640903930
   0.3500000000  -0.1664681071
   0.3750000000  -0.1715811689
   0.4000000000  -0.1744551863
   0.4250000000  -0.1800460993
   0.4500000000  -0.1833925102
   0.4750000000  -0.1894378213
   0.5000000000  -0.1932333929
   0.5250000000  -0.1997097766
   0.5500000000  -0.2039305414
   0.5750000000  -0.2108128081
   0.6000000000  -0.2154315582
   0.6250000000  -0.2226897239
   0.6500000000  -0.2276727732
   0.6750000000  -0.2352686424
   0.7000000000  -0.2405723756
   0.7250000000  -0.2484562029
   0.7500000000  -0.2540240021
   0.7750000000  -0.2621318235
   0.8000000000  -0.2678919354
   0.8250000000  -0.2761440828
   0.8500000000  -0.2820088756
   0.8750000000  -0.2903100448
   0.9000000000  -0.2961769313
   0.9250000000  -0.3044179772
   0.9500000000  -0.3101720772
   0.9750000000  -0.3182335100
   1.0000000000  -0.3237519212
   1.0250000000  -0.3315088741
   1.0500000000  -0.3366662381
   1.0750000000  -0.3439945146
   1.1000000000  -0.3486694139
   1.1250000000  -0.3554520942
   1.1500000000  -0.3595337183
   1.1750000000  -0.3656677340
   1.2000000000  -0.3690622106
   1.2250000000  -0.3744642861
   1.2500000000  -0.3771000958
   1.2750000000  -0.3817115141
   1.3000000000  -0.3835435006
   1.3250000000  -0.3873332717
   1.3500000000  -0.3883449043
   1.3750000000  -0.3913110839
   1.4000000000  -0.3915148192
   1.4250000000  -0.3936839224
   1.4500000000  -0.3931197058
   1.4750000000  -0.3945443542
   1.5000000000  -0.3932764870
   1.5250000000  -0.3940315870
   1.5500000000  -0.3921443206
   1.5750000000  -0.3923221848
   1.6000000000  -0.3899144855
   1.6250000000  -0.3896193578
   1.6500000000  -0.3867993064
   1.6750000000  -0.3861417428
   1.7000000000  -0.3830209965
   1.7250000000  -0.3821124983
   1.7500000000  -0.3788011715
   1.7750000000  -0.3777493792
   1.8000000000  -0.3743516034
   1.8250000000  -0.3732562628
   1.8500000000  -0.3698665872
   1.8750000000  -0.3688164022
   1.9000000000  -0.3655171068
   1.9250000000  -0.3645875128
   1.9500000000  -0.3614468333
   1.9750000000  -0.3606986608
   2.0000000000  -0.3577698727
   2.0250000000  -0.3572488299
   2.0500000000  -0.3545701047
   2.0750000000  -0.3543069804
   2.1000000000  -0.3519019065
   2.1250000000  -0.3519133819
   2.1500000000  -0.3497920373
   2.1750000000  -0.3500819885
   2.2000000000  -0.3482424446
   2.2250000000  -0.3488036190
   2.2500000000  -0.3472337588
   2.2750000000  -0.3480497056
   2.3000000000  -0.3467292386
   2.3250000000  -0.3477763799
   2.3500000000  -0.3466789410
   2.3750000000  -0.3479286720
   2.4000000000  -0.3470238969
   2.4250000000  -0.3484446114
   2.4500000000  -0.3477000908
   2.4750000000  -0.3492590422
   2.5000000000  -0.3486420692
   2.5250000000  -0.3503069894
   2.5500000000  -0.3497860362
   2.5750000000  -0.3515264569
   2.6000000000  -0.3510723342
   2.6250000000  -0.3528605801
   2.6500000000  -0.3524472599
   2.6750000000  -0.3542591025
   2.7000000000  -0.3538642088
   2.7250000000  -0.3556791992
   2.7500000000  -0.3552841916
   2.7750000000  -0.3570857074
   2.8000000000  -0.3566758043
   2.8250000000  -0.3584508632
   2.8500000000  -0.3580147619
   2.8750000000  -0.3597536647
   2.9000000000  -0.3592831237
   2.9250000000  -0.3609789925
   2.9500000000  -0.3604683417
   2.9750000000  -0.3621166162
   3.0000000000  -0.3615622531
   3.0250000000  -0.3631601994
   3.0500000000  -0.3625601211
   3.0750000000  -0.3641063957
   3.1000000000  -0.3634598008
   3.1250000000  -0.3649540957
   3.1500000000  -0.3642610766
   3.1750000000  -0.3657038587
   3.2000000000  -0.3649651883
   3.2250000000  -0.3663575326
   3.2500000000  -0.3655745389
   3.2750000000  -0.3669180407
   3.3000000000  -0.3660925527
   3.3250000000  -0.3673893002
   3.3500000000  -0.3665236420
   3.3750000000  -0.3677762263
   3.4000000000  -0.3668732347
   3.4250000000  -0.3680847703
   3.4500000000  -0.3671478143
   3.4750000000  -0.3683219507
   3.5000000000  -0.3673549310
   3.5250000000  -0.3684958382
   3.5500000000  -0.3675031551
   3.5750000000  -0.3686154716
   3.6000000000  -0.3676019526
   3.6250000000  -0.3686906925
   3.6500000000  -0.3676614794
   3.6750000000  -0.3687319001
   3.7000000000  -0.3676922990
   3.7250000000  -0.3687497371
   3.7500000000  -0.3677050422
   3.7750000000  -0.3687547273
   3.8000000000  -0.3677100297
   3.8250000000  -0.3687568914
   3.8500000000  -0.3677168866
   3.8750000000  -0.3687653673
   3.9000000000  -0.3677341767
   3.9250000000  -0.3687880641
   3.9500000000  -0.3677690826
   3.9750000000  -0.3688313755
   4.0000000000  -0.3678271561
   4.0250000000  -0.3688999698
   4.0500000000  -0.3679121532
   4.0750000000  -0.3689966740
   4.1000000000  -0.3680259672
   4.1250000000  -0.3691224555
   4.1500000000  -0.3681686597
   4.1750000000  -0.3692765022
   4.2000000000  -0.3683385882
   4.2250000000  -0.3694563941
   4.2500000000  -0.3685326169
   4.2750000000  -0.3696583500
   4.3000000000  -0.3687463965
   4.3250000000  -0.3698775343
   4.3500000000  -0.3689746912
   4.3750000000  -0.3701083998
   4.4000000000  -0.3692117320
   4.4250000000  -0.3703450449
   4.4500000000  -0.3694515718
   4.4750000000  -0.3705815613
   4.5000000000  -0.3696884215
   4.5250000000  -0.3708123537
   4.5500000000  -0.3699169478
   4.5750000000  -0.3710324120
   4.6000000000  -0.3701325174
   4.6250000000  -0.3712375247
   4.6500000000  -0.3703313772
   4.6750000000  -0.3714244251
   4.7000000000  -0.3705107661
   4.7250000000  -0.3715908678
   4.7500000000  -0.3706689562
   4.7750000000  -0.3717356370
   4.8000000000  -0.3708052308
   4.8250000000  -0.3718584946
   4.8500000000  -0.3709198046
   4.8750000000  -0.3719600770
   4.9000000000  -0.3710136997
   4.9250000000  -0.3720417528
   4.9500000000  -0.3710885893
   4.9750000000  -0.3721054560
   5.0000000000  -0.3711466236
