   0.0000000000  -0.1421818293
   0.0250000000   0.1497387547
   0.0500000000   0.1494757712
   0.0750000000   0.1452345695
   0.1000000000   0.1421602888
   0.1250000000   0.1351455960
   0.1500000000   0.1293796629
   0.1750000000   0.1197318590
   0.2000000000   0.1114606418
   0.2250000000   0.0993839264
   0.2500000000   0.0888511200
   0.2750000000   0.0746030831
   0.3000000000   0.0620975628
   0.3250000000   0.0459762998
   0.3500000000   0.0318180803
   0.3750000000   0.0141477796
   0.4000000000  -0.0013269009
   0.4250000000  -0.0202108259
   0.4500000000  -0.0366641802
   0.4750000000  -0.0564292836
   0.5000000000  -0.0735352933
   0.5250000000  -0.0938645220
   0.5500000000  -0.1113198869
   0.5750000000  -0.1319213062
   0.6000000000  -0.1494532406
   0.6250000000  -0.1700663992
   0.6500000000  -0.1874368160
   0.6750000000  -0.2078354546
   0.7000000000  -0.2248414811
   0.7250000000  -0.2448327140
   0.7500000000  -0.2613039148
   0.7750000000  -0.2807244362
   0.8000000000  -0.2965175166
   0.8250000000  -0.3152277477
   0.8500000000  -0.3302198123
   0.8750000000  -0.3480971468
   0.9000000000  -0.3621787439
   0.9250000000  -0.3791111217
   0.9500000000  -0.3921802752
   0.9750000000  -0.4080612047
   1.0000000000  -0.4200194248
   1.0250000000  -0.4347452926
   1.0500000000  -0.4454962004
   1.0750000000  -0.4589662976
   1.1000000000  -0.4684170461
   1.1250000000  -0.4805362834
   1.1500000000  -0.4886015004
   1.1750000000  -0.4992853429
   1.2000000000  -0.5058929211
   1.2250000000  -0.5150737349
   1.2500000000  -0.5201715253
   1.2750000000  -0.5278053269
   1.3000000000  -0.5313676829
   1.3250000000  -0.5374402531
   1.3500000000  -0.5394734273
   1.3750000000  -0.5440048757
   1.4000000000  -0.5445504701
   1.4250000000  -0.5475975828
   1.4500000000  -0.5467335471
   1.4750000000  -0.5483895673
   1.5000000000  -0.5462285769
   1.5250000000  -0.5466204046
   1.5500000000  -0.5433057736
   1.5750000000  -0.5425888704
   1.6000000000  -0.5382884260
   1.6250000000  -0.5366399425
   1.6500000000  -0.5315384706
   1.6750000000  -0.5291492570
   1.7000000000  -0.5234402205
   1.7250000000  -0.5205064254
   1.7500000000  -0.5143836536
   1.7750000000  -0.5110985778
   1.8000000000  -0.5047485489
   1.8250000000  -0.5012953205
   1.8500000000  -0.4948905262
   1.8750000000  -0.4914360132
   1.9000000000  -0.4851297366
   1.9250000000  -0.4818199533
   1.9500000000  -0.4757426241
   1.9750000000  -0.4726997273
   2.0000000000  -0.4669568662
   2.0250000000  -0.4642776954
   2.0500000000  -0.4589493338
   2.0750000000  -0.4567053395
   2.1000000000  -0.4518467070
   2.1250000000  -0.4500850375
   2.1500000000  -0.4457282546
   2.1750000000  -0.4444737266
   2.2000000000  -0.4406302164
   2.2250000000  -0.4398878906
   2.2500000000  -0.4365512319
   2.2750000000  -0.4363093280
   2.3000000000  -0.4334583004
   2.3250000000  -0.4336912260
   2.3500000000  -0.4312928454
   2.3750000000  -0.4319641580
   2.4000000000  -0.4299765494
   2.4250000000  -0.4310417248
   2.4500000000  -0.4294167366
   2.4750000000  -0.4308256662
   2.5000000000  -0.4295111744
   2.5250000000  -0.4312103567
   2.5500000000  -0.4301522472
   2.5750000000  -0.4320866727
   2.6000000000  -0.4312305180
   2.6250000000  -0.4333452682
   2.6500000000  -0.4326377300
   2.6750000000  -0.4348793223
   2.7000000000  -0.4342693188
   2.7250000000  -0.4365868339
   2.7500000000  -0.4360265082
   2.7750000000  -0.4383725317
   2.8000000000  -0.4378180528
   2.8250000000  -0.4401494565
   2.8500000000  -0.4395616751
   2.8750000000  -0.4418402552
   2.9000000000  -0.4411852280
   2.9250000000  -0.4433782102
   2.9500000000  -0.4426275991
   2.9750000000  -0.4447080138
   3.0000000000  -0.4438393605
   3.0250000000  -0.4457862874
   3.0500000000  -0.4447831606
   3.0750000000  -0.4465818396
   3.1000000000  -0.4454338516
   3.1250000000  -0.4470756568
   3.1500000000  -0.4457783457
   3.1750000000  -0.4472606202
   3.2000000000  -0.4458151967
   3.2250000000  -0.4471409487
   3.2500000000  -0.4455539090
   3.2750000000  -0.4467313730
   3.3000000000  -0.4450139856
   3.3250000000  -0.4460560570
   3.3500000000  -0.4442237324
   3.3750000000  -0.4451472899
   3.4000000000  -0.4432188517
   3.4250000000  -0.4440439853
   3.4500000000  -0.4420408637
   3.4750000000  -0.4427900335
   3.5000000000  -0.4407354076
   3.5250000000  -0.4414325611
   3.5500000000  -0.4393504812
   3.5750000000  -0.4400201613
   3.6000000000  -0.4379346819
   3.6250000000  -0.4386011589
   3.6500000000  -0.4365355161
   3.6750000000  -0.4372219745
   3.7000000000  -0.4351978378
   3.7250000000  -0.4359256491
   3.7500000000  -0.4339624730
   3.7750000000  -0.4347505785
   3.8000000000  -0.4328650764
   3.8250000000  -0.4337294974
   3.8500000000  -0.4319352498
   3.8750000000  -0.4328887387
   3.9000000000  -0.4311959430
   3.9250000000  -0.4322477763
   3.9500000000  -0.4306631376
   3.9750000000  -0.4318190498
   4.0000000000  -0.4303458031
   4.0250000000  -0.4316080498
   4.0500000000  -0.4302461032
   4.0750000000  -0.4316136397
   4.1000000000  -0.4303598187
   4.1250000000  -0.4318285754
   4.1500000000  -0.4306769500
   4.1750000000  -0.4322401838
   4.2000000000  -0.4311824576
   4.2250000000  -0.4328311594
   4.2500000000  -0.4318570990
   4.2750000000  -0.4335804364
   4.3000000000  -0.4326783237
   4.3250000000  -0.4344641006
   4.3500000000  -0.4336211894
   4.3750000000  -0.4354563068
   4.4000000000  -0.4346592710
   4.4250000000  -0.4365301740
   4.4500000000  -0.4357655330
   4.4750000000  -0.4376586346
   4.5000000000  -0.4369131490
   4.5250000000  -0.4388152190
   4.5500000000  -0.4380762480
   4.5750000000  -0.4399747634
   4.6000000000  -0.4392305776
   4.6250000000  -0.4411140268
   4.6500000000  -0.4403540754
   4.6750000000  -0.4422122134
   4.7000000000  -0.4414273394
   4.7250000000  -0.4432513919
   4.7500000000  -0.4424339968
   4.7750000000  -0.4442168112
   4.8000000000  -0.4433609665
   4.8250000000  -0.4450971087
   4.8500000000  -0.4441986155
   4.8750000000  -0.4458844139
   4.9000000000  -0.4449408106
   4.9250000000  -0.4465743481
   4.9500000000  -0.4455848690
   4.9750000000  -0.4471659248
   5.0000000000  -0.4461314124
