   0.0000000000  -0.1421818293
   0.0250000000   0.0038830835
   0.0500000000   0.0038990471
   0.0750000000   0.0025334812
   0.1000000000   0.0016931507
   0.1250000000  -0.0005174901
   0.1500000000  -0.0021904336
   0.1750000000  -0.0052163584
   0.2000000000  -0.0076846084
   0.2250000000  -0.0114830307
   0.2500000000  -0.0146971774
   0.2750000000  -0.0192140406
   0.3000000000  -0.0231145130
   0.3250000000  -0.0282865706
   0.3500000000  -0.0328058513
   0.3750000000  -0.0385629429
   0.4000000000  -0.0436278901
   0.4250000000  -0.0498952435
   0.4500000000  -0.0554293462
   0.4750000000  -0.0621297338
   0.5000000000  -0.0680551376
   0.5250000000  -0.0751107362
   0.5500000000  -0.0813499014
   0.5750000000  -0.0886837347
   0.6000000000  -0.0951606312
   0.6250000000  -0.1026975232
   0.6500000000  -0.1093383169
   0.6750000000  -0.1170053399
   0.7000000000  -0.1237385864
   0.7250000000  -0.1314650477
   0.7500000000  -0.1382214658
   0.7750000000  -0.1459385337
   0.8000000000  -0.1526504881
   0.8250000000  -0.1602906038
   0.8500000000  -0.1668914578
   0.8750000000  -0.1743877088
   0.9000000000  -0.1808112319
   0.9250000000  -0.1880968681
   0.9500000000  -0.1942768729
   0.9750000000  -0.2012851283
   1.0000000000  -0.2071554817
   1.0250000000  -0.2138198246
   1.0500000000  -0.2193149277
   1.0750000000  -0.2255698001
   1.1000000000  -0.2306255647
   1.1250000000  -0.2364076052
   1.1500000000  -0.2409628841
   1.1750000000  -0.2462125565
   1.2000000000  -0.2502109185
   1.2250000000  -0.2548744108
   1.2500000000  -0.2582661011
   1.2750000000  -0.2622973152
   1.3000000000  -0.2650412096
   1.3250000000  -0.2684036469
   1.3500000000  -0.2704690049
   1.3750000000  -0.2731373583
   1.4000000000  -0.2745052005
   1.4250000000  -0.2764664961
   1.4500000000  -0.2771304711
   1.4750000000  -0.2783846519
   1.5000000000  -0.2783513150
   1.5250000000  -0.2789112182
   1.5500000000  -0.2781997043
   1.5750000000  -0.2780904453
   1.6000000000  -0.2767315795
   1.6250000000  -0.2759894105
   1.6500000000  -0.2740243465
   1.6750000000  -0.2726951013
   1.7000000000  -0.2701736150
   1.7250000000  -0.2683108754
   1.7500000000  -0.2652894553
   1.7750000000  -0.2629525855
   1.8000000000  -0.2594924631
   1.8250000000  -0.2567446469
   1.8500000000  -0.2529098934
   1.8750000000  -0.2498162911
   1.9000000000  -0.2456720808
   1.9250000000  -0.2422981897
   1.9500000000  -0.2379092969
   1.9750000000  -0.2343195655
   2.0000000000  -0.2297491283
   2.0250000000  -0.2260058428
   2.0500000000  -0.2213143945
   2.0750000000  -0.2174768240
   2.1000000000  -0.2127215689
   2.1250000000  -0.2088453386
   2.1500000000  -0.2040796303
   2.1750000000  -0.2002162753
   2.2000000000  -0.1954892503
   2.2250000000  -0.1916859020
   2.2500000000  -0.1870422192
   2.2750000000  -0.1833413786
   2.3000000000  -0.1788210248
   2.3250000000  -0.1752603880
   2.3500000000  -0.1708985206
   2.3750000000  -0.1675108347
   2.4000000000  -0.1633376470
   2.4250000000  -0.1601505891
   2.4500000000  -0.1561911990
   2.4750000000  -0.1532272840
   2.5000000000  -0.1495016566
   2.5250000000  -0.1467781891
   2.5500000000  -0.1433011129
   2.5750000000  -0.1408302046
   2.6000000000  -0.1376113426
   2.6250000000  -0.1354000158
   2.6500000000  -0.1324440520
   2.6750000000  -0.1304944467
   2.7000000000  -0.1278013424
   2.7250000000  -0.1261110369
   2.7500000000  -0.1236764014
   2.7750000000  -0.1222388456
   2.8000000000  -0.1200544168
   2.8250000000  -0.1188594690
   2.8500000000  -0.1169136871
   2.8750000000  -0.1159482321
   2.9000000000  -0.1142268836
   2.9250000000  -0.1134755048
   2.9500000000  -0.1119624044
   2.9750000000  -0.1114080772
   3.0000000000  -0.1100857538
   3.0250000000  -0.1097105246
   3.0500000000  -0.1085608789
   3.0750000000  -0.1083464989
   3.1000000000  -0.1073514004
   3.1250000000  -0.1072798859
   3.1500000000  -0.1064216876
   3.1750000000  -0.1064757864
   3.2000000000  -0.1057377399
   3.2250000000  -0.1059012943
   3.2500000000  -0.1052678589
   3.2750000000  -0.1055260598
   3.3000000000  -0.1049831074
   3.3250000000  -0.1053226483
   3.3500000000  -0.1048575722
   3.3750000000  -0.1052667123
   3.4000000000  -0.1048684560
   3.4250000000  -0.1053370103
   3.4500000000  -0.1049960326
   3.4750000000  -0.1055153089
   3.5000000000  -0.1052235047
   3.5250000000  -0.1057862040
   3.5500000000  -0.1055367987
   3.5750000000  -0.1061368972
   3.6000000000  -0.1059243298
   3.6250000000  -0.1065569554
   3.6500000000  -0.1063767603
   3.6750000000  -0.1070380723
   3.7000000000  -0.1068867669
   3.7250000000  -0.1075738436
   3.7500000000  -0.1074488245
   3.7750000000  -0.1081595592
   3.8000000000  -0.1080590049
   3.8250000000  -0.1087920089
   3.8500000000  -0.1087147867
   3.8750000000  -0.1094692942
   3.9000000000  -0.1094148668
   3.9250000000  -0.1101906387
   3.9500000000  -0.1101589663
   3.9750000000  -0.1109561892
   4.0000000000  -0.1109476250
   4.0250000000  -0.1117668039
   4.0500000000  -0.1117819830
   4.0750000000  -0.1126238283
   4.1000000000  -0.1126635515
   4.1250000000  -0.1135288634
   4.1500000000  -0.1135939799
   4.1750000000  -0.1144835361
   4.2000000000  -0.1145748312
   4.2250000000  -0.1154892819
   4.2500000000  -0.1156073763
   4.2750000000  -0.1165471546
   4.3000000000  -0.1166924210
   4.3250000000  -0.1176576733
   4.3500000000  -0.1178301755
   4.3750000000  -0.1188207164
   4.4000000000  -0.1190201730
   4.4250000000  -0.1200354657
   4.4500000000  -0.1202612412
   4.4750000000  -0.1213004032
   4.5000000000  -0.1215515217
   4.5250000000  -0.1226133525
   4.5500000000  -0.1228885320
   4.5750000000  -0.1239715570
   4.6000000000  -0.1242692576
   4.6250000000  -0.1253717829
   4.6500000000  -0.1256902620
   4.6750000000  -0.1268104317
   4.7000000000  -0.1271477993
   4.7250000000  -0.1282836498
   4.7500000000  -0.1286379185
   4.7750000000  -0.1297874237
   4.8000000000  -0.1301565477
   4.8250000000  -0.1313176510
   4.8500000000  -0.1316995516
   4.8750000000  -0.1328701839
   4.9000000000  -0.1332627605
   4.9250000000  -0.1344408427
   4.9500000000  -0.1348419709
   4.9750000000  -0.1360254037
   5.0000000000  -0.1364329211
