   0.0000000000  -0.1421818705
   0.0250000000   0.0038611045
   0.0500000000   0.0033381308
   0.0750000000   0.0025130072
   0.1000000000   0.0011358929
   0.1250000000  -0.0005337454
   0.1500000000  -0.0027418701
   0.1750000000  -0.0052257957
   0.2000000000  -0.0082281643
   0.2250000000  -0.0114832247
   0.2500000000  -0.0152309451
   0.2750000000  -0.0192027949
   0.3000000000  -0.0236367783
   0.3250000000  -0.0282619677
   0.3500000000  -0.0333151316
   0.3750000000  -0.0385233871
   0.4000000000  -0.0441229681
   0.4250000000  -0.0498394961
   0.4500000000  -0.0559092981
   0.4750000000  -0.0620569392
   0.5000000000  -0.0685193547
   0.5250000000  -0.0750204368
   0.5500000000  -0.0817981035
   0.5750000000  -0.0885758761
   0.6000000000  -0.0955928713
   0.6250000000  -0.1025724466
   0.6500000000  -0.1097549757
   0.6750000000  -0.1168637642
   0.7000000000  -0.1241403565
   0.7250000000  -0.1313080391
   0.7500000000  -0.1386093269
   0.7750000000  -0.1457674667
   0.8000000000  -0.1530256712
   0.8250000000  -0.1601071119
   0.8500000000  -0.1672554028
   0.8750000000  -0.1741936297
   0.9000000000  -0.1811655376
   0.9250000000  -0.1878941834
   0.9500000000  -0.1946232435
   0.9750000000  -0.2010759013
   1.0000000000  -0.2074956713
   1.0250000000  -0.2136061379
   1.0500000000  -0.2196506849
   1.0750000000  -0.2253536961
   1.1000000000  -0.2309585808
   1.1250000000  -0.2361910307
   1.1500000000  -0.2412947461
   1.1750000000  -0.2459973148
   1.2000000000  -0.2505430696
   1.2250000000  -0.2546621205
   1.2500000000  -0.2585998087
   1.2750000000  -0.2620893790
   1.3000000000  -0.2653775429
   1.3250000000  -0.2682012290
   1.3500000000  -0.2708088218
   1.3750000000  -0.2729413715
   1.4000000000  -0.2748491426
   1.4250000000  -0.2762775985
   1.4500000000  -0.2774789677
   1.4750000000  -0.2782032516
   1.5000000000  -0.2787045938
   1.5250000000  -0.2787374853
   1.5500000000  -0.2785578074
   1.5750000000  -0.2779243301
   1.6000000000  -0.2770943838
   1.6250000000  -0.2758306668
   1.6500000000  -0.2743915866
   1.6750000000  -0.2725433128
   1.7000000000  -0.2705449072
   1.7250000000  -0.2681654841
   1.7500000000  -0.2656643216
   1.7750000000  -0.2628129206
   1.8000000000  -0.2598703535
   1.8250000000  -0.2566099536
   1.8500000000  -0.2532902073
   1.8750000000  -0.2496857580
   1.9000000000  -0.2460541855
   1.9250000000  -0.2421709735
   1.9500000000  -0.2382925435
   1.9750000000  -0.2341948139
   2.0000000000  -0.2301328655
   2.0250000000  -0.2258827141
   2.0500000000  -0.2216979797
   2.0750000000  -0.2173545040
   2.1000000000  -0.2131043772
   2.1250000000  -0.2087230539
   2.1500000000  -0.2044610622
   2.1750000000  -0.2000933046
   2.2000000000  -0.1958687373
   2.2250000000  -0.1915615844
   2.2500000000  -0.1874192290
   2.2750000000  -0.1832151199
   2.3000000000  -0.1791950654
   2.3250000000  -0.1751316645
   2.3500000000  -0.1712691434
   2.3750000000  -0.1673791959
   2.4000000000  -0.1637044501
   2.4250000000  -0.1600156586
   2.4500000000  -0.1565538296
   2.4750000000  -0.1530887589
   2.5000000000  -0.1498598131
   2.5250000000  -0.1466358393
   2.5500000000  -0.1436545466
   2.5750000000  -0.1406838699
   2.6000000000  -0.1379598586
   2.6250000000  -0.1352496030
   2.6500000000  -0.1327875099
   2.6750000000  -0.1303399257
   2.7000000000  -0.1281396556
   2.7250000000  -0.1259524356
   2.7500000000  -0.1240095361
   2.7750000000  -0.1220762452
   2.8000000000  -0.1203823900
   2.8250000000  -0.1186929972
   2.8500000000  -0.1172365638
   2.8750000000  -0.1157780571
   2.9000000000  -0.1145447731
   2.9250000000  -0.1133018281
   2.9500000000  -0.1122754558
   2.9750000000  -0.1112311262
   3.0000000000  -0.1103941509
   3.0250000000  -0.1095305458
   3.0500000000  -0.1088648348
   3.0750000000  -0.1081637503
   3.1000000000  -0.1076511518
   3.1250000000  -0.1070946305
   3.1500000000  -0.1067174887
   3.1750000000  -0.1062882863
   3.2000000000  -0.1060298567
   3.2250000000  -0.1057118049
   3.2500000000  -0.1055565639
   3.2750000000  -0.1053348259
   3.3000000000  -0.1052686744
   3.3250000000  -0.1051299005
   3.3500000000  -0.1051402722
   3.3750000000  -0.1050726650
   3.4000000000  -0.1051485532
   3.4250000000  -0.1051418608
   3.4500000000  -0.1052737817
   3.4750000000  -0.1053192374
   3.5000000000  -0.1054991485
   3.5250000000  -0.1055893744
   3.5500000000  -0.1058105669
   3.5750000000  -0.1059394593
   3.6000000000  -0.1061964385
   3.6250000000  -0.1063590470
   3.6500000000  -0.1066474114
   3.6750000000  -0.1068398220
   3.7000000000  -0.1071561490
   3.7250000000  -0.1073753735
   3.7500000000  -0.1077171132
   3.7750000000  -0.1079609881
   3.8000000000  -0.1083263642
   3.8250000000  -0.1085934543
   3.8500000000  -0.1089813697
   3.8750000000  -0.1092708746
   3.9000000000  -0.1096808169
   3.9250000000  -0.1099924748
   3.9500000000  -0.1104244177
   3.9750000000  -0.1107584047
   4.0000000000  -0.1112127038
   4.0250000000  -0.1115695253
   4.0500000000  -0.1120468068
   4.0750000000  -0.1124271843
   4.1000000000  -0.1129282294
   4.1250000000  -0.1133329832
   4.1500000000  -0.1138586123
   4.1750000000  -0.1142885472
   4.2000000000  -0.1148395087
   4.2250000000  -0.1152953075
   4.2500000000  -0.1158721787
   4.2750000000  -0.1163543109
   4.3000000000  -0.1169574159
   4.3250000000  -0.1174660659
   4.3500000000  -0.1180954170
   4.3750000000  -0.1186304371
   4.4000000000  -0.1192857005
   4.4250000000  -0.1198465898
   4.4500000000  -0.1205270779
   4.4750000000  -0.1211129864
   4.5000000000  -0.1218176737
   4.5250000000  -0.1224274284
   4.5500000000  -0.1231549877
   4.5750000000  -0.1237871360
   4.6000000000  -0.1245359876
   4.6250000000  -0.1251888505
   4.6500000000  -0.1259572187
   4.6750000000  -0.1266289485
   4.7000000000  -0.1274149182
   4.7250000000  -0.1281035522
   4.7500000000  -0.1289051192
   4.7750000000  -0.1296086248
   4.8000000000  -0.1304237351
   4.8250000000  -0.1311400430
   4.8500000000  -0.1319666186
   4.8750000000  -0.1326936408
   4.9000000000  -0.1335295903
   4.9250000000  -0.1342652240
   4.9500000000  -0.1351084395
   4.9750000000  -0.1358505582
   5.0000000000  -0.1366989008
