   0.0000000000  -0.1421818705
   0.0250000000   0.2954881202
   0.0500000000   0.2918788562
   0.0750000000   0.2860541177
   0.1000000000   0.2766009098
   0.1250000000   0.2650809449
   0.1500000000   0.2501108132
   0.1750000000   0.2333333176
   0.2000000000   0.2133699157
   0.2250000000   0.1919528690
   0.2500000000   0.1676832442
   0.2750000000   0.1423856700
   0.3000000000   0.1146163887
   0.3250000000   0.0862900862
   0.3500000000   0.0558959898
   0.3750000000   0.0254321022
   0.4000000000  -0.0066979151
   0.4250000000  -0.0384226628
   0.4500000000  -0.0714377104
   0.4750000000  -0.1036098372
   0.5000000000  -0.1367417065
   0.5250000000  -0.1686499614
   0.5500000000  -0.2012459935
   0.5750000000  -0.2323067991
   0.6000000000  -0.2638480808
   0.6250000000  -0.2936156092
   0.6500000000  -0.3237197235
   0.6750000000  -0.3518809815
   0.7000000000  -0.3802907442
   0.7250000000  -0.4066481400
   0.7500000000  -0.4332096543
   0.7750000000  -0.4576551202
   0.8000000000  -0.4822897219
   0.8250000000  -0.5047752901
   0.8500000000  -0.5274503564
   0.8750000000  -0.5479600385
   0.9000000000  -0.5686631773
   0.9250000000  -0.5871901535
   0.9500000000  -0.6059101348
   0.9750000000  -0.6224418522
   1.0000000000  -0.6391580774
   1.0250000000  -0.6536701986
   1.0500000000  -0.6683508484
   1.0750000000  -0.6808094105
   1.1000000000  -0.6934169757
   1.1250000000  -0.7037868810
   1.1500000000  -0.7142887790
   1.1750000000  -0.7225460044
   1.2000000000  -0.7309275195
   1.2250000000  -0.7370722400
   1.2500000000  -0.7433490808
   1.2750000000  -0.7474171917
   1.3000000000  -0.7516454373
   1.3250000000  -0.7537165909
   1.3500000000  -0.7559985311
   1.3750000000  -0.7561996158
   1.4000000000  -0.7566848249
   1.4250000000  -0.7551886342
   1.4500000000  -0.7540703960
   1.4750000000  -0.7510899485
   1.5000000000  -0.7485977656
   1.5250000000  -0.7443772419
   1.5500000000  -0.7407665600
   1.5750000000  -0.7355701022
   1.6000000000  -0.7311105390
   1.6250000000  -0.7252102090
   1.6500000000  -0.7201735380
   1.6750000000  -0.7138375991
   1.7000000000  -0.7084865382
   1.7250000000  -0.7019689775
   1.7500000000  -0.6965475516
   1.7750000000  -0.6900794516
   1.8000000000  -0.6848053851
   1.8250000000  -0.6785884507
   1.8500000000  -0.6736477627
   1.8750000000  -0.6678500506
   1.9000000000  -0.6633937989
   1.9250000000  -0.6581475047
   1.9500000000  -0.6542904714
   1.9750000000  -0.6496915179
   2.0000000000  -0.6465125482
   2.0250000000  -0.6426216643
   2.0500000000  -0.6401653486
   2.0750000000  -0.6370103343
   2.1000000000  -0.6352897380
   2.1250000000  -0.6328686356
   2.1500000000  -0.6318688190
   2.1750000000  -0.6301537497
   2.2000000000  -0.6298358536
   2.2250000000  -0.6287773152
   2.2500000000  -0.6290830199
   2.2750000000  -0.6286144612
   2.3000000000  -0.6294706396
   2.3250000000  -0.6295131399
   2.3500000000  -0.6308365344
   2.3750000000  -0.6313034180
   2.4000000000  -0.6330051724
   2.4250000000  -0.6338063935
   2.4500000000  -0.6357962738
   2.4750000000  -0.6368424121
   2.5000000000  -0.6390325661
   2.5250000000  -0.6402382942
   2.5500000000  -0.6425464234
   2.5750000000  -0.6438333354
   2.6000000000  -0.6461851864
   2.6250000000  -0.6474839190
   2.6500000000  -0.6498150481
   2.6750000000  -0.6510666694
   2.7000000000  -0.6533234804
   2.7250000000  -0.6544801714
   2.7500000000  -0.6566202735
   2.7750000000  -0.6576453687
   2.8000000000  -0.6596373383
   2.8250000000  -0.6605048271
   2.8500000000  -0.6623274911
   2.8750000000  -0.6630211047
   2.9000000000  -0.6646624732
   2.9250000000  -0.6651744902
   2.9500000000  -0.6666304757
   2.9750000000  -0.6669603794
   3.0000000000  -0.6682334258
   3.0250000000  -0.6683865281
   3.0500000000  -0.6694842576
   3.0750000000  -0.6694703858
   3.1000000000  -0.6704043449
   3.1250000000  -0.6702366577
   3.1500000000  -0.6710212147
   3.1750000000  -0.6707151865
   3.2000000000  -0.6713666056
   3.2250000000  -0.6709391911
   3.2500000000  -0.6714748844
   3.2750000000  -0.6709438536
   3.3000000000  -0.6713817921
   3.3250000000  -0.6707652126
   3.3500000000  -0.6711234676
   3.3750000000  -0.6704392990
   3.4000000000  -0.6707356792
   3.4250000000  -0.6700014487
   3.4500000000  -0.6702532018
   3.4750000000  -0.6694857285
   3.5000000000  -0.6697092796
   3.5250000000  -0.6689244282
   3.5500000000  -0.6691351390
   3.5750000000  -0.6683475873
   3.6000000000  -0.6685595271
   3.6250000000  -0.6677825458
   3.6500000000  -0.6680082754
   3.6750000000  -0.6672535229
   3.7000000000  -0.6675038978
   3.7250000000  -0.6667812396
   3.7500000000  -0.6670652436
   3.7750000000  -0.6663826075
   3.8000000000  -0.6667072287
   3.8250000000  -0.6660705081
   3.8500000000  -0.6664406679
   3.8750000000  -0.6658536828
   3.9000000000  -0.6662722273
   3.9250000000  -0.6657367488
   3.9500000000  -0.6662045055
   3.9750000000  -0.6657203468
   4.0000000000  -0.6662362480
   4.0250000000  -0.6658014198
   4.0500000000  -0.6663626869
   4.0750000000  -0.6659736097
   4.1000000000  -0.6665759921
   4.1250000000  -0.6662277575
   4.1500000000  -0.6668658127
   4.1750000000  -0.6665524797
   4.2000000000  -0.6672198835
   4.2250000000  -0.6669347958
   4.2500000000  -0.6676246654
   4.2750000000  -0.6673607758
   4.3000000000  -0.6680659920
   4.3250000000  -0.6678161772
   4.3500000000  -0.6685296911
   4.3750000000  -0.6682870446
   4.4000000000  -0.6690021548
   4.4250000000  -0.6687602447
   4.4500000000  -0.6694708355
   4.4750000000  -0.6692239179
   4.5000000000  -0.6699246482
   4.5250000000  -0.6696678299
   4.5500000000  -0.6703542695
   4.5750000000  -0.6700836153
   4.6000000000  -0.6707523250
   4.6250000000  -0.6704649104
   4.6500000000  -0.6711134682
   4.6750000000  -0.6708073787
   4.7000000000  -0.6714343556
   4.7250000000  -0.6711086394
   4.7500000000  -0.6717135307
   4.7750000000  -0.6713681111
   4.8000000000  -0.6719512325
   4.8250000000  -0.6715867897
   4.8500000000  -0.6721491471
   4.8750000000  -0.6717669785
   4.9000000000  -0.6723101221
   4.9250000000  -0.6719119919
   4.9500000000  -0.6724378631
   4.9750000000  -0.6720258503
   5.0000000000  -0.6725366330
